%HEADER
Free vibration of a clamped plate using higher-order theories.
----------------------------------------------------------------------------
Expected natural frequencies (omega) in rad/s:
--------------------------------------------
| Mode |  TSDT  |  ESDT  |  SSDT  |  SHSDT |
|------------------------------------------|
|  1   | 27.219 | 27.218 | 27.218 | 27.217 |
|  2   | 55.516 | 55.514 | 55.515 | 55.500 |
|  3   | 55.516 | 55.514 | 55.515 | 55.500 |
|  4   | 81.848 | 81.845 | 81.846 | 81.817 |
--------------------------------------------

Normalized frequecies (wnorm):
wnorm = (12*omega^2*rho*a^4*(1 - nu^2)/(E*h^2))^(1/4)
------------------------------------------------------
| Mode |   [1]   |  TSDT  |  ESDT  |  SSDT  |  SHSDT |
|----------------------------------------------------|
|  1   |   5.999 |  5.998 |  5.998 |  5.998 |  5.998 | 
|  2   |   8.568 |  8.566 |  8.566 |  8.566 |  8.565 |   
|  3   |   8.568 |  8.566 |  8.566 |  8.566 |  8.565 |    
|  4   |  10.407 | 10.401 | 10.401 | 10.401 | 10.399 |    
------------------------------------------------------

Ref:
[1] F. Abbassian, D. Dawswell, N. Knowles, Free vibration benchmarks, 
    NAFEMS, 1987.
----------------------------------------------------------------------------

%HEADER.ANALYSIS.ALGORITHM
'ModalAnalysis'

%HEADER.ANALYSIS.TOLERANCE
1.0e-6

%HEADER.ANALYSIS.MAXIMUM.ITERATIONS
100

%HEADER.ANALYSIS.EIGEN.ALGORITHM
'SubspaceIteration'

%HEADER.ANALYSIS.EIGEN.NUMBER.MODES
4

%NODE
361

%NODE.COORD
361
1	0.000000000000000E+00	0.000000000000000E+00	0.000000000000000E+00
2	2.083333333333290E-01	0.000000000000000E+00	0.000000000000000E+00
3	6.250000000000000E-01	0.000000000000000E+00	0.000000000000000E+00
4	1.250000000000000E+00	0.000000000000000E+00	0.000000000000000E+00
5	1.875000000000000E+00	0.000000000000000E+00	0.000000000000000E+00
6	2.500000000000000E+00	0.000000000000000E+00	0.000000000000000E+00
7	3.125000000000000E+00	0.000000000000000E+00	0.000000000000000E+00
8	3.750000000000000E+00	0.000000000000000E+00	0.000000000000000E+00
9	4.375000000000000E+00	0.000000000000000E+00	0.000000000000000E+00
10	5.000000000000000E+00	0.000000000000000E+00	0.000000000000000E+00
11	5.625000000000000E+00	0.000000000000000E+00	0.000000000000000E+00
12	6.250000000000000E+00	0.000000000000000E+00	0.000000000000000E+00
13	6.875000000000000E+00	0.000000000000000E+00	0.000000000000000E+00
14	7.500000000000000E+00	0.000000000000000E+00	0.000000000000000E+00
15	8.125000000000000E+00	0.000000000000000E+00	0.000000000000000E+00
16	8.750000000000000E+00	0.000000000000000E+00	0.000000000000000E+00
17	9.375000000000000E+00	0.000000000000000E+00	0.000000000000000E+00
18	9.791666666666660E+00	0.000000000000000E+00	0.000000000000000E+00
19	1.000000000000000E+01	0.000000000000000E+00	0.000000000000000E+00
20	0.000000000000000E+00	2.083333333333290E-01	0.000000000000000E+00
21	2.083333333333290E-01	2.083333333333290E-01	0.000000000000000E+00
22	6.250000000000000E-01	2.083333333333290E-01	0.000000000000000E+00
23	1.250000000000000E+00	2.083333333333290E-01	0.000000000000000E+00
24	1.875000000000000E+00	2.083333333333290E-01	0.000000000000000E+00
25	2.500000000000000E+00	2.083333333333290E-01	0.000000000000000E+00
26	3.125000000000000E+00	2.083333333333290E-01	0.000000000000000E+00
27	3.750000000000000E+00	2.083333333333290E-01	0.000000000000000E+00
28	4.375000000000000E+00	2.083333333333290E-01	0.000000000000000E+00
29	5.000000000000000E+00	2.083333333333290E-01	0.000000000000000E+00
30	5.625000000000000E+00	2.083333333333290E-01	0.000000000000000E+00
31	6.250000000000000E+00	2.083333333333290E-01	0.000000000000000E+00
32	6.875000000000000E+00	2.083333333333290E-01	0.000000000000000E+00
33	7.500000000000000E+00	2.083333333333290E-01	0.000000000000000E+00
34	8.125000000000000E+00	2.083333333333290E-01	0.000000000000000E+00
35	8.750000000000000E+00	2.083333333333290E-01	0.000000000000000E+00
36	9.375000000000000E+00	2.083333333333290E-01	0.000000000000000E+00
37	9.791666666666660E+00	2.083333333333290E-01	0.000000000000000E+00
38	1.000000000000000E+01	2.083333333333290E-01	0.000000000000000E+00
39	0.000000000000000E+00	6.250000000000000E-01	0.000000000000000E+00
40	2.083333333333290E-01	6.250000000000000E-01	0.000000000000000E+00
41	6.250000000000000E-01	6.250000000000000E-01	0.000000000000000E+00
42	1.250000000000000E+00	6.250000000000000E-01	0.000000000000000E+00
43	1.875000000000000E+00	6.250000000000000E-01	0.000000000000000E+00
44	2.500000000000000E+00	6.250000000000000E-01	0.000000000000000E+00
45	3.125000000000000E+00	6.250000000000000E-01	0.000000000000000E+00
46	3.750000000000000E+00	6.250000000000000E-01	0.000000000000000E+00
47	4.375000000000000E+00	6.250000000000000E-01	0.000000000000000E+00
48	5.000000000000000E+00	6.250000000000000E-01	0.000000000000000E+00
49	5.625000000000000E+00	6.250000000000000E-01	0.000000000000000E+00
50	6.250000000000000E+00	6.250000000000000E-01	0.000000000000000E+00
51	6.875000000000000E+00	6.250000000000000E-01	0.000000000000000E+00
52	7.500000000000000E+00	6.250000000000000E-01	0.000000000000000E+00
53	8.125000000000000E+00	6.250000000000000E-01	0.000000000000000E+00
54	8.750000000000000E+00	6.250000000000000E-01	0.000000000000000E+00
55	9.375000000000000E+00	6.250000000000000E-01	0.000000000000000E+00
56	9.791666666666660E+00	6.250000000000000E-01	0.000000000000000E+00
57	1.000000000000000E+01	6.250000000000000E-01	0.000000000000000E+00
58	0.000000000000000E+00	1.250000000000000E+00	0.000000000000000E+00
59	2.083333333333290E-01	1.250000000000000E+00	0.000000000000000E+00
60	6.250000000000000E-01	1.250000000000000E+00	0.000000000000000E+00
61	1.250000000000000E+00	1.250000000000000E+00	0.000000000000000E+00
62	1.875000000000000E+00	1.250000000000000E+00	0.000000000000000E+00
63	2.500000000000000E+00	1.250000000000000E+00	0.000000000000000E+00
64	3.125000000000000E+00	1.250000000000000E+00	0.000000000000000E+00
65	3.750000000000000E+00	1.250000000000000E+00	0.000000000000000E+00
66	4.375000000000000E+00	1.250000000000000E+00	0.000000000000000E+00
67	5.000000000000000E+00	1.250000000000000E+00	0.000000000000000E+00
68	5.625000000000000E+00	1.250000000000000E+00	0.000000000000000E+00
69	6.250000000000000E+00	1.250000000000000E+00	0.000000000000000E+00
70	6.875000000000000E+00	1.250000000000000E+00	0.000000000000000E+00
71	7.500000000000000E+00	1.250000000000000E+00	0.000000000000000E+00
72	8.125000000000000E+00	1.250000000000000E+00	0.000000000000000E+00
73	8.750000000000000E+00	1.250000000000000E+00	0.000000000000000E+00
74	9.375000000000000E+00	1.250000000000000E+00	0.000000000000000E+00
75	9.791666666666660E+00	1.250000000000000E+00	0.000000000000000E+00
76	1.000000000000000E+01	1.250000000000000E+00	0.000000000000000E+00
77	0.000000000000000E+00	1.875000000000000E+00	0.000000000000000E+00
78	2.083333333333290E-01	1.875000000000000E+00	0.000000000000000E+00
79	6.250000000000000E-01	1.875000000000000E+00	0.000000000000000E+00
80	1.250000000000000E+00	1.875000000000000E+00	0.000000000000000E+00
81	1.875000000000000E+00	1.875000000000000E+00	0.000000000000000E+00
82	2.500000000000000E+00	1.875000000000000E+00	0.000000000000000E+00
83	3.125000000000000E+00	1.875000000000000E+00	0.000000000000000E+00
84	3.750000000000000E+00	1.875000000000000E+00	0.000000000000000E+00
85	4.375000000000000E+00	1.875000000000000E+00	0.000000000000000E+00
86	5.000000000000000E+00	1.875000000000000E+00	0.000000000000000E+00
87	5.625000000000000E+00	1.875000000000000E+00	0.000000000000000E+00
88	6.250000000000000E+00	1.875000000000000E+00	0.000000000000000E+00
89	6.875000000000000E+00	1.875000000000000E+00	0.000000000000000E+00
90	7.500000000000000E+00	1.875000000000000E+00	0.000000000000000E+00
91	8.125000000000000E+00	1.875000000000000E+00	0.000000000000000E+00
92	8.750000000000000E+00	1.875000000000000E+00	0.000000000000000E+00
93	9.375000000000000E+00	1.875000000000000E+00	0.000000000000000E+00
94	9.791666666666660E+00	1.875000000000000E+00	0.000000000000000E+00
95	1.000000000000000E+01	1.875000000000000E+00	0.000000000000000E+00
96	0.000000000000000E+00	2.500000000000000E+00	0.000000000000000E+00
97	2.083333333333290E-01	2.500000000000000E+00	0.000000000000000E+00
98	6.250000000000000E-01	2.500000000000000E+00	0.000000000000000E+00
99	1.250000000000000E+00	2.500000000000000E+00	0.000000000000000E+00
100	1.875000000000000E+00	2.500000000000000E+00	0.000000000000000E+00
101	2.500000000000000E+00	2.500000000000000E+00	0.000000000000000E+00
102	3.125000000000000E+00	2.500000000000000E+00	0.000000000000000E+00
103	3.750000000000000E+00	2.500000000000000E+00	0.000000000000000E+00
104	4.375000000000000E+00	2.500000000000000E+00	0.000000000000000E+00
105	5.000000000000000E+00	2.500000000000000E+00	0.000000000000000E+00
106	5.625000000000000E+00	2.500000000000000E+00	0.000000000000000E+00
107	6.250000000000000E+00	2.500000000000000E+00	0.000000000000000E+00
108	6.875000000000000E+00	2.500000000000000E+00	0.000000000000000E+00
109	7.500000000000000E+00	2.500000000000000E+00	0.000000000000000E+00
110	8.125000000000000E+00	2.500000000000000E+00	0.000000000000000E+00
111	8.750000000000000E+00	2.500000000000000E+00	0.000000000000000E+00
112	9.375000000000000E+00	2.500000000000000E+00	0.000000000000000E+00
113	9.791666666666660E+00	2.500000000000000E+00	0.000000000000000E+00
114	1.000000000000000E+01	2.500000000000000E+00	0.000000000000000E+00
115	0.000000000000000E+00	3.125000000000000E+00	0.000000000000000E+00
116	2.083333333333290E-01	3.125000000000000E+00	0.000000000000000E+00
117	6.250000000000000E-01	3.125000000000000E+00	0.000000000000000E+00
118	1.250000000000000E+00	3.125000000000000E+00	0.000000000000000E+00
119	1.875000000000000E+00	3.125000000000000E+00	0.000000000000000E+00
120	2.500000000000000E+00	3.125000000000000E+00	0.000000000000000E+00
121	3.125000000000000E+00	3.125000000000000E+00	0.000000000000000E+00
122	3.750000000000000E+00	3.125000000000000E+00	0.000000000000000E+00
123	4.375000000000000E+00	3.125000000000000E+00	0.000000000000000E+00
124	5.000000000000000E+00	3.125000000000000E+00	0.000000000000000E+00
125	5.625000000000000E+00	3.125000000000000E+00	0.000000000000000E+00
126	6.250000000000000E+00	3.125000000000000E+00	0.000000000000000E+00
127	6.875000000000000E+00	3.125000000000000E+00	0.000000000000000E+00
128	7.500000000000000E+00	3.125000000000000E+00	0.000000000000000E+00
129	8.125000000000000E+00	3.125000000000000E+00	0.000000000000000E+00
130	8.750000000000000E+00	3.125000000000000E+00	0.000000000000000E+00
131	9.375000000000000E+00	3.125000000000000E+00	0.000000000000000E+00
132	9.791666666666660E+00	3.125000000000000E+00	0.000000000000000E+00
133	1.000000000000000E+01	3.125000000000000E+00	0.000000000000000E+00
134	0.000000000000000E+00	3.750000000000000E+00	0.000000000000000E+00
135	2.083333333333290E-01	3.750000000000000E+00	0.000000000000000E+00
136	6.250000000000000E-01	3.750000000000000E+00	0.000000000000000E+00
137	1.250000000000000E+00	3.750000000000000E+00	0.000000000000000E+00
138	1.875000000000000E+00	3.750000000000000E+00	0.000000000000000E+00
139	2.500000000000000E+00	3.750000000000000E+00	0.000000000000000E+00
140	3.125000000000000E+00	3.750000000000000E+00	0.000000000000000E+00
141	3.750000000000000E+00	3.750000000000000E+00	0.000000000000000E+00
142	4.375000000000000E+00	3.750000000000000E+00	0.000000000000000E+00
143	5.000000000000000E+00	3.750000000000000E+00	0.000000000000000E+00
144	5.625000000000000E+00	3.750000000000000E+00	0.000000000000000E+00
145	6.250000000000000E+00	3.750000000000000E+00	0.000000000000000E+00
146	6.875000000000000E+00	3.750000000000000E+00	0.000000000000000E+00
147	7.500000000000000E+00	3.750000000000000E+00	0.000000000000000E+00
148	8.125000000000000E+00	3.750000000000000E+00	0.000000000000000E+00
149	8.750000000000000E+00	3.750000000000000E+00	0.000000000000000E+00
150	9.375000000000000E+00	3.750000000000000E+00	0.000000000000000E+00
151	9.791666666666660E+00	3.750000000000000E+00	0.000000000000000E+00
152	1.000000000000000E+01	3.750000000000000E+00	0.000000000000000E+00
153	0.000000000000000E+00	4.375000000000000E+00	0.000000000000000E+00
154	2.083333333333290E-01	4.375000000000000E+00	0.000000000000000E+00
155	6.250000000000000E-01	4.375000000000000E+00	0.000000000000000E+00
156	1.250000000000000E+00	4.375000000000000E+00	0.000000000000000E+00
157	1.875000000000000E+00	4.375000000000000E+00	0.000000000000000E+00
158	2.500000000000000E+00	4.375000000000000E+00	0.000000000000000E+00
159	3.125000000000000E+00	4.375000000000000E+00	0.000000000000000E+00
160	3.750000000000000E+00	4.375000000000000E+00	0.000000000000000E+00
161	4.375000000000000E+00	4.375000000000000E+00	0.000000000000000E+00
162	5.000000000000000E+00	4.375000000000000E+00	0.000000000000000E+00
163	5.625000000000000E+00	4.375000000000000E+00	0.000000000000000E+00
164	6.250000000000000E+00	4.375000000000000E+00	0.000000000000000E+00
165	6.875000000000000E+00	4.375000000000000E+00	0.000000000000000E+00
166	7.500000000000000E+00	4.375000000000000E+00	0.000000000000000E+00
167	8.125000000000000E+00	4.375000000000000E+00	0.000000000000000E+00
168	8.750000000000000E+00	4.375000000000000E+00	0.000000000000000E+00
169	9.375000000000000E+00	4.375000000000000E+00	0.000000000000000E+00
170	9.791666666666660E+00	4.375000000000000E+00	0.000000000000000E+00
171	1.000000000000000E+01	4.375000000000000E+00	0.000000000000000E+00
172	0.000000000000000E+00	5.000000000000000E+00	0.000000000000000E+00
173	2.083333333333290E-01	5.000000000000000E+00	0.000000000000000E+00
174	6.250000000000000E-01	5.000000000000000E+00	0.000000000000000E+00
175	1.250000000000000E+00	5.000000000000000E+00	0.000000000000000E+00
176	1.875000000000000E+00	5.000000000000000E+00	0.000000000000000E+00
177	2.500000000000000E+00	5.000000000000000E+00	0.000000000000000E+00
178	3.125000000000000E+00	5.000000000000000E+00	0.000000000000000E+00
179	3.750000000000000E+00	5.000000000000000E+00	0.000000000000000E+00
180	4.375000000000000E+00	5.000000000000000E+00	0.000000000000000E+00
181	5.000000000000000E+00	5.000000000000000E+00	0.000000000000000E+00
182	5.625000000000000E+00	5.000000000000000E+00	0.000000000000000E+00
183	6.250000000000000E+00	5.000000000000000E+00	0.000000000000000E+00
184	6.875000000000000E+00	5.000000000000000E+00	0.000000000000000E+00
185	7.500000000000000E+00	5.000000000000000E+00	0.000000000000000E+00
186	8.125000000000000E+00	5.000000000000000E+00	0.000000000000000E+00
187	8.750000000000000E+00	5.000000000000000E+00	0.000000000000000E+00
188	9.375000000000000E+00	5.000000000000000E+00	0.000000000000000E+00
189	9.791666666666660E+00	5.000000000000000E+00	0.000000000000000E+00
190	1.000000000000000E+01	5.000000000000000E+00	0.000000000000000E+00
191	0.000000000000000E+00	5.625000000000000E+00	0.000000000000000E+00
192	2.083333333333290E-01	5.625000000000000E+00	0.000000000000000E+00
193	6.250000000000000E-01	5.625000000000000E+00	0.000000000000000E+00
194	1.250000000000000E+00	5.625000000000000E+00	0.000000000000000E+00
195	1.875000000000000E+00	5.625000000000000E+00	0.000000000000000E+00
196	2.500000000000000E+00	5.625000000000000E+00	0.000000000000000E+00
197	3.125000000000000E+00	5.625000000000000E+00	0.000000000000000E+00
198	3.750000000000000E+00	5.625000000000000E+00	0.000000000000000E+00
199	4.375000000000000E+00	5.625000000000000E+00	0.000000000000000E+00
200	5.000000000000000E+00	5.625000000000000E+00	0.000000000000000E+00
201	5.625000000000000E+00	5.625000000000000E+00	0.000000000000000E+00
202	6.250000000000000E+00	5.625000000000000E+00	0.000000000000000E+00
203	6.875000000000000E+00	5.625000000000000E+00	0.000000000000000E+00
204	7.500000000000000E+00	5.625000000000000E+00	0.000000000000000E+00
205	8.125000000000000E+00	5.625000000000000E+00	0.000000000000000E+00
206	8.750000000000000E+00	5.625000000000000E+00	0.000000000000000E+00
207	9.375000000000000E+00	5.625000000000000E+00	0.000000000000000E+00
208	9.791666666666660E+00	5.625000000000000E+00	0.000000000000000E+00
209	1.000000000000000E+01	5.625000000000000E+00	0.000000000000000E+00
210	0.000000000000000E+00	6.250000000000000E+00	0.000000000000000E+00
211	2.083333333333290E-01	6.250000000000000E+00	0.000000000000000E+00
212	6.250000000000000E-01	6.250000000000000E+00	0.000000000000000E+00
213	1.250000000000000E+00	6.250000000000000E+00	0.000000000000000E+00
214	1.875000000000000E+00	6.250000000000000E+00	0.000000000000000E+00
215	2.500000000000000E+00	6.250000000000000E+00	0.000000000000000E+00
216	3.125000000000000E+00	6.250000000000000E+00	0.000000000000000E+00
217	3.750000000000000E+00	6.250000000000000E+00	0.000000000000000E+00
218	4.375000000000000E+00	6.250000000000000E+00	0.000000000000000E+00
219	5.000000000000000E+00	6.250000000000000E+00	0.000000000000000E+00
220	5.625000000000000E+00	6.250000000000000E+00	0.000000000000000E+00
221	6.250000000000000E+00	6.250000000000000E+00	0.000000000000000E+00
222	6.875000000000000E+00	6.250000000000000E+00	0.000000000000000E+00
223	7.500000000000000E+00	6.250000000000000E+00	0.000000000000000E+00
224	8.125000000000000E+00	6.250000000000000E+00	0.000000000000000E+00
225	8.750000000000000E+00	6.250000000000000E+00	0.000000000000000E+00
226	9.375000000000000E+00	6.250000000000000E+00	0.000000000000000E+00
227	9.791666666666660E+00	6.250000000000000E+00	0.000000000000000E+00
228	1.000000000000000E+01	6.250000000000000E+00	0.000000000000000E+00
229	0.000000000000000E+00	6.875000000000000E+00	0.000000000000000E+00
230	2.083333333333290E-01	6.875000000000000E+00	0.000000000000000E+00
231	6.250000000000000E-01	6.875000000000000E+00	0.000000000000000E+00
232	1.250000000000000E+00	6.875000000000000E+00	0.000000000000000E+00
233	1.875000000000000E+00	6.875000000000000E+00	0.000000000000000E+00
234	2.500000000000000E+00	6.875000000000000E+00	0.000000000000000E+00
235	3.125000000000000E+00	6.875000000000000E+00	0.000000000000000E+00
236	3.750000000000000E+00	6.875000000000000E+00	0.000000000000000E+00
237	4.375000000000000E+00	6.875000000000000E+00	0.000000000000000E+00
238	5.000000000000000E+00	6.875000000000000E+00	0.000000000000000E+00
239	5.625000000000000E+00	6.875000000000000E+00	0.000000000000000E+00
240	6.250000000000000E+00	6.875000000000000E+00	0.000000000000000E+00
241	6.875000000000000E+00	6.875000000000000E+00	0.000000000000000E+00
242	7.500000000000000E+00	6.875000000000000E+00	0.000000000000000E+00
243	8.125000000000000E+00	6.875000000000000E+00	0.000000000000000E+00
244	8.750000000000000E+00	6.875000000000000E+00	0.000000000000000E+00
245	9.375000000000000E+00	6.875000000000000E+00	0.000000000000000E+00
246	9.791666666666660E+00	6.875000000000000E+00	0.000000000000000E+00
247	1.000000000000000E+01	6.875000000000000E+00	0.000000000000000E+00
248	0.000000000000000E+00	7.500000000000000E+00	0.000000000000000E+00
249	2.083333333333290E-01	7.500000000000000E+00	0.000000000000000E+00
250	6.250000000000000E-01	7.500000000000000E+00	0.000000000000000E+00
251	1.250000000000000E+00	7.500000000000000E+00	0.000000000000000E+00
252	1.875000000000000E+00	7.500000000000000E+00	0.000000000000000E+00
253	2.500000000000000E+00	7.500000000000000E+00	0.000000000000000E+00
254	3.125000000000000E+00	7.500000000000000E+00	0.000000000000000E+00
255	3.750000000000000E+00	7.500000000000000E+00	0.000000000000000E+00
256	4.375000000000000E+00	7.500000000000000E+00	0.000000000000000E+00
257	5.000000000000000E+00	7.500000000000000E+00	0.000000000000000E+00
258	5.625000000000000E+00	7.500000000000000E+00	0.000000000000000E+00
259	6.250000000000000E+00	7.500000000000000E+00	0.000000000000000E+00
260	6.875000000000000E+00	7.500000000000000E+00	0.000000000000000E+00
261	7.500000000000000E+00	7.500000000000000E+00	0.000000000000000E+00
262	8.125000000000000E+00	7.500000000000000E+00	0.000000000000000E+00
263	8.750000000000000E+00	7.500000000000000E+00	0.000000000000000E+00
264	9.375000000000000E+00	7.500000000000000E+00	0.000000000000000E+00
265	9.791666666666660E+00	7.500000000000000E+00	0.000000000000000E+00
266	1.000000000000000E+01	7.500000000000000E+00	0.000000000000000E+00
267	0.000000000000000E+00	8.125000000000000E+00	0.000000000000000E+00
268	2.083333333333290E-01	8.125000000000000E+00	0.000000000000000E+00
269	6.250000000000000E-01	8.125000000000000E+00	0.000000000000000E+00
270	1.250000000000000E+00	8.125000000000000E+00	0.000000000000000E+00
271	1.875000000000000E+00	8.125000000000000E+00	0.000000000000000E+00
272	2.500000000000000E+00	8.125000000000000E+00	0.000000000000000E+00
273	3.125000000000000E+00	8.125000000000000E+00	0.000000000000000E+00
274	3.750000000000000E+00	8.125000000000000E+00	0.000000000000000E+00
275	4.375000000000000E+00	8.125000000000000E+00	0.000000000000000E+00
276	5.000000000000000E+00	8.125000000000000E+00	0.000000000000000E+00
277	5.625000000000000E+00	8.125000000000000E+00	0.000000000000000E+00
278	6.250000000000000E+00	8.125000000000000E+00	0.000000000000000E+00
279	6.875000000000000E+00	8.125000000000000E+00	0.000000000000000E+00
280	7.500000000000000E+00	8.125000000000000E+00	0.000000000000000E+00
281	8.125000000000000E+00	8.125000000000000E+00	0.000000000000000E+00
282	8.750000000000000E+00	8.125000000000000E+00	0.000000000000000E+00
283	9.375000000000000E+00	8.125000000000000E+00	0.000000000000000E+00
284	9.791666666666660E+00	8.125000000000000E+00	0.000000000000000E+00
285	1.000000000000000E+01	8.125000000000000E+00	0.000000000000000E+00
286	0.000000000000000E+00	8.750000000000000E+00	0.000000000000000E+00
287	2.083333333333290E-01	8.750000000000000E+00	0.000000000000000E+00
288	6.250000000000000E-01	8.750000000000000E+00	0.000000000000000E+00
289	1.250000000000000E+00	8.750000000000000E+00	0.000000000000000E+00
290	1.875000000000000E+00	8.750000000000000E+00	0.000000000000000E+00
291	2.500000000000000E+00	8.750000000000000E+00	0.000000000000000E+00
292	3.125000000000000E+00	8.750000000000000E+00	0.000000000000000E+00
293	3.750000000000000E+00	8.750000000000000E+00	0.000000000000000E+00
294	4.375000000000000E+00	8.750000000000000E+00	0.000000000000000E+00
295	5.000000000000000E+00	8.750000000000000E+00	0.000000000000000E+00
296	5.625000000000000E+00	8.750000000000000E+00	0.000000000000000E+00
297	6.250000000000000E+00	8.750000000000000E+00	0.000000000000000E+00
298	6.875000000000000E+00	8.750000000000000E+00	0.000000000000000E+00
299	7.500000000000000E+00	8.750000000000000E+00	0.000000000000000E+00
300	8.125000000000000E+00	8.750000000000000E+00	0.000000000000000E+00
301	8.750000000000000E+00	8.750000000000000E+00	0.000000000000000E+00
302	9.375000000000000E+00	8.750000000000000E+00	0.000000000000000E+00
303	9.791666666666660E+00	8.750000000000000E+00	0.000000000000000E+00
304	1.000000000000000E+01	8.750000000000000E+00	0.000000000000000E+00
305	0.000000000000000E+00	9.375000000000000E+00	0.000000000000000E+00
306	2.083333333333290E-01	9.375000000000000E+00	0.000000000000000E+00
307	6.250000000000000E-01	9.375000000000000E+00	0.000000000000000E+00
308	1.250000000000000E+00	9.375000000000000E+00	0.000000000000000E+00
309	1.875000000000000E+00	9.375000000000000E+00	0.000000000000000E+00
310	2.500000000000000E+00	9.375000000000000E+00	0.000000000000000E+00
311	3.125000000000000E+00	9.375000000000000E+00	0.000000000000000E+00
312	3.750000000000000E+00	9.375000000000000E+00	0.000000000000000E+00
313	4.375000000000000E+00	9.375000000000000E+00	0.000000000000000E+00
314	5.000000000000000E+00	9.375000000000000E+00	0.000000000000000E+00
315	5.625000000000000E+00	9.375000000000000E+00	0.000000000000000E+00
316	6.250000000000000E+00	9.375000000000000E+00	0.000000000000000E+00
317	6.875000000000000E+00	9.375000000000000E+00	0.000000000000000E+00
318	7.500000000000000E+00	9.375000000000000E+00	0.000000000000000E+00
319	8.125000000000000E+00	9.375000000000000E+00	0.000000000000000E+00
320	8.750000000000000E+00	9.375000000000000E+00	0.000000000000000E+00
321	9.375000000000000E+00	9.375000000000000E+00	0.000000000000000E+00
322	9.791666666666660E+00	9.375000000000000E+00	0.000000000000000E+00
323	1.000000000000000E+01	9.375000000000000E+00	0.000000000000000E+00
324	0.000000000000000E+00	9.791666666666660E+00	0.000000000000000E+00
325	2.083333333333290E-01	9.791666666666660E+00	0.000000000000000E+00
326	6.250000000000000E-01	9.791666666666660E+00	0.000000000000000E+00
327	1.250000000000000E+00	9.791666666666660E+00	0.000000000000000E+00
328	1.875000000000000E+00	9.791666666666660E+00	0.000000000000000E+00
329	2.500000000000000E+00	9.791666666666660E+00	0.000000000000000E+00
330	3.125000000000000E+00	9.791666666666660E+00	0.000000000000000E+00
331	3.750000000000000E+00	9.791666666666660E+00	0.000000000000000E+00
332	4.375000000000000E+00	9.791666666666660E+00	0.000000000000000E+00
333	5.000000000000000E+00	9.791666666666660E+00	0.000000000000000E+00
334	5.625000000000000E+00	9.791666666666660E+00	0.000000000000000E+00
335	6.250000000000000E+00	9.791666666666660E+00	0.000000000000000E+00
336	6.875000000000000E+00	9.791666666666660E+00	0.000000000000000E+00
337	7.500000000000000E+00	9.791666666666660E+00	0.000000000000000E+00
338	8.125000000000000E+00	9.791666666666660E+00	0.000000000000000E+00
339	8.750000000000000E+00	9.791666666666660E+00	0.000000000000000E+00
340	9.375000000000000E+00	9.791666666666660E+00	0.000000000000000E+00
341	9.791666666666660E+00	9.791666666666660E+00	0.000000000000000E+00
342	1.000000000000000E+01	9.791666666666660E+00	0.000000000000000E+00
343	0.000000000000000E+00	1.000000000000000E+01	0.000000000000000E+00
344	2.083333333333290E-01	1.000000000000000E+01	0.000000000000000E+00
345	6.250000000000000E-01	1.000000000000000E+01	0.000000000000000E+00
346	1.250000000000000E+00	1.000000000000000E+01	0.000000000000000E+00
347	1.875000000000000E+00	1.000000000000000E+01	0.000000000000000E+00
348	2.500000000000000E+00	1.000000000000000E+01	0.000000000000000E+00
349	3.125000000000000E+00	1.000000000000000E+01	0.000000000000000E+00
350	3.750000000000000E+00	1.000000000000000E+01	0.000000000000000E+00
351	4.375000000000000E+00	1.000000000000000E+01	0.000000000000000E+00
352	5.000000000000000E+00	1.000000000000000E+01	0.000000000000000E+00
353	5.625000000000000E+00	1.000000000000000E+01	0.000000000000000E+00
354	6.250000000000000E+00	1.000000000000000E+01	0.000000000000000E+00
355	6.875000000000000E+00	1.000000000000000E+01	0.000000000000000E+00
356	7.500000000000000E+00	1.000000000000000E+01	0.000000000000000E+00
357	8.125000000000000E+00	1.000000000000000E+01	0.000000000000000E+00
358	8.750000000000000E+00	1.000000000000000E+01	0.000000000000000E+00
359	9.375000000000000E+00	1.000000000000000E+01	0.000000000000000E+00
360	9.791666666666660E+00	1.000000000000000E+01	0.000000000000000E+00
361	1.000000000000000E+01	1.000000000000000E+01	0.000000000000000E+00

%CONTROL.POINT.WEIGHT
361
1        +1.0000000000000000e+000
2        +1.0000000000000000e+000
3        +1.0000000000000000e+000
4        +1.0000000000000000e+000
5        +1.0000000000000000e+000
6        +1.0000000000000000e+000
7        +1.0000000000000000e+000
8        +1.0000000000000000e+000
9        +1.0000000000000000e+000
10       +1.0000000000000000e+000
11       +1.0000000000000000e+000
12       +1.0000000000000000e+000
13       +1.0000000000000000e+000
14       +1.0000000000000000e+000
15       +1.0000000000000000e+000
16       +1.0000000000000000e+000
17       +1.0000000000000000e+000
18       +1.0000000000000000e+000
19       +1.0000000000000000e+000
20       +1.0000000000000000e+000
21       +1.0000000000000000e+000
22       +1.0000000000000000e+000
23       +1.0000000000000000e+000
24       +1.0000000000000000e+000
25       +1.0000000000000000e+000
26       +1.0000000000000000e+000
27       +1.0000000000000000e+000
28       +1.0000000000000000e+000
29       +1.0000000000000000e+000
30       +1.0000000000000000e+000
31       +1.0000000000000000e+000
32       +1.0000000000000000e+000
33       +1.0000000000000000e+000
34       +1.0000000000000000e+000
35       +1.0000000000000000e+000
36       +1.0000000000000000e+000
37       +1.0000000000000000e+000
38       +1.0000000000000000e+000
39       +1.0000000000000000e+000
40       +1.0000000000000000e+000
41       +1.0000000000000000e+000
42       +1.0000000000000000e+000
43       +1.0000000000000000e+000
44       +1.0000000000000000e+000
45       +1.0000000000000000e+000
46       +1.0000000000000000e+000
47       +1.0000000000000000e+000
48       +1.0000000000000000e+000
49       +1.0000000000000000e+000
50       +1.0000000000000000e+000
51       +1.0000000000000000e+000
52       +1.0000000000000000e+000
53       +1.0000000000000000e+000
54       +1.0000000000000000e+000
55       +1.0000000000000000e+000
56       +1.0000000000000000e+000
57       +1.0000000000000000e+000
58       +1.0000000000000000e+000
59       +1.0000000000000000e+000
60       +1.0000000000000000e+000
61       +1.0000000000000000e+000
62       +1.0000000000000000e+000
63       +1.0000000000000000e+000
64       +1.0000000000000000e+000
65       +1.0000000000000000e+000
66       +1.0000000000000000e+000
67       +1.0000000000000000e+000
68       +1.0000000000000000e+000
69       +1.0000000000000000e+000
70       +1.0000000000000000e+000
71       +1.0000000000000000e+000
72       +1.0000000000000000e+000
73       +1.0000000000000000e+000
74       +1.0000000000000000e+000
75       +1.0000000000000000e+000
76       +1.0000000000000000e+000
77       +1.0000000000000000e+000
78       +1.0000000000000000e+000
79       +1.0000000000000000e+000
80       +1.0000000000000000e+000
81       +1.0000000000000000e+000
82       +1.0000000000000000e+000
83       +1.0000000000000000e+000
84       +1.0000000000000000e+000
85       +1.0000000000000000e+000
86       +1.0000000000000000e+000
87       +1.0000000000000000e+000
88       +1.0000000000000000e+000
89       +1.0000000000000000e+000
90       +1.0000000000000000e+000
91       +1.0000000000000000e+000
92       +1.0000000000000000e+000
93       +1.0000000000000000e+000
94       +1.0000000000000000e+000
95       +1.0000000000000000e+000
96       +1.0000000000000000e+000
97       +1.0000000000000000e+000
98       +1.0000000000000000e+000
99       +1.0000000000000000e+000
100      +1.0000000000000000e+000
101      +1.0000000000000000e+000
102      +1.0000000000000000e+000
103      +1.0000000000000000e+000
104      +1.0000000000000000e+000
105      +1.0000000000000000e+000
106      +1.0000000000000000e+000
107      +1.0000000000000000e+000
108      +1.0000000000000000e+000
109      +1.0000000000000000e+000
110      +1.0000000000000000e+000
111      +1.0000000000000000e+000
112      +1.0000000000000000e+000
113      +1.0000000000000000e+000
114      +1.0000000000000000e+000
115      +1.0000000000000000e+000
116      +1.0000000000000000e+000
117      +1.0000000000000000e+000
118      +1.0000000000000000e+000
119      +1.0000000000000000e+000
120      +1.0000000000000000e+000
121      +1.0000000000000000e+000
122      +1.0000000000000000e+000
123      +1.0000000000000000e+000
124      +1.0000000000000000e+000
125      +1.0000000000000000e+000
126      +1.0000000000000000e+000
127      +1.0000000000000000e+000
128      +1.0000000000000000e+000
129      +1.0000000000000000e+000
130      +1.0000000000000000e+000
131      +1.0000000000000000e+000
132      +1.0000000000000000e+000
133      +1.0000000000000000e+000
134      +1.0000000000000000e+000
135      +1.0000000000000000e+000
136      +1.0000000000000000e+000
137      +1.0000000000000000e+000
138      +1.0000000000000000e+000
139      +1.0000000000000000e+000
140      +1.0000000000000000e+000
141      +1.0000000000000000e+000
142      +1.0000000000000000e+000
143      +1.0000000000000000e+000
144      +1.0000000000000000e+000
145      +1.0000000000000000e+000
146      +1.0000000000000000e+000
147      +1.0000000000000000e+000
148      +1.0000000000000000e+000
149      +1.0000000000000000e+000
150      +1.0000000000000000e+000
151      +1.0000000000000000e+000
152      +1.0000000000000000e+000
153      +1.0000000000000000e+000
154      +1.0000000000000000e+000
155      +1.0000000000000000e+000
156      +1.0000000000000000e+000
157      +1.0000000000000000e+000
158      +1.0000000000000000e+000
159      +1.0000000000000000e+000
160      +1.0000000000000000e+000
161      +1.0000000000000000e+000
162      +1.0000000000000000e+000
163      +1.0000000000000000e+000
164      +1.0000000000000000e+000
165      +1.0000000000000000e+000
166      +1.0000000000000000e+000
167      +1.0000000000000000e+000
168      +1.0000000000000000e+000
169      +1.0000000000000000e+000
170      +1.0000000000000000e+000
171      +1.0000000000000000e+000
172      +1.0000000000000000e+000
173      +1.0000000000000000e+000
174      +1.0000000000000000e+000
175      +1.0000000000000000e+000
176      +1.0000000000000000e+000
177      +1.0000000000000000e+000
178      +1.0000000000000000e+000
179      +1.0000000000000000e+000
180      +1.0000000000000000e+000
181      +1.0000000000000000e+000
182      +1.0000000000000000e+000
183      +1.0000000000000000e+000
184      +1.0000000000000000e+000
185      +1.0000000000000000e+000
186      +1.0000000000000000e+000
187      +1.0000000000000000e+000
188      +1.0000000000000000e+000
189      +1.0000000000000000e+000
190      +1.0000000000000000e+000
191      +1.0000000000000000e+000
192      +1.0000000000000000e+000
193      +1.0000000000000000e+000
194      +1.0000000000000000e+000
195      +1.0000000000000000e+000
196      +1.0000000000000000e+000
197      +1.0000000000000000e+000
198      +1.0000000000000000e+000
199      +1.0000000000000000e+000
200      +1.0000000000000000e+000
201      +1.0000000000000000e+000
202      +1.0000000000000000e+000
203      +1.0000000000000000e+000
204      +1.0000000000000000e+000
205      +1.0000000000000000e+000
206      +1.0000000000000000e+000
207      +1.0000000000000000e+000
208      +1.0000000000000000e+000
209      +1.0000000000000000e+000
210      +1.0000000000000000e+000
211      +1.0000000000000000e+000
212      +1.0000000000000000e+000
213      +1.0000000000000000e+000
214      +1.0000000000000000e+000
215      +1.0000000000000000e+000
216      +1.0000000000000000e+000
217      +1.0000000000000000e+000
218      +1.0000000000000000e+000
219      +1.0000000000000000e+000
220      +1.0000000000000000e+000
221      +1.0000000000000000e+000
222      +1.0000000000000000e+000
223      +1.0000000000000000e+000
224      +1.0000000000000000e+000
225      +1.0000000000000000e+000
226      +1.0000000000000000e+000
227      +1.0000000000000000e+000
228      +1.0000000000000000e+000
229      +1.0000000000000000e+000
230      +1.0000000000000000e+000
231      +1.0000000000000000e+000
232      +1.0000000000000000e+000
233      +1.0000000000000000e+000
234      +1.0000000000000000e+000
235      +1.0000000000000000e+000
236      +1.0000000000000000e+000
237      +1.0000000000000000e+000
238      +1.0000000000000000e+000
239      +1.0000000000000000e+000
240      +1.0000000000000000e+000
241      +1.0000000000000000e+000
242      +1.0000000000000000e+000
243      +1.0000000000000000e+000
244      +1.0000000000000000e+000
245      +1.0000000000000000e+000
246      +1.0000000000000000e+000
247      +1.0000000000000000e+000
248      +1.0000000000000000e+000
249      +1.0000000000000000e+000
250      +1.0000000000000000e+000
251      +1.0000000000000000e+000
252      +1.0000000000000000e+000
253      +1.0000000000000000e+000
254      +1.0000000000000000e+000
255      +1.0000000000000000e+000
256      +1.0000000000000000e+000
257      +1.0000000000000000e+000
258      +1.0000000000000000e+000
259      +1.0000000000000000e+000
260      +1.0000000000000000e+000
261      +1.0000000000000000e+000
262      +1.0000000000000000e+000
263      +1.0000000000000000e+000
264      +1.0000000000000000e+000
265      +1.0000000000000000e+000
266      +1.0000000000000000e+000
267      +1.0000000000000000e+000
268      +1.0000000000000000e+000
269      +1.0000000000000000e+000
270      +1.0000000000000000e+000
271      +1.0000000000000000e+000
272      +1.0000000000000000e+000
273      +1.0000000000000000e+000
274      +1.0000000000000000e+000
275      +1.0000000000000000e+000
276      +1.0000000000000000e+000
277      +1.0000000000000000e+000
278      +1.0000000000000000e+000
279      +1.0000000000000000e+000
280      +1.0000000000000000e+000
281      +1.0000000000000000e+000
282      +1.0000000000000000e+000
283      +1.0000000000000000e+000
284      +1.0000000000000000e+000
285      +1.0000000000000000e+000
286      +1.0000000000000000e+000
287      +1.0000000000000000e+000
288      +1.0000000000000000e+000
289      +1.0000000000000000e+000
290      +1.0000000000000000e+000
291      +1.0000000000000000e+000
292      +1.0000000000000000e+000
293      +1.0000000000000000e+000
294      +1.0000000000000000e+000
295      +1.0000000000000000e+000
296      +1.0000000000000000e+000
297      +1.0000000000000000e+000
298      +1.0000000000000000e+000
299      +1.0000000000000000e+000
300      +1.0000000000000000e+000
301      +1.0000000000000000e+000
302      +1.0000000000000000e+000
303      +1.0000000000000000e+000
304      +1.0000000000000000e+000
305      +1.0000000000000000e+000
306      +1.0000000000000000e+000
307      +1.0000000000000000e+000
308      +1.0000000000000000e+000
309      +1.0000000000000000e+000
310      +1.0000000000000000e+000
311      +1.0000000000000000e+000
312      +1.0000000000000000e+000
313      +1.0000000000000000e+000
314      +1.0000000000000000e+000
315      +1.0000000000000000e+000
316      +1.0000000000000000e+000
317      +1.0000000000000000e+000
318      +1.0000000000000000e+000
319      +1.0000000000000000e+000
320      +1.0000000000000000e+000
321      +1.0000000000000000e+000
322      +1.0000000000000000e+000
323      +1.0000000000000000e+000
324      +1.0000000000000000e+000
325      +1.0000000000000000e+000
326      +1.0000000000000000e+000
327      +1.0000000000000000e+000
328      +1.0000000000000000e+000
329      +1.0000000000000000e+000
330      +1.0000000000000000e+000
331      +1.0000000000000000e+000
332      +1.0000000000000000e+000
333      +1.0000000000000000e+000
334      +1.0000000000000000e+000
335      +1.0000000000000000e+000
336      +1.0000000000000000e+000
337      +1.0000000000000000e+000
338      +1.0000000000000000e+000
339      +1.0000000000000000e+000
340      +1.0000000000000000e+000
341      +1.0000000000000000e+000
342      +1.0000000000000000e+000
343      +1.0000000000000000e+000
344      +1.0000000000000000e+000
345      +1.0000000000000000e+000
346      +1.0000000000000000e+000
347      +1.0000000000000000e+000
348      +1.0000000000000000e+000
349      +1.0000000000000000e+000
350      +1.0000000000000000e+000
351      +1.0000000000000000e+000
352      +1.0000000000000000e+000
353      +1.0000000000000000e+000
354      +1.0000000000000000e+000
355      +1.0000000000000000e+000
356      +1.0000000000000000e+000
357      +1.0000000000000000e+000
358      +1.0000000000000000e+000
359      +1.0000000000000000e+000
360      +1.0000000000000000e+000
361      +1.0000000000000000e+000

%NODE.SUPPORT
136
1         1 1 1 1 1 0
2         0 0 1 1 1 0
3         0 0 1 1 1 0
4         0 0 1 1 1 0
5         0 0 1 1 1 0
6         0 0 1 1 1 0
7         0 0 1 1 1 0
8         0 0 1 1 1 0
9         0 0 1 1 1 0
10        0 0 1 1 1 0
11        0 0 1 1 1 0
12        0 0 1 1 1 0
13        0 0 1 1 1 0
14        0 0 1 1 1 0
15        0 0 1 1 1 0
16        0 0 1 1 1 0
17        0 0 1 1 1 0
18        0 0 1 1 1 0
19        0 1 1 1 1 0
20        0 0 1 1 1 0
38        0 0 1 1 1 0
39        0 0 1 1 1 0
57        0 0 1 1 1 0
58        0 0 1 1 1 0
76        0 0 1 1 1 0
77        0 0 1 1 1 0
95        0 0 1 1 1 0
96        0 0 1 1 1 0
114       0 0 1 1 1 0
115       0 0 1 1 1 0
133       0 0 1 1 1 0
134       0 0 1 1 1 0
152       0 0 1 1 1 0
153       0 0 1 1 1 0
171       0 0 1 1 1 0
172       0 0 1 1 1 0
190       0 0 1 1 1 0
191       0 0 1 1 1 0
209       0 0 1 1 1 0
210       0 0 1 1 1 0
228       0 0 1 1 1 0
229       0 0 1 1 1 0
247       0 0 1 1 1 0
248       0 0 1 1 1 0
266       0 0 1 1 1 0
267       0 0 1 1 1 0
285       0 0 1 1 1 0
286       0 0 1 1 1 0
304       0 0 1 1 1 0
305       0 0 1 1 1 0
323       0 0 1 1 1 0
324       0 0 1 1 1 0
342       0 0 1 1 1 0
343       0 0 1 1 1 0
361       0 0 1 1 1 0
344       0 0 1 1 1 0
345       0 0 1 1 1 0
346       0 0 1 1 1 0
347       0 0 1 1 1 0
348       0 0 1 1 1 0
349       0 0 1 1 1 0
350       0 0 1 1 1 0
351       0 0 1 1 1 0
352       0 0 1 1 1 0
353       0 0 1 1 1 0
354       0 0 1 1 1 0
355       0 0 1 1 1 0
356       0 0 1 1 1 0
357       0 0 1 1 1 0
358       0 0 1 1 1 0
359       0 0 1 1 1 0
360       0 0 1 1 1 0
21        0 0 1 0 0 0
22        0 0 1 0 0 0
23        0 0 1 0 0 0
24        0 0 1 0 0 0
25        0 0 1 0 0 0
26        0 0 1 0 0 0
27        0 0 1 0 0 0
28        0 0 1 0 0 0
29        0 0 1 0 0 0
30        0 0 1 0 0 0
31        0 0 1 0 0 0
32        0 0 1 0 0 0
33        0 0 1 0 0 0
34        0 0 1 0 0 0
35        0 0 1 0 0 0
36        0 0 1 0 0 0
37        0 0 1 0 0 0
40        0 0 1 0 0 0
56        0 0 1 0 0 0
59        0 0 1 0 0 0
75        0 0 1 0 0 0
78        0 0 1 0 0 0
94        0 0 1 0 0 0
97        0 0 1 0 0 0
113       0 0 1 0 0 0
116       0 0 1 0 0 0
132       0 0 1 0 0 0
135       0 0 1 0 0 0
151       0 0 1 0 0 0
154       0 0 1 0 0 0
170       0 0 1 0 0 0
173       0 0 1 0 0 0
189       0 0 1 0 0 0
192       0 0 1 0 0 0
208       0 0 1 0 0 0
211       0 0 1 0 0 0
227       0 0 1 0 0 0
230       0 0 1 0 0 0
246       0 0 1 0 0 0
249       0 0 1 0 0 0
265       0 0 1 0 0 0
268       0 0 1 0 0 0
284       0 0 1 0 0 0
287       0 0 1 0 0 0
303       0 0 1 0 0 0
306       0 0 1 0 0 0
322       0 0 1 0 0 0
325       0 0 1 0 0 0
326       0 0 1 0 0 0
327       0 0 1 0 0 0
328       0 0 1 0 0 0
329       0 0 1 0 0 0
330       0 0 1 0 0 0
331       0 0 1 0 0 0
332       0 0 1 0 0 0
333       0 0 1 0 0 0
334       0 0 1 0 0 0
335       0 0 1 0 0 0
336       0 0 1 0 0 0
337       0 0 1 0 0 0
338       0 0 1 0 0 0
339       0 0 1 0 0 0
340       0 0 1 0 0 0
341       0 0 1 0 0 0

%PATCH
1
1 'bspsurf' 1 3 'General'  17 0.0000000000000000 1.0000000000000000 2.0000000000000000 3.0000000000000000 4.0000000000000000 5.0000000000000000 6.0000000000000000 7.0000000000000000 8.0000000000000000 9.0000000000000000 10.0000000000000000 11.0000000000000000 12.0000000000000000 13.0000000000000000 14.0000000000000000 15.0000000000000000 16.0000000000000000 4 1 1 1 1 1 1 1 1 1 1 1 1 1 1 1 4 
3 'General'  17 0.0000000000000000 1.0000000000000000 2.0000000000000000 3.0000000000000000 4.0000000000000000 5.0000000000000000 6.0000000000000000 7.0000000000000000 8.0000000000000000 9.0000000000000000 10.0000000000000000 11.0000000000000000 12.0000000000000000 13.0000000000000000 14.0000000000000000 15.0000000000000000 16.0000000000000000 4 1 1 1 1 1 1 1 1 1 1 1 1 1 1 1 4 
1 2 3 4 5 6 7 8 9 10 11 12 13 14 15 16 17 18 19 20 21 22 23 24 25 26 27 28 29 30 31 32 33 34 35 36 37 38 39 40 41 42 43 44 45 46 47 48 49 50 51 52 53 54 55 56 57 58 59 60 61 62 63 64 65 66 67 68 69 70 71 72 73 74 75 76 77 78 79 80 81 82 83 84 85 86 87 88 89 90 91 92 93 94 95 96 97 98 99 100 101 102 103 104 105 106 107 108 109 110 111 112 113 114 115 116 117 118 119 120 121 122 123 124 125 126 127 128 129 130 131 132 133 134 135 136 137 138 139 140 141 142 143 144 145 146 147 148 149 150 151 152 153 154 155 156 157 158 159 160 161 162 163 164 165 166 167 168 169 170 171 172 173 174 175 176 177 178 179 180 181 182 183 184 185 186 187 188 189 190 191 192 193 194 195 196 197 198 199 200 201 202 203 204 205 206 207 208 209 210 211 212 213 214 215 216 217 218 219 220 221 222 223 224 225 226 227 228 229 230 231 232 233 234 235 236 237 238 239 240 241 242 243 244 245 246 247 248 249 250 251 252 253 254 255 256 257 258 259 260 261 262 263 264 265 266 267 268 269 270 271 272 273 274 275 276 277 278 279 280 281 282 283 284 285 286 287 288 289 290 291 292 293 294 295 296 297 298 299 300 301 302 303 304 305 306 307 308 309 310 311 312 313 314 315 316 317 318 319 320 321 322 323 324 325 326 327 328 329 330 331 332 333 334 335 336 337 338 339 340 341 342 343 344 345 346 347 348 349 350 351 352 353 354 355 356 357 358 359 360 361

%MATERIAL
1

%MATERIAL.ISOTROPIC
1
1      200e9  0.3

%MATERIAL.DENSITY
1
1      8000.0

%SECTION
1

%SECTION.HSDT.PLATE
1
1       1      0.05     TSDT

%INTEGRATION.ORDER
1
1	5	5	1	5	5	1

%ELEMENT
256

%ELEMENT.HSDTPLATE.BSPLINE.SURFACE
256
1           1 1 1 1    1   
2           1 1 1 2    1   
3           1 1 1 3    1   
4           1 1 1 4    1   
5           1 1 1 5    1   
6           1 1 1 6    1   
7           1 1 1 7    1   
8           1 1 1 8    1   
9           1 1 1 9    1   
10          1 1 1 10   1   
11          1 1 1 11   1   
12          1 1 1 12   1   
13          1 1 1 13   1   
14          1 1 1 14   1   
15          1 1 1 15   1   
16          1 1 1 16   1   
17          1 1 1 1    2   
18          1 1 1 2    2   
19          1 1 1 3    2   
20          1 1 1 4    2   
21          1 1 1 5    2   
22          1 1 1 6    2   
23          1 1 1 7    2   
24          1 1 1 8    2   
25          1 1 1 9    2   
26          1 1 1 10   2   
27          1 1 1 11   2   
28          1 1 1 12   2   
29          1 1 1 13   2   
30          1 1 1 14   2   
31          1 1 1 15   2   
32          1 1 1 16   2   
33          1 1 1 1    3   
34          1 1 1 2    3   
35          1 1 1 3    3   
36          1 1 1 4    3   
37          1 1 1 5    3   
38          1 1 1 6    3   
39          1 1 1 7    3   
40          1 1 1 8    3   
41          1 1 1 9    3   
42          1 1 1 10   3   
43          1 1 1 11   3   
44          1 1 1 12   3   
45          1 1 1 13   3   
46          1 1 1 14   3   
47          1 1 1 15   3   
48          1 1 1 16   3   
49          1 1 1 1    4   
50          1 1 1 2    4   
51          1 1 1 3    4   
52          1 1 1 4    4   
53          1 1 1 5    4   
54          1 1 1 6    4   
55          1 1 1 7    4   
56          1 1 1 8    4   
57          1 1 1 9    4   
58          1 1 1 10   4   
59          1 1 1 11   4   
60          1 1 1 12   4   
61          1 1 1 13   4   
62          1 1 1 14   4   
63          1 1 1 15   4   
64          1 1 1 16   4   
65          1 1 1 1    5   
66          1 1 1 2    5   
67          1 1 1 3    5   
68          1 1 1 4    5   
69          1 1 1 5    5   
70          1 1 1 6    5   
71          1 1 1 7    5   
72          1 1 1 8    5   
73          1 1 1 9    5   
74          1 1 1 10   5   
75          1 1 1 11   5   
76          1 1 1 12   5   
77          1 1 1 13   5   
78          1 1 1 14   5   
79          1 1 1 15   5   
80          1 1 1 16   5   
81          1 1 1 1    6   
82          1 1 1 2    6   
83          1 1 1 3    6   
84          1 1 1 4    6   
85          1 1 1 5    6   
86          1 1 1 6    6   
87          1 1 1 7    6   
88          1 1 1 8    6   
89          1 1 1 9    6   
90          1 1 1 10   6   
91          1 1 1 11   6   
92          1 1 1 12   6   
93          1 1 1 13   6   
94          1 1 1 14   6   
95          1 1 1 15   6   
96          1 1 1 16   6   
97          1 1 1 1    7   
98          1 1 1 2    7   
99          1 1 1 3    7   
100         1 1 1 4    7   
101         1 1 1 5    7   
102         1 1 1 6    7   
103         1 1 1 7    7   
104         1 1 1 8    7   
105         1 1 1 9    7   
106         1 1 1 10   7   
107         1 1 1 11   7   
108         1 1 1 12   7   
109         1 1 1 13   7   
110         1 1 1 14   7   
111         1 1 1 15   7   
112         1 1 1 16   7   
113         1 1 1 1    8   
114         1 1 1 2    8   
115         1 1 1 3    8   
116         1 1 1 4    8   
117         1 1 1 5    8   
118         1 1 1 6    8   
119         1 1 1 7    8   
120         1 1 1 8    8   
121         1 1 1 9    8   
122         1 1 1 10   8   
123         1 1 1 11   8   
124         1 1 1 12   8   
125         1 1 1 13   8   
126         1 1 1 14   8   
127         1 1 1 15   8   
128         1 1 1 16   8   
129         1 1 1 1    9   
130         1 1 1 2    9   
131         1 1 1 3    9   
132         1 1 1 4    9   
133         1 1 1 5    9   
134         1 1 1 6    9   
135         1 1 1 7    9   
136         1 1 1 8    9   
137         1 1 1 9    9   
138         1 1 1 10   9   
139         1 1 1 11   9   
140         1 1 1 12   9   
141         1 1 1 13   9   
142         1 1 1 14   9   
143         1 1 1 15   9   
144         1 1 1 16   9   
145         1 1 1 1    10  
146         1 1 1 2    10  
147         1 1 1 3    10  
148         1 1 1 4    10  
149         1 1 1 5    10  
150         1 1 1 6    10  
151         1 1 1 7    10  
152         1 1 1 8    10  
153         1 1 1 9    10  
154         1 1 1 10   10  
155         1 1 1 11   10  
156         1 1 1 12   10  
157         1 1 1 13   10  
158         1 1 1 14   10  
159         1 1 1 15   10  
160         1 1 1 16   10  
161         1 1 1 1    11  
162         1 1 1 2    11  
163         1 1 1 3    11  
164         1 1 1 4    11  
165         1 1 1 5    11  
166         1 1 1 6    11  
167         1 1 1 7    11  
168         1 1 1 8    11  
169         1 1 1 9    11  
170         1 1 1 10   11  
171         1 1 1 11   11  
172         1 1 1 12   11  
173         1 1 1 13   11  
174         1 1 1 14   11  
175         1 1 1 15   11  
176         1 1 1 16   11  
177         1 1 1 1    12  
178         1 1 1 2    12  
179         1 1 1 3    12  
180         1 1 1 4    12  
181         1 1 1 5    12  
182         1 1 1 6    12  
183         1 1 1 7    12  
184         1 1 1 8    12  
185         1 1 1 9    12  
186         1 1 1 10   12  
187         1 1 1 11   12  
188         1 1 1 12   12  
189         1 1 1 13   12  
190         1 1 1 14   12  
191         1 1 1 15   12  
192         1 1 1 16   12  
193         1 1 1 1    13  
194         1 1 1 2    13  
195         1 1 1 3    13  
196         1 1 1 4    13  
197         1 1 1 5    13  
198         1 1 1 6    13  
199         1 1 1 7    13  
200         1 1 1 8    13  
201         1 1 1 9    13  
202         1 1 1 10   13  
203         1 1 1 11   13  
204         1 1 1 12   13  
205         1 1 1 13   13  
206         1 1 1 14   13  
207         1 1 1 15   13  
208         1 1 1 16   13  
209         1 1 1 1    14  
210         1 1 1 2    14  
211         1 1 1 3    14  
212         1 1 1 4    14  
213         1 1 1 5    14  
214         1 1 1 6    14  
215         1 1 1 7    14  
216         1 1 1 8    14  
217         1 1 1 9    14  
218         1 1 1 10   14  
219         1 1 1 11   14  
220         1 1 1 12   14  
221         1 1 1 13   14  
222         1 1 1 14   14  
223         1 1 1 15   14  
224         1 1 1 16   14  
225         1 1 1 1    15  
226         1 1 1 2    15  
227         1 1 1 3    15  
228         1 1 1 4    15  
229         1 1 1 5    15  
230         1 1 1 6    15  
231         1 1 1 7    15  
232         1 1 1 8    15  
233         1 1 1 9    15  
234         1 1 1 10   15  
235         1 1 1 11   15  
236         1 1 1 12   15  
237         1 1 1 13   15  
238         1 1 1 14   15  
239         1 1 1 15   15  
240         1 1 1 16   15  
241         1 1 1 1    16  
242         1 1 1 2    16  
243         1 1 1 3    16  
244         1 1 1 4    16  
245         1 1 1 5    16  
246         1 1 1 6    16  
247         1 1 1 7    16  
248         1 1 1 8    16  
249         1 1 1 9    16  
250         1 1 1 10   16  
251         1 1 1 11   16  
252         1 1 1 12   16  
253         1 1 1 13   16  
254         1 1 1 14   16  
255         1 1 1 15   16  
256         1 1 1 16   16  

%END
