%HEADER
Nonlinear analysis of a simply supported plate under uniform transverse load
using the Reddy's TSDT.
----------------------------------------------------------------------------
Expected center deflection (w) in m:
----------------------------------------------
| LPF |   N = 0.0  |   N = 1.0  |   N = 2.0  |
----------------------------------------------
| 1.0 |-9.58338e-04|-1.35886e-03|-1.47924e-03|
| 2.0 |-1.90477e-03|-2.74044e-03|-2.98993e-03|
| 3.0 |-2.82878e-03|-4.10792e-03|-4.48629e-03|
| 4.0 |-3.72216e-03|-5.42771e-03|-5.92623e-03|
| 5.0 |-4.57940e-03|-6.67634e-03|-7.28115e-03|
| 6.0 |-5.39753e-03|-7.84221e-03|-8.53813e-03|
| 7.0 |-6.17561e-03|-8.92317e-03|-9.69620e-03|
| 8.0 |-6.91421e-03|-9.92296e-03|-1.07613e-02|
| 9.0 |-7.61485e-03|-1.08482e-02|-1.17421e-02|
----------------------------------------------
Ref.:
[1] R. M. Barros, AN ISOGEOMETRIC FORMULATION FOR MATERIAL AND GEOMETRIC 
    NONLINEAR ANALYSIS OF FUNCTIONALLY GRADED PLATES, Universidade Federal do
    Ceará (Dissertação), 2023.
-----------------------------------------------------------------------------

%HEADER.ANALYSIS.ALGORITHM
'lcm'

%HEADER.ANALYSIS.MAXIMUM.STEPS
9

%HEADER.ANALYSIS.STEP.FACTOR
1.0

%HEADER.ANALYSIS.MAXIMUM.ITERATIONS
10

%HEADER.ANALYSIS.TOLERANCE
1.0e-08

%NODE
361

%NODE.COORD
361
1        +0.0000000000000000e+000    +0.0000000000000000e+000    +0.0000000000000000e+000
2        +2.0833333333332999e-002    +0.0000000000000000e+000    +0.0000000000000000e+000
3        +6.2500000000000000e-002    +0.0000000000000000e+000    +0.0000000000000000e+000
4        +1.2500000000000000e-001    +0.0000000000000000e+000    +0.0000000000000000e+000
5        +1.8750000000000000e-001    +0.0000000000000000e+000    +0.0000000000000000e+000
6        +2.5000000000000000e-001    +0.0000000000000000e+000    +0.0000000000000000e+000
7        +3.1250000000000000e-001    +0.0000000000000000e+000    +0.0000000000000000e+000
8        +3.7500000000000000e-001    +0.0000000000000000e+000    +0.0000000000000000e+000
9        +4.3750000000000000e-001    +0.0000000000000000e+000    +0.0000000000000000e+000
10       +5.0000000000000000e-001    +0.0000000000000000e+000    +0.0000000000000000e+000
11       +5.6250000000000000e-001    +0.0000000000000000e+000    +0.0000000000000000e+000
12       +6.2500000000000000e-001    +0.0000000000000000e+000    +0.0000000000000000e+000
13       +6.8750000000000000e-001    +0.0000000000000000e+000    +0.0000000000000000e+000
14       +7.5000000000000000e-001    +0.0000000000000000e+000    +0.0000000000000000e+000
15       +8.1250000000000000e-001    +0.0000000000000000e+000    +0.0000000000000000e+000
16       +8.7500000000000000e-001    +0.0000000000000000e+000    +0.0000000000000000e+000
17       +9.3750000000000000e-001    +0.0000000000000000e+000    +0.0000000000000000e+000
18       +9.7916666666666696e-001    +0.0000000000000000e+000    +0.0000000000000000e+000
19       +1.0000000000000000e+000    +0.0000000000000000e+000    +0.0000000000000000e+000
20       +0.0000000000000000e+000    +2.0833333333332999e-002    +0.0000000000000000e+000
21       +2.0833333333332999e-002    +2.0833333333332999e-002    +0.0000000000000000e+000
22       +6.2500000000000000e-002    +2.0833333333332999e-002    +0.0000000000000000e+000
23       +1.2500000000000000e-001    +2.0833333333332999e-002    +0.0000000000000000e+000
24       +1.8750000000000000e-001    +2.0833333333332999e-002    +0.0000000000000000e+000
25       +2.5000000000000000e-001    +2.0833333333332999e-002    +0.0000000000000000e+000
26       +3.1250000000000000e-001    +2.0833333333332999e-002    +0.0000000000000000e+000
27       +3.7500000000000000e-001    +2.0833333333332999e-002    +0.0000000000000000e+000
28       +4.3750000000000000e-001    +2.0833333333332999e-002    +0.0000000000000000e+000
29       +5.0000000000000000e-001    +2.0833333333332999e-002    +0.0000000000000000e+000
30       +5.6250000000000000e-001    +2.0833333333332999e-002    +0.0000000000000000e+000
31       +6.2500000000000000e-001    +2.0833333333332999e-002    +0.0000000000000000e+000
32       +6.8750000000000000e-001    +2.0833333333332999e-002    +0.0000000000000000e+000
33       +7.5000000000000000e-001    +2.0833333333332999e-002    +0.0000000000000000e+000
34       +8.1250000000000000e-001    +2.0833333333332999e-002    +0.0000000000000000e+000
35       +8.7500000000000000e-001    +2.0833333333332999e-002    +0.0000000000000000e+000
36       +9.3750000000000000e-001    +2.0833333333332999e-002    +0.0000000000000000e+000
37       +9.7916666666666696e-001    +2.0833333333332999e-002    +0.0000000000000000e+000
38       +1.0000000000000000e+000    +2.0833333333332999e-002    +0.0000000000000000e+000
39       +0.0000000000000000e+000    +6.2500000000000000e-002    +0.0000000000000000e+000
40       +2.0833333333332999e-002    +6.2500000000000000e-002    +0.0000000000000000e+000
41       +6.2500000000000000e-002    +6.2500000000000000e-002    +0.0000000000000000e+000
42       +1.2500000000000000e-001    +6.2500000000000000e-002    +0.0000000000000000e+000
43       +1.8750000000000000e-001    +6.2500000000000000e-002    +0.0000000000000000e+000
44       +2.5000000000000000e-001    +6.2500000000000000e-002    +0.0000000000000000e+000
45       +3.1250000000000000e-001    +6.2500000000000000e-002    +0.0000000000000000e+000
46       +3.7500000000000000e-001    +6.2500000000000000e-002    +0.0000000000000000e+000
47       +4.3750000000000000e-001    +6.2500000000000000e-002    +0.0000000000000000e+000
48       +5.0000000000000000e-001    +6.2500000000000000e-002    +0.0000000000000000e+000
49       +5.6250000000000000e-001    +6.2500000000000000e-002    +0.0000000000000000e+000
50       +6.2500000000000000e-001    +6.2500000000000000e-002    +0.0000000000000000e+000
51       +6.8750000000000000e-001    +6.2500000000000000e-002    +0.0000000000000000e+000
52       +7.5000000000000000e-001    +6.2500000000000000e-002    +0.0000000000000000e+000
53       +8.1250000000000000e-001    +6.2500000000000000e-002    +0.0000000000000000e+000
54       +8.7500000000000000e-001    +6.2500000000000000e-002    +0.0000000000000000e+000
55       +9.3750000000000000e-001    +6.2500000000000000e-002    +0.0000000000000000e+000
56       +9.7916666666666696e-001    +6.2500000000000000e-002    +0.0000000000000000e+000
57       +1.0000000000000000e+000    +6.2500000000000000e-002    +0.0000000000000000e+000
58       +0.0000000000000000e+000    +1.2500000000000000e-001    +0.0000000000000000e+000
59       +2.0833333333332999e-002    +1.2500000000000000e-001    +0.0000000000000000e+000
60       +6.2500000000000000e-002    +1.2500000000000000e-001    +0.0000000000000000e+000
61       +1.2500000000000000e-001    +1.2500000000000000e-001    +0.0000000000000000e+000
62       +1.8750000000000000e-001    +1.2500000000000000e-001    +0.0000000000000000e+000
63       +2.5000000000000000e-001    +1.2500000000000000e-001    +0.0000000000000000e+000
64       +3.1250000000000000e-001    +1.2500000000000000e-001    +0.0000000000000000e+000
65       +3.7500000000000000e-001    +1.2500000000000000e-001    +0.0000000000000000e+000
66       +4.3750000000000000e-001    +1.2500000000000000e-001    +0.0000000000000000e+000
67       +5.0000000000000000e-001    +1.2500000000000000e-001    +0.0000000000000000e+000
68       +5.6250000000000000e-001    +1.2500000000000000e-001    +0.0000000000000000e+000
69       +6.2500000000000000e-001    +1.2500000000000000e-001    +0.0000000000000000e+000
70       +6.8750000000000000e-001    +1.2500000000000000e-001    +0.0000000000000000e+000
71       +7.5000000000000000e-001    +1.2500000000000000e-001    +0.0000000000000000e+000
72       +8.1250000000000000e-001    +1.2500000000000000e-001    +0.0000000000000000e+000
73       +8.7500000000000000e-001    +1.2500000000000000e-001    +0.0000000000000000e+000
74       +9.3750000000000000e-001    +1.2500000000000000e-001    +0.0000000000000000e+000
75       +9.7916666666666696e-001    +1.2500000000000000e-001    +0.0000000000000000e+000
76       +1.0000000000000000e+000    +1.2500000000000000e-001    +0.0000000000000000e+000
77       +0.0000000000000000e+000    +1.8750000000000000e-001    +0.0000000000000000e+000
78       +2.0833333333332999e-002    +1.8750000000000000e-001    +0.0000000000000000e+000
79       +6.2500000000000000e-002    +1.8750000000000000e-001    +0.0000000000000000e+000
80       +1.2500000000000000e-001    +1.8750000000000000e-001    +0.0000000000000000e+000
81       +1.8750000000000000e-001    +1.8750000000000000e-001    +0.0000000000000000e+000
82       +2.5000000000000000e-001    +1.8750000000000000e-001    +0.0000000000000000e+000
83       +3.1250000000000000e-001    +1.8750000000000000e-001    +0.0000000000000000e+000
84       +3.7500000000000000e-001    +1.8750000000000000e-001    +0.0000000000000000e+000
85       +4.3750000000000000e-001    +1.8750000000000000e-001    +0.0000000000000000e+000
86       +5.0000000000000000e-001    +1.8750000000000000e-001    +0.0000000000000000e+000
87       +5.6250000000000000e-001    +1.8750000000000000e-001    +0.0000000000000000e+000
88       +6.2500000000000000e-001    +1.8750000000000000e-001    +0.0000000000000000e+000
89       +6.8750000000000000e-001    +1.8750000000000000e-001    +0.0000000000000000e+000
90       +7.5000000000000000e-001    +1.8750000000000000e-001    +0.0000000000000000e+000
91       +8.1250000000000000e-001    +1.8750000000000000e-001    +0.0000000000000000e+000
92       +8.7500000000000000e-001    +1.8750000000000000e-001    +0.0000000000000000e+000
93       +9.3750000000000000e-001    +1.8750000000000000e-001    +0.0000000000000000e+000
94       +9.7916666666666696e-001    +1.8750000000000000e-001    +0.0000000000000000e+000
95       +1.0000000000000000e+000    +1.8750000000000000e-001    +0.0000000000000000e+000
96       +0.0000000000000000e+000    +2.5000000000000000e-001    +0.0000000000000000e+000
97       +2.0833333333332999e-002    +2.5000000000000000e-001    +0.0000000000000000e+000
98       +6.2500000000000000e-002    +2.5000000000000000e-001    +0.0000000000000000e+000
99       +1.2500000000000000e-001    +2.5000000000000000e-001    +0.0000000000000000e+000
100      +1.8750000000000000e-001    +2.5000000000000000e-001    +0.0000000000000000e+000
101      +2.5000000000000000e-001    +2.5000000000000000e-001    +0.0000000000000000e+000
102      +3.1250000000000000e-001    +2.5000000000000000e-001    +0.0000000000000000e+000
103      +3.7500000000000000e-001    +2.5000000000000000e-001    +0.0000000000000000e+000
104      +4.3750000000000000e-001    +2.5000000000000000e-001    +0.0000000000000000e+000
105      +5.0000000000000000e-001    +2.5000000000000000e-001    +0.0000000000000000e+000
106      +5.6250000000000000e-001    +2.5000000000000000e-001    +0.0000000000000000e+000
107      +6.2500000000000000e-001    +2.5000000000000000e-001    +0.0000000000000000e+000
108      +6.8750000000000000e-001    +2.5000000000000000e-001    +0.0000000000000000e+000
109      +7.5000000000000000e-001    +2.5000000000000000e-001    +0.0000000000000000e+000
110      +8.1250000000000000e-001    +2.5000000000000000e-001    +0.0000000000000000e+000
111      +8.7500000000000000e-001    +2.5000000000000000e-001    +0.0000000000000000e+000
112      +9.3750000000000000e-001    +2.5000000000000000e-001    +0.0000000000000000e+000
113      +9.7916666666666696e-001    +2.5000000000000000e-001    +0.0000000000000000e+000
114      +1.0000000000000000e+000    +2.5000000000000000e-001    +0.0000000000000000e+000
115      +0.0000000000000000e+000    +3.1250000000000000e-001    +0.0000000000000000e+000
116      +2.0833333333332999e-002    +3.1250000000000000e-001    +0.0000000000000000e+000
117      +6.2500000000000000e-002    +3.1250000000000000e-001    +0.0000000000000000e+000
118      +1.2500000000000000e-001    +3.1250000000000000e-001    +0.0000000000000000e+000
119      +1.8750000000000000e-001    +3.1250000000000000e-001    +0.0000000000000000e+000
120      +2.5000000000000000e-001    +3.1250000000000000e-001    +0.0000000000000000e+000
121      +3.1250000000000000e-001    +3.1250000000000000e-001    +0.0000000000000000e+000
122      +3.7500000000000000e-001    +3.1250000000000000e-001    +0.0000000000000000e+000
123      +4.3750000000000000e-001    +3.1250000000000000e-001    +0.0000000000000000e+000
124      +5.0000000000000000e-001    +3.1250000000000000e-001    +0.0000000000000000e+000
125      +5.6250000000000000e-001    +3.1250000000000000e-001    +0.0000000000000000e+000
126      +6.2500000000000000e-001    +3.1250000000000000e-001    +0.0000000000000000e+000
127      +6.8750000000000000e-001    +3.1250000000000000e-001    +0.0000000000000000e+000
128      +7.5000000000000000e-001    +3.1250000000000000e-001    +0.0000000000000000e+000
129      +8.1250000000000000e-001    +3.1250000000000000e-001    +0.0000000000000000e+000
130      +8.7500000000000000e-001    +3.1250000000000000e-001    +0.0000000000000000e+000
131      +9.3750000000000000e-001    +3.1250000000000000e-001    +0.0000000000000000e+000
132      +9.7916666666666696e-001    +3.1250000000000000e-001    +0.0000000000000000e+000
133      +1.0000000000000000e+000    +3.1250000000000000e-001    +0.0000000000000000e+000
134      +0.0000000000000000e+000    +3.7500000000000000e-001    +0.0000000000000000e+000
135      +2.0833333333332999e-002    +3.7500000000000000e-001    +0.0000000000000000e+000
136      +6.2500000000000000e-002    +3.7500000000000000e-001    +0.0000000000000000e+000
137      +1.2500000000000000e-001    +3.7500000000000000e-001    +0.0000000000000000e+000
138      +1.8750000000000000e-001    +3.7500000000000000e-001    +0.0000000000000000e+000
139      +2.5000000000000000e-001    +3.7500000000000000e-001    +0.0000000000000000e+000
140      +3.1250000000000000e-001    +3.7500000000000000e-001    +0.0000000000000000e+000
141      +3.7500000000000000e-001    +3.7500000000000000e-001    +0.0000000000000000e+000
142      +4.3750000000000000e-001    +3.7500000000000000e-001    +0.0000000000000000e+000
143      +5.0000000000000000e-001    +3.7500000000000000e-001    +0.0000000000000000e+000
144      +5.6250000000000000e-001    +3.7500000000000000e-001    +0.0000000000000000e+000
145      +6.2500000000000000e-001    +3.7500000000000000e-001    +0.0000000000000000e+000
146      +6.8750000000000000e-001    +3.7500000000000000e-001    +0.0000000000000000e+000
147      +7.5000000000000000e-001    +3.7500000000000000e-001    +0.0000000000000000e+000
148      +8.1250000000000000e-001    +3.7500000000000000e-001    +0.0000000000000000e+000
149      +8.7500000000000000e-001    +3.7500000000000000e-001    +0.0000000000000000e+000
150      +9.3750000000000000e-001    +3.7500000000000000e-001    +0.0000000000000000e+000
151      +9.7916666666666696e-001    +3.7500000000000000e-001    +0.0000000000000000e+000
152      +1.0000000000000000e+000    +3.7500000000000000e-001    +0.0000000000000000e+000
153      +0.0000000000000000e+000    +4.3750000000000000e-001    +0.0000000000000000e+000
154      +2.0833333333332999e-002    +4.3750000000000000e-001    +0.0000000000000000e+000
155      +6.2500000000000000e-002    +4.3750000000000000e-001    +0.0000000000000000e+000
156      +1.2500000000000000e-001    +4.3750000000000000e-001    +0.0000000000000000e+000
157      +1.8750000000000000e-001    +4.3750000000000000e-001    +0.0000000000000000e+000
158      +2.5000000000000000e-001    +4.3750000000000000e-001    +0.0000000000000000e+000
159      +3.1250000000000000e-001    +4.3750000000000000e-001    +0.0000000000000000e+000
160      +3.7500000000000000e-001    +4.3750000000000000e-001    +0.0000000000000000e+000
161      +4.3750000000000000e-001    +4.3750000000000000e-001    +0.0000000000000000e+000
162      +5.0000000000000000e-001    +4.3750000000000000e-001    +0.0000000000000000e+000
163      +5.6250000000000000e-001    +4.3750000000000000e-001    +0.0000000000000000e+000
164      +6.2500000000000000e-001    +4.3750000000000000e-001    +0.0000000000000000e+000
165      +6.8750000000000000e-001    +4.3750000000000000e-001    +0.0000000000000000e+000
166      +7.5000000000000000e-001    +4.3750000000000000e-001    +0.0000000000000000e+000
167      +8.1250000000000000e-001    +4.3750000000000000e-001    +0.0000000000000000e+000
168      +8.7500000000000000e-001    +4.3750000000000000e-001    +0.0000000000000000e+000
169      +9.3750000000000000e-001    +4.3750000000000000e-001    +0.0000000000000000e+000
170      +9.7916666666666696e-001    +4.3750000000000000e-001    +0.0000000000000000e+000
171      +1.0000000000000000e+000    +4.3750000000000000e-001    +0.0000000000000000e+000
172      +0.0000000000000000e+000    +5.0000000000000000e-001    +0.0000000000000000e+000
173      +2.0833333333332999e-002    +5.0000000000000000e-001    +0.0000000000000000e+000
174      +6.2500000000000000e-002    +5.0000000000000000e-001    +0.0000000000000000e+000
175      +1.2500000000000000e-001    +5.0000000000000000e-001    +0.0000000000000000e+000
176      +1.8750000000000000e-001    +5.0000000000000000e-001    +0.0000000000000000e+000
177      +2.5000000000000000e-001    +5.0000000000000000e-001    +0.0000000000000000e+000
178      +3.1250000000000000e-001    +5.0000000000000000e-001    +0.0000000000000000e+000
179      +3.7500000000000000e-001    +5.0000000000000000e-001    +0.0000000000000000e+000
180      +4.3750000000000000e-001    +5.0000000000000000e-001    +0.0000000000000000e+000
181      +5.0000000000000000e-001    +5.0000000000000000e-001    +0.0000000000000000e+000
182      +5.6250000000000000e-001    +5.0000000000000000e-001    +0.0000000000000000e+000
183      +6.2500000000000000e-001    +5.0000000000000000e-001    +0.0000000000000000e+000
184      +6.8750000000000000e-001    +5.0000000000000000e-001    +0.0000000000000000e+000
185      +7.5000000000000000e-001    +5.0000000000000000e-001    +0.0000000000000000e+000
186      +8.1250000000000000e-001    +5.0000000000000000e-001    +0.0000000000000000e+000
187      +8.7500000000000000e-001    +5.0000000000000000e-001    +0.0000000000000000e+000
188      +9.3750000000000000e-001    +5.0000000000000000e-001    +0.0000000000000000e+000
189      +9.7916666666666696e-001    +5.0000000000000000e-001    +0.0000000000000000e+000
190      +1.0000000000000000e+000    +5.0000000000000000e-001    +0.0000000000000000e+000
191      +0.0000000000000000e+000    +5.6250000000000000e-001    +0.0000000000000000e+000
192      +2.0833333333332999e-002    +5.6250000000000000e-001    +0.0000000000000000e+000
193      +6.2500000000000000e-002    +5.6250000000000000e-001    +0.0000000000000000e+000
194      +1.2500000000000000e-001    +5.6250000000000000e-001    +0.0000000000000000e+000
195      +1.8750000000000000e-001    +5.6250000000000000e-001    +0.0000000000000000e+000
196      +2.5000000000000000e-001    +5.6250000000000000e-001    +0.0000000000000000e+000
197      +3.1250000000000000e-001    +5.6250000000000000e-001    +0.0000000000000000e+000
198      +3.7500000000000000e-001    +5.6250000000000000e-001    +0.0000000000000000e+000
199      +4.3750000000000000e-001    +5.6250000000000000e-001    +0.0000000000000000e+000
200      +5.0000000000000000e-001    +5.6250000000000000e-001    +0.0000000000000000e+000
201      +5.6250000000000000e-001    +5.6250000000000000e-001    +0.0000000000000000e+000
202      +6.2500000000000000e-001    +5.6250000000000000e-001    +0.0000000000000000e+000
203      +6.8750000000000000e-001    +5.6250000000000000e-001    +0.0000000000000000e+000
204      +7.5000000000000000e-001    +5.6250000000000000e-001    +0.0000000000000000e+000
205      +8.1250000000000000e-001    +5.6250000000000000e-001    +0.0000000000000000e+000
206      +8.7500000000000000e-001    +5.6250000000000000e-001    +0.0000000000000000e+000
207      +9.3750000000000000e-001    +5.6250000000000000e-001    +0.0000000000000000e+000
208      +9.7916666666666696e-001    +5.6250000000000000e-001    +0.0000000000000000e+000
209      +1.0000000000000000e+000    +5.6250000000000000e-001    +0.0000000000000000e+000
210      +0.0000000000000000e+000    +6.2500000000000000e-001    +0.0000000000000000e+000
211      +2.0833333333332999e-002    +6.2500000000000000e-001    +0.0000000000000000e+000
212      +6.2500000000000000e-002    +6.2500000000000000e-001    +0.0000000000000000e+000
213      +1.2500000000000000e-001    +6.2500000000000000e-001    +0.0000000000000000e+000
214      +1.8750000000000000e-001    +6.2500000000000000e-001    +0.0000000000000000e+000
215      +2.5000000000000000e-001    +6.2500000000000000e-001    +0.0000000000000000e+000
216      +3.1250000000000000e-001    +6.2500000000000000e-001    +0.0000000000000000e+000
217      +3.7500000000000000e-001    +6.2500000000000000e-001    +0.0000000000000000e+000
218      +4.3750000000000000e-001    +6.2500000000000000e-001    +0.0000000000000000e+000
219      +5.0000000000000000e-001    +6.2500000000000000e-001    +0.0000000000000000e+000
220      +5.6250000000000000e-001    +6.2500000000000000e-001    +0.0000000000000000e+000
221      +6.2500000000000000e-001    +6.2500000000000000e-001    +0.0000000000000000e+000
222      +6.8750000000000000e-001    +6.2500000000000000e-001    +0.0000000000000000e+000
223      +7.5000000000000000e-001    +6.2500000000000000e-001    +0.0000000000000000e+000
224      +8.1250000000000000e-001    +6.2500000000000000e-001    +0.0000000000000000e+000
225      +8.7500000000000000e-001    +6.2500000000000000e-001    +0.0000000000000000e+000
226      +9.3750000000000000e-001    +6.2500000000000000e-001    +0.0000000000000000e+000
227      +9.7916666666666696e-001    +6.2500000000000000e-001    +0.0000000000000000e+000
228      +1.0000000000000000e+000    +6.2500000000000000e-001    +0.0000000000000000e+000
229      +0.0000000000000000e+000    +6.8750000000000000e-001    +0.0000000000000000e+000
230      +2.0833333333332999e-002    +6.8750000000000000e-001    +0.0000000000000000e+000
231      +6.2500000000000000e-002    +6.8750000000000000e-001    +0.0000000000000000e+000
232      +1.2500000000000000e-001    +6.8750000000000000e-001    +0.0000000000000000e+000
233      +1.8750000000000000e-001    +6.8750000000000000e-001    +0.0000000000000000e+000
234      +2.5000000000000000e-001    +6.8750000000000000e-001    +0.0000000000000000e+000
235      +3.1250000000000000e-001    +6.8750000000000000e-001    +0.0000000000000000e+000
236      +3.7500000000000000e-001    +6.8750000000000000e-001    +0.0000000000000000e+000
237      +4.3750000000000000e-001    +6.8750000000000000e-001    +0.0000000000000000e+000
238      +5.0000000000000000e-001    +6.8750000000000000e-001    +0.0000000000000000e+000
239      +5.6250000000000000e-001    +6.8750000000000000e-001    +0.0000000000000000e+000
240      +6.2500000000000000e-001    +6.8750000000000000e-001    +0.0000000000000000e+000
241      +6.8750000000000000e-001    +6.8750000000000000e-001    +0.0000000000000000e+000
242      +7.5000000000000000e-001    +6.8750000000000000e-001    +0.0000000000000000e+000
243      +8.1250000000000000e-001    +6.8750000000000000e-001    +0.0000000000000000e+000
244      +8.7500000000000000e-001    +6.8750000000000000e-001    +0.0000000000000000e+000
245      +9.3750000000000000e-001    +6.8750000000000000e-001    +0.0000000000000000e+000
246      +9.7916666666666696e-001    +6.8750000000000000e-001    +0.0000000000000000e+000
247      +1.0000000000000000e+000    +6.8750000000000000e-001    +0.0000000000000000e+000
248      +0.0000000000000000e+000    +7.5000000000000000e-001    +0.0000000000000000e+000
249      +2.0833333333332999e-002    +7.5000000000000000e-001    +0.0000000000000000e+000
250      +6.2500000000000000e-002    +7.5000000000000000e-001    +0.0000000000000000e+000
251      +1.2500000000000000e-001    +7.5000000000000000e-001    +0.0000000000000000e+000
252      +1.8750000000000000e-001    +7.5000000000000000e-001    +0.0000000000000000e+000
253      +2.5000000000000000e-001    +7.5000000000000000e-001    +0.0000000000000000e+000
254      +3.1250000000000000e-001    +7.5000000000000000e-001    +0.0000000000000000e+000
255      +3.7500000000000000e-001    +7.5000000000000000e-001    +0.0000000000000000e+000
256      +4.3750000000000000e-001    +7.5000000000000000e-001    +0.0000000000000000e+000
257      +5.0000000000000000e-001    +7.5000000000000000e-001    +0.0000000000000000e+000
258      +5.6250000000000000e-001    +7.5000000000000000e-001    +0.0000000000000000e+000
259      +6.2500000000000000e-001    +7.5000000000000000e-001    +0.0000000000000000e+000
260      +6.8750000000000000e-001    +7.5000000000000000e-001    +0.0000000000000000e+000
261      +7.5000000000000000e-001    +7.5000000000000000e-001    +0.0000000000000000e+000
262      +8.1250000000000000e-001    +7.5000000000000000e-001    +0.0000000000000000e+000
263      +8.7500000000000000e-001    +7.5000000000000000e-001    +0.0000000000000000e+000
264      +9.3750000000000000e-001    +7.5000000000000000e-001    +0.0000000000000000e+000
265      +9.7916666666666696e-001    +7.5000000000000000e-001    +0.0000000000000000e+000
266      +1.0000000000000000e+000    +7.5000000000000000e-001    +0.0000000000000000e+000
267      +0.0000000000000000e+000    +8.1250000000000000e-001    +0.0000000000000000e+000
268      +2.0833333333332999e-002    +8.1250000000000000e-001    +0.0000000000000000e+000
269      +6.2500000000000000e-002    +8.1250000000000000e-001    +0.0000000000000000e+000
270      +1.2500000000000000e-001    +8.1250000000000000e-001    +0.0000000000000000e+000
271      +1.8750000000000000e-001    +8.1250000000000000e-001    +0.0000000000000000e+000
272      +2.5000000000000000e-001    +8.1250000000000000e-001    +0.0000000000000000e+000
273      +3.1250000000000000e-001    +8.1250000000000000e-001    +0.0000000000000000e+000
274      +3.7500000000000000e-001    +8.1250000000000000e-001    +0.0000000000000000e+000
275      +4.3750000000000000e-001    +8.1250000000000000e-001    +0.0000000000000000e+000
276      +5.0000000000000000e-001    +8.1250000000000000e-001    +0.0000000000000000e+000
277      +5.6250000000000000e-001    +8.1250000000000000e-001    +0.0000000000000000e+000
278      +6.2500000000000000e-001    +8.1250000000000000e-001    +0.0000000000000000e+000
279      +6.8750000000000000e-001    +8.1250000000000000e-001    +0.0000000000000000e+000
280      +7.5000000000000000e-001    +8.1250000000000000e-001    +0.0000000000000000e+000
281      +8.1250000000000000e-001    +8.1250000000000000e-001    +0.0000000000000000e+000
282      +8.7500000000000000e-001    +8.1250000000000000e-001    +0.0000000000000000e+000
283      +9.3750000000000000e-001    +8.1250000000000000e-001    +0.0000000000000000e+000
284      +9.7916666666666696e-001    +8.1250000000000000e-001    +0.0000000000000000e+000
285      +1.0000000000000000e+000    +8.1250000000000000e-001    +0.0000000000000000e+000
286      +0.0000000000000000e+000    +8.7500000000000000e-001    +0.0000000000000000e+000
287      +2.0833333333332999e-002    +8.7500000000000000e-001    +0.0000000000000000e+000
288      +6.2500000000000000e-002    +8.7500000000000000e-001    +0.0000000000000000e+000
289      +1.2500000000000000e-001    +8.7500000000000000e-001    +0.0000000000000000e+000
290      +1.8750000000000000e-001    +8.7500000000000000e-001    +0.0000000000000000e+000
291      +2.5000000000000000e-001    +8.7500000000000000e-001    +0.0000000000000000e+000
292      +3.1250000000000000e-001    +8.7500000000000000e-001    +0.0000000000000000e+000
293      +3.7500000000000000e-001    +8.7500000000000000e-001    +0.0000000000000000e+000
294      +4.3750000000000000e-001    +8.7500000000000000e-001    +0.0000000000000000e+000
295      +5.0000000000000000e-001    +8.7500000000000000e-001    +0.0000000000000000e+000
296      +5.6250000000000000e-001    +8.7500000000000000e-001    +0.0000000000000000e+000
297      +6.2500000000000000e-001    +8.7500000000000000e-001    +0.0000000000000000e+000
298      +6.8750000000000000e-001    +8.7500000000000000e-001    +0.0000000000000000e+000
299      +7.5000000000000000e-001    +8.7500000000000000e-001    +0.0000000000000000e+000
300      +8.1250000000000000e-001    +8.7500000000000000e-001    +0.0000000000000000e+000
301      +8.7500000000000000e-001    +8.7500000000000000e-001    +0.0000000000000000e+000
302      +9.3750000000000000e-001    +8.7500000000000000e-001    +0.0000000000000000e+000
303      +9.7916666666666696e-001    +8.7500000000000000e-001    +0.0000000000000000e+000
304      +1.0000000000000000e+000    +8.7500000000000000e-001    +0.0000000000000000e+000
305      +0.0000000000000000e+000    +9.3750000000000000e-001    +0.0000000000000000e+000
306      +2.0833333333332999e-002    +9.3750000000000000e-001    +0.0000000000000000e+000
307      +6.2500000000000000e-002    +9.3750000000000000e-001    +0.0000000000000000e+000
308      +1.2500000000000000e-001    +9.3750000000000000e-001    +0.0000000000000000e+000
309      +1.8750000000000000e-001    +9.3750000000000000e-001    +0.0000000000000000e+000
310      +2.5000000000000000e-001    +9.3750000000000000e-001    +0.0000000000000000e+000
311      +3.1250000000000000e-001    +9.3750000000000000e-001    +0.0000000000000000e+000
312      +3.7500000000000000e-001    +9.3750000000000000e-001    +0.0000000000000000e+000
313      +4.3750000000000000e-001    +9.3750000000000000e-001    +0.0000000000000000e+000
314      +5.0000000000000000e-001    +9.3750000000000000e-001    +0.0000000000000000e+000
315      +5.6250000000000000e-001    +9.3750000000000000e-001    +0.0000000000000000e+000
316      +6.2500000000000000e-001    +9.3750000000000000e-001    +0.0000000000000000e+000
317      +6.8750000000000000e-001    +9.3750000000000000e-001    +0.0000000000000000e+000
318      +7.5000000000000000e-001    +9.3750000000000000e-001    +0.0000000000000000e+000
319      +8.1250000000000000e-001    +9.3750000000000000e-001    +0.0000000000000000e+000
320      +8.7500000000000000e-001    +9.3750000000000000e-001    +0.0000000000000000e+000
321      +9.3750000000000000e-001    +9.3750000000000000e-001    +0.0000000000000000e+000
322      +9.7916666666666696e-001    +9.3750000000000000e-001    +0.0000000000000000e+000
323      +1.0000000000000000e+000    +9.3750000000000000e-001    +0.0000000000000000e+000
324      +0.0000000000000000e+000    +9.7916666666666696e-001    +0.0000000000000000e+000
325      +2.0833333333332999e-002    +9.7916666666666696e-001    +0.0000000000000000e+000
326      +6.2500000000000000e-002    +9.7916666666666696e-001    +0.0000000000000000e+000
327      +1.2500000000000000e-001    +9.7916666666666696e-001    +0.0000000000000000e+000
328      +1.8750000000000000e-001    +9.7916666666666696e-001    +0.0000000000000000e+000
329      +2.5000000000000000e-001    +9.7916666666666696e-001    +0.0000000000000000e+000
330      +3.1250000000000000e-001    +9.7916666666666696e-001    +0.0000000000000000e+000
331      +3.7500000000000000e-001    +9.7916666666666696e-001    +0.0000000000000000e+000
332      +4.3750000000000000e-001    +9.7916666666666696e-001    +0.0000000000000000e+000
333      +5.0000000000000000e-001    +9.7916666666666696e-001    +0.0000000000000000e+000
334      +5.6250000000000000e-001    +9.7916666666666696e-001    +0.0000000000000000e+000
335      +6.2500000000000000e-001    +9.7916666666666696e-001    +0.0000000000000000e+000
336      +6.8750000000000000e-001    +9.7916666666666696e-001    +0.0000000000000000e+000
337      +7.5000000000000000e-001    +9.7916666666666696e-001    +0.0000000000000000e+000
338      +8.1250000000000000e-001    +9.7916666666666696e-001    +0.0000000000000000e+000
339      +8.7500000000000000e-001    +9.7916666666666696e-001    +0.0000000000000000e+000
340      +9.3750000000000000e-001    +9.7916666666666696e-001    +0.0000000000000000e+000
341      +9.7916666666666696e-001    +9.7916666666666696e-001    +0.0000000000000000e+000
342      +1.0000000000000000e+000    +9.7916666666666696e-001    +0.0000000000000000e+000
343      +0.0000000000000000e+000    +1.0000000000000000e+000    +0.0000000000000000e+000
344      +2.0833333333332999e-002    +1.0000000000000000e+000    +0.0000000000000000e+000
345      +6.2500000000000000e-002    +1.0000000000000000e+000    +0.0000000000000000e+000
346      +1.2500000000000000e-001    +1.0000000000000000e+000    +0.0000000000000000e+000
347      +1.8750000000000000e-001    +1.0000000000000000e+000    +0.0000000000000000e+000
348      +2.5000000000000000e-001    +1.0000000000000000e+000    +0.0000000000000000e+000
349      +3.1250000000000000e-001    +1.0000000000000000e+000    +0.0000000000000000e+000
350      +3.7500000000000000e-001    +1.0000000000000000e+000    +0.0000000000000000e+000
351      +4.3750000000000000e-001    +1.0000000000000000e+000    +0.0000000000000000e+000
352      +5.0000000000000000e-001    +1.0000000000000000e+000    +0.0000000000000000e+000
353      +5.6250000000000000e-001    +1.0000000000000000e+000    +0.0000000000000000e+000
354      +6.2500000000000000e-001    +1.0000000000000000e+000    +0.0000000000000000e+000
355      +6.8750000000000000e-001    +1.0000000000000000e+000    +0.0000000000000000e+000
356      +7.5000000000000000e-001    +1.0000000000000000e+000    +0.0000000000000000e+000
357      +8.1250000000000000e-001    +1.0000000000000000e+000    +0.0000000000000000e+000
358      +8.7500000000000000e-001    +1.0000000000000000e+000    +0.0000000000000000e+000
359      +9.3750000000000000e-001    +1.0000000000000000e+000    +0.0000000000000000e+000
360      +9.7916666666666696e-001    +1.0000000000000000e+000    +0.0000000000000000e+000
361      +1.0000000000000000e+000    +1.0000000000000000e+000    +0.0000000000000000e+000

%CONTROL.POINT.WEIGHT
361
1        +1.0000000000000000e+000
2        +1.0000000000000000e+000
3        +1.0000000000000000e+000
4        +1.0000000000000000e+000
5        +1.0000000000000000e+000
6        +1.0000000000000000e+000
7        +1.0000000000000000e+000
8        +1.0000000000000000e+000
9        +1.0000000000000000e+000
10       +1.0000000000000000e+000
11       +1.0000000000000000e+000
12       +1.0000000000000000e+000
13       +1.0000000000000000e+000
14       +1.0000000000000000e+000
15       +1.0000000000000000e+000
16       +1.0000000000000000e+000
17       +1.0000000000000000e+000
18       +1.0000000000000000e+000
19       +1.0000000000000000e+000
20       +1.0000000000000000e+000
21       +1.0000000000000000e+000
22       +1.0000000000000000e+000
23       +1.0000000000000000e+000
24       +1.0000000000000000e+000
25       +1.0000000000000000e+000
26       +1.0000000000000000e+000
27       +1.0000000000000000e+000
28       +1.0000000000000000e+000
29       +1.0000000000000000e+000
30       +1.0000000000000000e+000
31       +1.0000000000000000e+000
32       +1.0000000000000000e+000
33       +1.0000000000000000e+000
34       +1.0000000000000000e+000
35       +1.0000000000000000e+000
36       +1.0000000000000000e+000
37       +1.0000000000000000e+000
38       +1.0000000000000000e+000
39       +1.0000000000000000e+000
40       +1.0000000000000000e+000
41       +1.0000000000000000e+000
42       +1.0000000000000000e+000
43       +1.0000000000000000e+000
44       +1.0000000000000000e+000
45       +1.0000000000000000e+000
46       +1.0000000000000000e+000
47       +1.0000000000000000e+000
48       +1.0000000000000000e+000
49       +1.0000000000000000e+000
50       +1.0000000000000000e+000
51       +1.0000000000000000e+000
52       +1.0000000000000000e+000
53       +1.0000000000000000e+000
54       +1.0000000000000000e+000
55       +1.0000000000000000e+000
56       +1.0000000000000000e+000
57       +1.0000000000000000e+000
58       +1.0000000000000000e+000
59       +1.0000000000000000e+000
60       +1.0000000000000000e+000
61       +1.0000000000000000e+000
62       +1.0000000000000000e+000
63       +1.0000000000000000e+000
64       +1.0000000000000000e+000
65       +1.0000000000000000e+000
66       +1.0000000000000000e+000
67       +1.0000000000000000e+000
68       +1.0000000000000000e+000
69       +1.0000000000000000e+000
70       +1.0000000000000000e+000
71       +1.0000000000000000e+000
72       +1.0000000000000000e+000
73       +1.0000000000000000e+000
74       +1.0000000000000000e+000
75       +1.0000000000000000e+000
76       +1.0000000000000000e+000
77       +1.0000000000000000e+000
78       +1.0000000000000000e+000
79       +1.0000000000000000e+000
80       +1.0000000000000000e+000
81       +1.0000000000000000e+000
82       +1.0000000000000000e+000
83       +1.0000000000000000e+000
84       +1.0000000000000000e+000
85       +1.0000000000000000e+000
86       +1.0000000000000000e+000
87       +1.0000000000000000e+000
88       +1.0000000000000000e+000
89       +1.0000000000000000e+000
90       +1.0000000000000000e+000
91       +1.0000000000000000e+000
92       +1.0000000000000000e+000
93       +1.0000000000000000e+000
94       +1.0000000000000000e+000
95       +1.0000000000000000e+000
96       +1.0000000000000000e+000
97       +1.0000000000000000e+000
98       +1.0000000000000000e+000
99       +1.0000000000000000e+000
100      +1.0000000000000000e+000
101      +1.0000000000000000e+000
102      +1.0000000000000000e+000
103      +1.0000000000000000e+000
104      +1.0000000000000000e+000
105      +1.0000000000000000e+000
106      +1.0000000000000000e+000
107      +1.0000000000000000e+000
108      +1.0000000000000000e+000
109      +1.0000000000000000e+000
110      +1.0000000000000000e+000
111      +1.0000000000000000e+000
112      +1.0000000000000000e+000
113      +1.0000000000000000e+000
114      +1.0000000000000000e+000
115      +1.0000000000000000e+000
116      +1.0000000000000000e+000
117      +1.0000000000000000e+000
118      +1.0000000000000000e+000
119      +1.0000000000000000e+000
120      +1.0000000000000000e+000
121      +1.0000000000000000e+000
122      +1.0000000000000000e+000
123      +1.0000000000000000e+000
124      +1.0000000000000000e+000
125      +1.0000000000000000e+000
126      +1.0000000000000000e+000
127      +1.0000000000000000e+000
128      +1.0000000000000000e+000
129      +1.0000000000000000e+000
130      +1.0000000000000000e+000
131      +1.0000000000000000e+000
132      +1.0000000000000000e+000
133      +1.0000000000000000e+000
134      +1.0000000000000000e+000
135      +1.0000000000000000e+000
136      +1.0000000000000000e+000
137      +1.0000000000000000e+000
138      +1.0000000000000000e+000
139      +1.0000000000000000e+000
140      +1.0000000000000000e+000
141      +1.0000000000000000e+000
142      +1.0000000000000000e+000
143      +1.0000000000000000e+000
144      +1.0000000000000000e+000
145      +1.0000000000000000e+000
146      +1.0000000000000000e+000
147      +1.0000000000000000e+000
148      +1.0000000000000000e+000
149      +1.0000000000000000e+000
150      +1.0000000000000000e+000
151      +1.0000000000000000e+000
152      +1.0000000000000000e+000
153      +1.0000000000000000e+000
154      +1.0000000000000000e+000
155      +1.0000000000000000e+000
156      +1.0000000000000000e+000
157      +1.0000000000000000e+000
158      +1.0000000000000000e+000
159      +1.0000000000000000e+000
160      +1.0000000000000000e+000
161      +1.0000000000000000e+000
162      +1.0000000000000000e+000
163      +1.0000000000000000e+000
164      +1.0000000000000000e+000
165      +1.0000000000000000e+000
166      +1.0000000000000000e+000
167      +1.0000000000000000e+000
168      +1.0000000000000000e+000
169      +1.0000000000000000e+000
170      +1.0000000000000000e+000
171      +1.0000000000000000e+000
172      +1.0000000000000000e+000
173      +1.0000000000000000e+000
174      +1.0000000000000000e+000
175      +1.0000000000000000e+000
176      +1.0000000000000000e+000
177      +1.0000000000000000e+000
178      +1.0000000000000000e+000
179      +1.0000000000000000e+000
180      +1.0000000000000000e+000
181      +1.0000000000000000e+000
182      +1.0000000000000000e+000
183      +1.0000000000000000e+000
184      +1.0000000000000000e+000
185      +1.0000000000000000e+000
186      +1.0000000000000000e+000
187      +1.0000000000000000e+000
188      +1.0000000000000000e+000
189      +1.0000000000000000e+000
190      +1.0000000000000000e+000
191      +1.0000000000000000e+000
192      +1.0000000000000000e+000
193      +1.0000000000000000e+000
194      +1.0000000000000000e+000
195      +1.0000000000000000e+000
196      +1.0000000000000000e+000
197      +1.0000000000000000e+000
198      +1.0000000000000000e+000
199      +1.0000000000000000e+000
200      +1.0000000000000000e+000
201      +1.0000000000000000e+000
202      +1.0000000000000000e+000
203      +1.0000000000000000e+000
204      +1.0000000000000000e+000
205      +1.0000000000000000e+000
206      +1.0000000000000000e+000
207      +1.0000000000000000e+000
208      +1.0000000000000000e+000
209      +1.0000000000000000e+000
210      +1.0000000000000000e+000
211      +1.0000000000000000e+000
212      +1.0000000000000000e+000
213      +1.0000000000000000e+000
214      +1.0000000000000000e+000
215      +1.0000000000000000e+000
216      +1.0000000000000000e+000
217      +1.0000000000000000e+000
218      +1.0000000000000000e+000
219      +1.0000000000000000e+000
220      +1.0000000000000000e+000
221      +1.0000000000000000e+000
222      +1.0000000000000000e+000
223      +1.0000000000000000e+000
224      +1.0000000000000000e+000
225      +1.0000000000000000e+000
226      +1.0000000000000000e+000
227      +1.0000000000000000e+000
228      +1.0000000000000000e+000
229      +1.0000000000000000e+000
230      +1.0000000000000000e+000
231      +1.0000000000000000e+000
232      +1.0000000000000000e+000
233      +1.0000000000000000e+000
234      +1.0000000000000000e+000
235      +1.0000000000000000e+000
236      +1.0000000000000000e+000
237      +1.0000000000000000e+000
238      +1.0000000000000000e+000
239      +1.0000000000000000e+000
240      +1.0000000000000000e+000
241      +1.0000000000000000e+000
242      +1.0000000000000000e+000
243      +1.0000000000000000e+000
244      +1.0000000000000000e+000
245      +1.0000000000000000e+000
246      +1.0000000000000000e+000
247      +1.0000000000000000e+000
248      +1.0000000000000000e+000
249      +1.0000000000000000e+000
250      +1.0000000000000000e+000
251      +1.0000000000000000e+000
252      +1.0000000000000000e+000
253      +1.0000000000000000e+000
254      +1.0000000000000000e+000
255      +1.0000000000000000e+000
256      +1.0000000000000000e+000
257      +1.0000000000000000e+000
258      +1.0000000000000000e+000
259      +1.0000000000000000e+000
260      +1.0000000000000000e+000
261      +1.0000000000000000e+000
262      +1.0000000000000000e+000
263      +1.0000000000000000e+000
264      +1.0000000000000000e+000
265      +1.0000000000000000e+000
266      +1.0000000000000000e+000
267      +1.0000000000000000e+000
268      +1.0000000000000000e+000
269      +1.0000000000000000e+000
270      +1.0000000000000000e+000
271      +1.0000000000000000e+000
272      +1.0000000000000000e+000
273      +1.0000000000000000e+000
274      +1.0000000000000000e+000
275      +1.0000000000000000e+000
276      +1.0000000000000000e+000
277      +1.0000000000000000e+000
278      +1.0000000000000000e+000
279      +1.0000000000000000e+000
280      +1.0000000000000000e+000
281      +1.0000000000000000e+000
282      +1.0000000000000000e+000
283      +1.0000000000000000e+000
284      +1.0000000000000000e+000
285      +1.0000000000000000e+000
286      +1.0000000000000000e+000
287      +1.0000000000000000e+000
288      +1.0000000000000000e+000
289      +1.0000000000000000e+000
290      +1.0000000000000000e+000
291      +1.0000000000000000e+000
292      +1.0000000000000000e+000
293      +1.0000000000000000e+000
294      +1.0000000000000000e+000
295      +1.0000000000000000e+000
296      +1.0000000000000000e+000
297      +1.0000000000000000e+000
298      +1.0000000000000000e+000
299      +1.0000000000000000e+000
300      +1.0000000000000000e+000
301      +1.0000000000000000e+000
302      +1.0000000000000000e+000
303      +1.0000000000000000e+000
304      +1.0000000000000000e+000
305      +1.0000000000000000e+000
306      +1.0000000000000000e+000
307      +1.0000000000000000e+000
308      +1.0000000000000000e+000
309      +1.0000000000000000e+000
310      +1.0000000000000000e+000
311      +1.0000000000000000e+000
312      +1.0000000000000000e+000
313      +1.0000000000000000e+000
314      +1.0000000000000000e+000
315      +1.0000000000000000e+000
316      +1.0000000000000000e+000
317      +1.0000000000000000e+000
318      +1.0000000000000000e+000
319      +1.0000000000000000e+000
320      +1.0000000000000000e+000
321      +1.0000000000000000e+000
322      +1.0000000000000000e+000
323      +1.0000000000000000e+000
324      +1.0000000000000000e+000
325      +1.0000000000000000e+000
326      +1.0000000000000000e+000
327      +1.0000000000000000e+000
328      +1.0000000000000000e+000
329      +1.0000000000000000e+000
330      +1.0000000000000000e+000
331      +1.0000000000000000e+000
332      +1.0000000000000000e+000
333      +1.0000000000000000e+000
334      +1.0000000000000000e+000
335      +1.0000000000000000e+000
336      +1.0000000000000000e+000
337      +1.0000000000000000e+000
338      +1.0000000000000000e+000
339      +1.0000000000000000e+000
340      +1.0000000000000000e+000
341      +1.0000000000000000e+000
342      +1.0000000000000000e+000
343      +1.0000000000000000e+000
344      +1.0000000000000000e+000
345      +1.0000000000000000e+000
346      +1.0000000000000000e+000
347      +1.0000000000000000e+000
348      +1.0000000000000000e+000
349      +1.0000000000000000e+000
350      +1.0000000000000000e+000
351      +1.0000000000000000e+000
352      +1.0000000000000000e+000
353      +1.0000000000000000e+000
354      +1.0000000000000000e+000
355      +1.0000000000000000e+000
356      +1.0000000000000000e+000
357      +1.0000000000000000e+000
358      +1.0000000000000000e+000
359      +1.0000000000000000e+000
360      +1.0000000000000000e+000
361      +1.0000000000000000e+000

%NODE.SUPPORT
72
1         1 1 1 0 0 0
19        1 1 1 0 0 0
20        1 0 1 0 0 0
38        1 0 1 0 0 0
39        1 0 1 0 0 0
57        1 0 1 0 0 0
58        1 0 1 0 0 0
76        1 0 1 0 0 0
77        1 0 1 0 0 0
95        1 0 1 0 0 0
96        1 0 1 0 0 0
114       1 0 1 0 0 0
115       1 0 1 0 0 0
133       1 0 1 0 0 0
134       1 0 1 0 0 0
152       1 0 1 0 0 0
153       1 0 1 0 0 0
171       1 0 1 0 0 0
172       1 0 1 0 0 0
190       1 0 1 0 0 0
191       1 0 1 0 0 0
209       1 0 1 0 0 0
210       1 0 1 0 0 0
228       1 0 1 0 0 0
229       1 0 1 0 0 0
247       1 0 1 0 0 0
248       1 0 1 0 0 0
266       1 0 1 0 0 0
267       1 0 1 0 0 0
285       1 0 1 0 0 0
286       1 0 1 0 0 0
304       1 0 1 0 0 0
305       1 0 1 0 0 0
323       1 0 1 0 0 0
324       1 0 1 0 0 0
342       1 0 1 0 0 0
343       1 1 1 0 0 0
361       1 1 1 0 0 0
344       0 1 1 0 0 0
345       0 1 1 0 0 0
346       0 1 1 0 0 0
347       0 1 1 0 0 0
348       0 1 1 0 0 0
349       0 1 1 0 0 0
350       0 1 1 0 0 0
351       0 1 1 0 0 0
352       0 1 1 0 0 0
353       0 1 1 0 0 0
354       0 1 1 0 0 0
355       0 1 1 0 0 0
356       0 1 1 0 0 0
357       0 1 1 0 0 0
358       0 1 1 0 0 0
359       0 1 1 0 0 0
360       0 1 1 0 0 0
2         0 1 1 0 0 0
3         0 1 1 0 0 0
4         0 1 1 0 0 0
5         0 1 1 0 0 0
6         0 1 1 0 0 0
7         0 1 1 0 0 0
8         0 1 1 0 0 0
9         0 1 1 0 0 0
10        0 1 1 0 0 0
11        0 1 1 0 0 0
12        0 1 1 0 0 0
13        0 1 1 0 0 0
14        0 1 1 0 0 0
15        0 1 1 0 0 0
16        0 1 1 0 0 0
17        0 1 1 0 0 0
18        0 1 1 0 0 0

%PATCH
1
1 'bspsurf' 1 3 'General'  17 0.0000000000000000 1.0000000000000000 2.0000000000000000 3.0000000000000000 4.0000000000000000 5.0000000000000000 6.0000000000000000 7.0000000000000000 8.0000000000000000 9.0000000000000000 10.0000000000000000 11.0000000000000000 12.0000000000000000 13.0000000000000000 14.0000000000000000 15.0000000000000000 16.0000000000000000 4 1 1 1 1 1 1 1 1 1 1 1 1 1 1 1 4 
3 'General'  17 0.0000000000000000 1.0000000000000000 2.0000000000000000 3.0000000000000000 4.0000000000000000 5.0000000000000000 6.0000000000000000 7.0000000000000000 8.0000000000000000 9.0000000000000000 10.0000000000000000 11.0000000000000000 12.0000000000000000 13.0000000000000000 14.0000000000000000 15.0000000000000000 16.0000000000000000 4 1 1 1 1 1 1 1 1 1 1 1 1 1 1 1 4 
1 2 3 4 5 6 7 8 9 10 11 12 13 14 15 16 17 18 19 20 21 22 23 24 25 26 27 28 29 30 31 32 33 34 35 36 37 38 39 40 41 42 43 44 45 46 47 48 49 50 51 52 53 54 55 56 57 58 59 60 61 62 63 64 65 66 67 68 69 70 71 72 73 74 75 76 77 78 79 80 81 82 83 84 85 86 87 88 89 90 91 92 93 94 95 96 97 98 99 100 101 102 103 104 105 106 107 108 109 110 111 112 113 114 115 116 117 118 119 120 121 122 123 124 125 126 127 128 129 130 131 132 133 134 135 136 137 138 139 140 141 142 143 144 145 146 147 148 149 150 151 152 153 154 155 156 157 158 159 160 161 162 163 164 165 166 167 168 169 170 171 172 173 174 175 176 177 178 179 180 181 182 183 184 185 186 187 188 189 190 191 192 193 194 195 196 197 198 199 200 201 202 203 204 205 206 207 208 209 210 211 212 213 214 215 216 217 218 219 220 221 222 223 224 225 226 227 228 229 230 231 232 233 234 235 236 237 238 239 240 241 242 243 244 245 246 247 248 249 250 251 252 253 254 255 256 257 258 259 260 261 262 263 264 265 266 267 268 269 270 271 272 273 274 275 276 277 278 279 280 281 282 283 284 285 286 287 288 289 290 291 292 293 294 295 296 297 298 299 300 301 302 303 304 305 306 307 308 309 310 311 312 313 314 315 316 317 318 319 320 321 322 323 324 325 326 327 328 329 330 331 332 333 334 335 336 337 338 339 340 341 342 343 344 345 346 347 348 349 350 351 352 353 354 355 356 357 358 359 360 361

%MATERIAL
1

%MATERIAL.FGM
1
1       70e9    0.30    8000.0    151e9    0.30   3170.0    1

%%MATERIAL.ISOTROPIC
1
1       151e9    0.28

%SECTION
1

%SECTION.HSDT.FGM.PLATE
1
1    1     0.025    2.0    10    TSDT

%%SECTION.HSDT.PLATE
1
1    1     0.025    2 

%INTEGRATION.ORDER
1
1	4	4	1	4	4	1

%ELEMENT
256

%ELEMENT.HSDTPLATE.BSPLINE.SURFACETL
256
1           1 1 1 1    1   
2           1 1 1 2    1   
3           1 1 1 3    1   
4           1 1 1 4    1   
5           1 1 1 5    1   
6           1 1 1 6    1   
7           1 1 1 7    1   
8           1 1 1 8    1   
9           1 1 1 9    1   
10          1 1 1 10   1   
11          1 1 1 11   1   
12          1 1 1 12   1   
13          1 1 1 13   1   
14          1 1 1 14   1   
15          1 1 1 15   1   
16          1 1 1 16   1   
17          1 1 1 1    2   
18          1 1 1 2    2   
19          1 1 1 3    2   
20          1 1 1 4    2   
21          1 1 1 5    2   
22          1 1 1 6    2   
23          1 1 1 7    2   
24          1 1 1 8    2   
25          1 1 1 9    2   
26          1 1 1 10   2   
27          1 1 1 11   2   
28          1 1 1 12   2   
29          1 1 1 13   2   
30          1 1 1 14   2   
31          1 1 1 15   2   
32          1 1 1 16   2   
33          1 1 1 1    3   
34          1 1 1 2    3   
35          1 1 1 3    3   
36          1 1 1 4    3   
37          1 1 1 5    3   
38          1 1 1 6    3   
39          1 1 1 7    3   
40          1 1 1 8    3   
41          1 1 1 9    3   
42          1 1 1 10   3   
43          1 1 1 11   3   
44          1 1 1 12   3   
45          1 1 1 13   3   
46          1 1 1 14   3   
47          1 1 1 15   3   
48          1 1 1 16   3   
49          1 1 1 1    4   
50          1 1 1 2    4   
51          1 1 1 3    4   
52          1 1 1 4    4   
53          1 1 1 5    4   
54          1 1 1 6    4   
55          1 1 1 7    4   
56          1 1 1 8    4   
57          1 1 1 9    4   
58          1 1 1 10   4   
59          1 1 1 11   4   
60          1 1 1 12   4   
61          1 1 1 13   4   
62          1 1 1 14   4   
63          1 1 1 15   4   
64          1 1 1 16   4   
65          1 1 1 1    5   
66          1 1 1 2    5   
67          1 1 1 3    5   
68          1 1 1 4    5   
69          1 1 1 5    5   
70          1 1 1 6    5   
71          1 1 1 7    5   
72          1 1 1 8    5   
73          1 1 1 9    5   
74          1 1 1 10   5   
75          1 1 1 11   5   
76          1 1 1 12   5   
77          1 1 1 13   5   
78          1 1 1 14   5   
79          1 1 1 15   5   
80          1 1 1 16   5   
81          1 1 1 1    6   
82          1 1 1 2    6   
83          1 1 1 3    6   
84          1 1 1 4    6   
85          1 1 1 5    6   
86          1 1 1 6    6   
87          1 1 1 7    6   
88          1 1 1 8    6   
89          1 1 1 9    6   
90          1 1 1 10   6   
91          1 1 1 11   6   
92          1 1 1 12   6   
93          1 1 1 13   6   
94          1 1 1 14   6   
95          1 1 1 15   6   
96          1 1 1 16   6   
97          1 1 1 1    7   
98          1 1 1 2    7   
99          1 1 1 3    7   
100         1 1 1 4    7   
101         1 1 1 5    7   
102         1 1 1 6    7   
103         1 1 1 7    7   
104         1 1 1 8    7   
105         1 1 1 9    7   
106         1 1 1 10   7   
107         1 1 1 11   7   
108         1 1 1 12   7   
109         1 1 1 13   7   
110         1 1 1 14   7   
111         1 1 1 15   7   
112         1 1 1 16   7   
113         1 1 1 1    8   
114         1 1 1 2    8   
115         1 1 1 3    8   
116         1 1 1 4    8   
117         1 1 1 5    8   
118         1 1 1 6    8   
119         1 1 1 7    8   
120         1 1 1 8    8   
121         1 1 1 9    8   
122         1 1 1 10   8   
123         1 1 1 11   8   
124         1 1 1 12   8   
125         1 1 1 13   8   
126         1 1 1 14   8   
127         1 1 1 15   8   
128         1 1 1 16   8   
129         1 1 1 1    9   
130         1 1 1 2    9   
131         1 1 1 3    9   
132         1 1 1 4    9   
133         1 1 1 5    9   
134         1 1 1 6    9   
135         1 1 1 7    9   
136         1 1 1 8    9   
137         1 1 1 9    9   
138         1 1 1 10   9   
139         1 1 1 11   9   
140         1 1 1 12   9   
141         1 1 1 13   9   
142         1 1 1 14   9   
143         1 1 1 15   9   
144         1 1 1 16   9   
145         1 1 1 1    10  
146         1 1 1 2    10  
147         1 1 1 3    10  
148         1 1 1 4    10  
149         1 1 1 5    10  
150         1 1 1 6    10  
151         1 1 1 7    10  
152         1 1 1 8    10  
153         1 1 1 9    10  
154         1 1 1 10   10  
155         1 1 1 11   10  
156         1 1 1 12   10  
157         1 1 1 13   10  
158         1 1 1 14   10  
159         1 1 1 15   10  
160         1 1 1 16   10  
161         1 1 1 1    11  
162         1 1 1 2    11  
163         1 1 1 3    11  
164         1 1 1 4    11  
165         1 1 1 5    11  
166         1 1 1 6    11  
167         1 1 1 7    11  
168         1 1 1 8    11  
169         1 1 1 9    11  
170         1 1 1 10   11  
171         1 1 1 11   11  
172         1 1 1 12   11  
173         1 1 1 13   11  
174         1 1 1 14   11  
175         1 1 1 15   11  
176         1 1 1 16   11  
177         1 1 1 1    12  
178         1 1 1 2    12  
179         1 1 1 3    12  
180         1 1 1 4    12  
181         1 1 1 5    12  
182         1 1 1 6    12  
183         1 1 1 7    12  
184         1 1 1 8    12  
185         1 1 1 9    12  
186         1 1 1 10   12  
187         1 1 1 11   12  
188         1 1 1 12   12  
189         1 1 1 13   12  
190         1 1 1 14   12  
191         1 1 1 15   12  
192         1 1 1 16   12  
193         1 1 1 1    13  
194         1 1 1 2    13  
195         1 1 1 3    13  
196         1 1 1 4    13  
197         1 1 1 5    13  
198         1 1 1 6    13  
199         1 1 1 7    13  
200         1 1 1 8    13  
201         1 1 1 9    13  
202         1 1 1 10   13  
203         1 1 1 11   13  
204         1 1 1 12   13  
205         1 1 1 13   13  
206         1 1 1 14   13  
207         1 1 1 15   13  
208         1 1 1 16   13  
209         1 1 1 1    14  
210         1 1 1 2    14  
211         1 1 1 3    14  
212         1 1 1 4    14  
213         1 1 1 5    14  
214         1 1 1 6    14  
215         1 1 1 7    14  
216         1 1 1 8    14  
217         1 1 1 9    14  
218         1 1 1 10   14  
219         1 1 1 11   14  
220         1 1 1 12   14  
221         1 1 1 13   14  
222         1 1 1 14   14  
223         1 1 1 15   14  
224         1 1 1 16   14  
225         1 1 1 1    15  
226         1 1 1 2    15  
227         1 1 1 3    15  
228         1 1 1 4    15  
229         1 1 1 5    15  
230         1 1 1 6    15  
231         1 1 1 7    15  
232         1 1 1 8    15  
233         1 1 1 9    15  
234         1 1 1 10   15  
235         1 1 1 11   15  
236         1 1 1 12   15  
237         1 1 1 13   15  
238         1 1 1 14   15  
239         1 1 1 15   15  
240         1 1 1 16   15  
241         1 1 1 1    16  
242         1 1 1 2    16  
243         1 1 1 3    16  
244         1 1 1 4    16  
245         1 1 1 5    16  
246         1 1 1 6    16  
247         1 1 1 7    16  
248         1 1 1 8    16  
249         1 1 1 9    16  
250         1 1 1 10   16  
251         1 1 1 11   16  
252         1 1 1 12   16  
253         1 1 1 13   16  
254         1 1 1 14   16 
255         1 1 1 15   16  
256         1 1 1 16   16  

%LOAD.CASE.AREA.IGA.UNIFORM			
256					
1	'Above'	1	0.000000000000000	0.000000000000000	-50.0e3
2	'Above'	1	0.000000000000000	0.000000000000000	-50.0e3
3	'Above'	1	0.000000000000000	0.000000000000000	-50.0e3
4	'Above'	1	0.000000000000000	0.000000000000000	-50.0e3
5	'Above'	1	0.000000000000000	0.000000000000000	-50.0e3
6	'Above'	1	0.000000000000000	0.000000000000000	-50.0e3
7	'Above'	1	0.000000000000000	0.000000000000000	-50.0e3
8	'Above'	1	0.000000000000000	0.000000000000000	-50.0e3
9	'Above'	1	0.000000000000000	0.000000000000000	-50.0e3
10	'Above'	1	0.000000000000000	0.000000000000000	-50.0e3
11	'Above'	1	0.000000000000000	0.000000000000000	-50.0e3
12	'Above'	1	0.000000000000000	0.000000000000000	-50.0e3
13	'Above'	1	0.000000000000000	0.000000000000000	-50.0e3
14	'Above'	1	0.000000000000000	0.000000000000000	-50.0e3
15	'Above'	1	0.000000000000000	0.000000000000000	-50.0e3
16	'Above'	1	0.000000000000000	0.000000000000000	-50.0e3
17	'Above'	1	0.000000000000000	0.000000000000000	-50.0e3
18	'Above'	1	0.000000000000000	0.000000000000000	-50.0e3
19	'Above'	1	0.000000000000000	0.000000000000000	-50.0e3
20	'Above'	1	0.000000000000000	0.000000000000000	-50.0e3
21	'Above'	1	0.000000000000000	0.000000000000000	-50.0e3
22	'Above'	1	0.000000000000000	0.000000000000000	-50.0e3
23	'Above'	1	0.000000000000000	0.000000000000000	-50.0e3
24	'Above'	1	0.000000000000000	0.000000000000000	-50.0e3
25	'Above'	1	0.000000000000000	0.000000000000000	-50.0e3
26	'Above'	1	0.000000000000000	0.000000000000000	-50.0e3
27	'Above'	1	0.000000000000000	0.000000000000000	-50.0e3
28	'Above'	1	0.000000000000000	0.000000000000000	-50.0e3
29	'Above'	1	0.000000000000000	0.000000000000000	-50.0e3
30	'Above'	1	0.000000000000000	0.000000000000000	-50.0e3
31	'Above'	1	0.000000000000000	0.000000000000000	-50.0e3
32	'Above'	1	0.000000000000000	0.000000000000000	-50.0e3
33	'Above'	1	0.000000000000000	0.000000000000000	-50.0e3
34	'Above'	1	0.000000000000000	0.000000000000000	-50.0e3
35	'Above'	1	0.000000000000000	0.000000000000000	-50.0e3
36	'Above'	1	0.000000000000000	0.000000000000000	-50.0e3
37	'Above'	1	0.000000000000000	0.000000000000000	-50.0e3
38	'Above'	1	0.000000000000000	0.000000000000000	-50.0e3
39	'Above'	1	0.000000000000000	0.000000000000000	-50.0e3
40	'Above'	1	0.000000000000000	0.000000000000000	-50.0e3
41	'Above'	1	0.000000000000000	0.000000000000000	-50.0e3
42	'Above'	1	0.000000000000000	0.000000000000000	-50.0e3
43	'Above'	1	0.000000000000000	0.000000000000000	-50.0e3
44	'Above'	1	0.000000000000000	0.000000000000000	-50.0e3
45	'Above'	1	0.000000000000000	0.000000000000000	-50.0e3
46	'Above'	1	0.000000000000000	0.000000000000000	-50.0e3
47	'Above'	1	0.000000000000000	0.000000000000000	-50.0e3
48	'Above'	1	0.000000000000000	0.000000000000000	-50.0e3
49	'Above'	1	0.000000000000000	0.000000000000000	-50.0e3
50	'Above'	1	0.000000000000000	0.000000000000000	-50.0e3
51	'Above'	1	0.000000000000000	0.000000000000000	-50.0e3
52	'Above'	1	0.000000000000000	0.000000000000000	-50.0e3
53	'Above'	1	0.000000000000000	0.000000000000000	-50.0e3
54	'Above'	1	0.000000000000000	0.000000000000000	-50.0e3
55	'Above'	1	0.000000000000000	0.000000000000000	-50.0e3
56	'Above'	1	0.000000000000000	0.000000000000000	-50.0e3
57	'Above'	1	0.000000000000000	0.000000000000000	-50.0e3
58	'Above'	1	0.000000000000000	0.000000000000000	-50.0e3
59	'Above'	1	0.000000000000000	0.000000000000000	-50.0e3
60	'Above'	1	0.000000000000000	0.000000000000000	-50.0e3
61	'Above'	1	0.000000000000000	0.000000000000000	-50.0e3
62	'Above'	1	0.000000000000000	0.000000000000000	-50.0e3
63	'Above'	1	0.000000000000000	0.000000000000000	-50.0e3
64	'Above'	1	0.000000000000000	0.000000000000000	-50.0e3
65	'Above'	1	0.000000000000000	0.000000000000000	-50.0e3
66	'Above'	1	0.000000000000000	0.000000000000000	-50.0e3
67	'Above'	1	0.000000000000000	0.000000000000000	-50.0e3
68	'Above'	1	0.000000000000000	0.000000000000000	-50.0e3
69	'Above'	1	0.000000000000000	0.000000000000000	-50.0e3
70	'Above'	1	0.000000000000000	0.000000000000000	-50.0e3
71	'Above'	1	0.000000000000000	0.000000000000000	-50.0e3
72	'Above'	1	0.000000000000000	0.000000000000000	-50.0e3
73	'Above'	1	0.000000000000000	0.000000000000000	-50.0e3
74	'Above'	1	0.000000000000000	0.000000000000000	-50.0e3
75	'Above'	1	0.000000000000000	0.000000000000000	-50.0e3
76	'Above'	1	0.000000000000000	0.000000000000000	-50.0e3
77	'Above'	1	0.000000000000000	0.000000000000000	-50.0e3
78	'Above'	1	0.000000000000000	0.000000000000000	-50.0e3
79	'Above'	1	0.000000000000000	0.000000000000000	-50.0e3
80	'Above'	1	0.000000000000000	0.000000000000000	-50.0e3
81	'Above'	1	0.000000000000000	0.000000000000000	-50.0e3
82	'Above'	1	0.000000000000000	0.000000000000000	-50.0e3
83	'Above'	1	0.000000000000000	0.000000000000000	-50.0e3
84	'Above'	1	0.000000000000000	0.000000000000000	-50.0e3
85	'Above'	1	0.000000000000000	0.000000000000000	-50.0e3
86	'Above'	1	0.000000000000000	0.000000000000000	-50.0e3
87	'Above'	1	0.000000000000000	0.000000000000000	-50.0e3
88	'Above'	1	0.000000000000000	0.000000000000000	-50.0e3
89	'Above'	1	0.000000000000000	0.000000000000000	-50.0e3
90	'Above'	1	0.000000000000000	0.000000000000000	-50.0e3
91	'Above'	1	0.000000000000000	0.000000000000000	-50.0e3
92	'Above'	1	0.000000000000000	0.000000000000000	-50.0e3
93	'Above'	1	0.000000000000000	0.000000000000000	-50.0e3
94	'Above'	1	0.000000000000000	0.000000000000000	-50.0e3
95	'Above'	1	0.000000000000000	0.000000000000000	-50.0e3
96	'Above'	1	0.000000000000000	0.000000000000000	-50.0e3
97	'Above'	1	0.000000000000000	0.000000000000000	-50.0e3
98	'Above'	1	0.000000000000000	0.000000000000000	-50.0e3
99	'Above'	1	0.000000000000000	0.000000000000000	-50.0e3
100	'Above'	1	0.000000000000000	0.000000000000000	-50.0e3
101	'Above'	1	0.000000000000000	0.000000000000000	-50.0e3
102	'Above'	1	0.000000000000000	0.000000000000000	-50.0e3
103	'Above'	1	0.000000000000000	0.000000000000000	-50.0e3
104	'Above'	1	0.000000000000000	0.000000000000000	-50.0e3
105	'Above'	1	0.000000000000000	0.000000000000000	-50.0e3
106	'Above'	1	0.000000000000000	0.000000000000000	-50.0e3
107	'Above'	1	0.000000000000000	0.000000000000000	-50.0e3
108	'Above'	1	0.000000000000000	0.000000000000000	-50.0e3
109	'Above'	1	0.000000000000000	0.000000000000000	-50.0e3
110	'Above'	1	0.000000000000000	0.000000000000000	-50.0e3
111	'Above'	1	0.000000000000000	0.000000000000000	-50.0e3
112	'Above'	1	0.000000000000000	0.000000000000000	-50.0e3
113	'Above'	1	0.000000000000000	0.000000000000000	-50.0e3
114	'Above'	1	0.000000000000000	0.000000000000000	-50.0e3
115	'Above'	1	0.000000000000000	0.000000000000000	-50.0e3
116	'Above'	1	0.000000000000000	0.000000000000000	-50.0e3
117	'Above'	1	0.000000000000000	0.000000000000000	-50.0e3
118	'Above'	1	0.000000000000000	0.000000000000000	-50.0e3
119	'Above'	1	0.000000000000000	0.000000000000000	-50.0e3
120	'Above'	1	0.000000000000000	0.000000000000000	-50.0e3
121	'Above'	1	0.000000000000000	0.000000000000000	-50.0e3
122	'Above'	1	0.000000000000000	0.000000000000000	-50.0e3
123	'Above'	1	0.000000000000000	0.000000000000000	-50.0e3
124	'Above'	1	0.000000000000000	0.000000000000000	-50.0e3
125	'Above'	1	0.000000000000000	0.000000000000000	-50.0e3
126	'Above'	1	0.000000000000000	0.000000000000000	-50.0e3
127	'Above'	1	0.000000000000000	0.000000000000000	-50.0e3
128	'Above'	1	0.000000000000000	0.000000000000000	-50.0e3
129	'Above'	1	0.000000000000000	0.000000000000000	-50.0e3
130	'Above'	1	0.000000000000000	0.000000000000000	-50.0e3
131	'Above'	1	0.000000000000000	0.000000000000000	-50.0e3
132	'Above'	1	0.000000000000000	0.000000000000000	-50.0e3
133	'Above'	1	0.000000000000000	0.000000000000000	-50.0e3
134	'Above'	1	0.000000000000000	0.000000000000000	-50.0e3
135	'Above'	1	0.000000000000000	0.000000000000000	-50.0e3
136	'Above'	1	0.000000000000000	0.000000000000000	-50.0e3
137	'Above'	1	0.000000000000000	0.000000000000000	-50.0e3
138	'Above'	1	0.000000000000000	0.000000000000000	-50.0e3
139	'Above'	1	0.000000000000000	0.000000000000000	-50.0e3
140	'Above'	1	0.000000000000000	0.000000000000000	-50.0e3
141	'Above'	1	0.000000000000000	0.000000000000000	-50.0e3
142	'Above'	1	0.000000000000000	0.000000000000000	-50.0e3
143	'Above'	1	0.000000000000000	0.000000000000000	-50.0e3
144	'Above'	1	0.000000000000000	0.000000000000000	-50.0e3
145	'Above'	1	0.000000000000000	0.000000000000000	-50.0e3
146	'Above'	1	0.000000000000000	0.000000000000000	-50.0e3
147	'Above'	1	0.000000000000000	0.000000000000000	-50.0e3
148	'Above'	1	0.000000000000000	0.000000000000000	-50.0e3
149	'Above'	1	0.000000000000000	0.000000000000000	-50.0e3
150	'Above'	1	0.000000000000000	0.000000000000000	-50.0e3
151	'Above'	1	0.000000000000000	0.000000000000000	-50.0e3
152	'Above'	1	0.000000000000000	0.000000000000000	-50.0e3
153	'Above'	1	0.000000000000000	0.000000000000000	-50.0e3
154	'Above'	1	0.000000000000000	0.000000000000000	-50.0e3
155	'Above'	1	0.000000000000000	0.000000000000000	-50.0e3
156	'Above'	1	0.000000000000000	0.000000000000000	-50.0e3
157	'Above'	1	0.000000000000000	0.000000000000000	-50.0e3
158	'Above'	1	0.000000000000000	0.000000000000000	-50.0e3
159	'Above'	1	0.000000000000000	0.000000000000000	-50.0e3
160	'Above'	1	0.000000000000000	0.000000000000000	-50.0e3
161	'Above'	1	0.000000000000000	0.000000000000000	-50.0e3
162	'Above'	1	0.000000000000000	0.000000000000000	-50.0e3
163	'Above'	1	0.000000000000000	0.000000000000000	-50.0e3
164	'Above'	1	0.000000000000000	0.000000000000000	-50.0e3
165	'Above'	1	0.000000000000000	0.000000000000000	-50.0e3
166	'Above'	1	0.000000000000000	0.000000000000000	-50.0e3
167	'Above'	1	0.000000000000000	0.000000000000000	-50.0e3
168	'Above'	1	0.000000000000000	0.000000000000000	-50.0e3
169	'Above'	1	0.000000000000000	0.000000000000000	-50.0e3
170	'Above'	1	0.000000000000000	0.000000000000000	-50.0e3
171	'Above'	1	0.000000000000000	0.000000000000000	-50.0e3
172	'Above'	1	0.000000000000000	0.000000000000000	-50.0e3
173	'Above'	1	0.000000000000000	0.000000000000000	-50.0e3
174	'Above'	1	0.000000000000000	0.000000000000000	-50.0e3
175	'Above'	1	0.000000000000000	0.000000000000000	-50.0e3
176	'Above'	1	0.000000000000000	0.000000000000000	-50.0e3
177	'Above'	1	0.000000000000000	0.000000000000000	-50.0e3
178	'Above'	1	0.000000000000000	0.000000000000000	-50.0e3
179	'Above'	1	0.000000000000000	0.000000000000000	-50.0e3
180	'Above'	1	0.000000000000000	0.000000000000000	-50.0e3
181	'Above'	1	0.000000000000000	0.000000000000000	-50.0e3
182	'Above'	1	0.000000000000000	0.000000000000000	-50.0e3
183	'Above'	1	0.000000000000000	0.000000000000000	-50.0e3
184	'Above'	1	0.000000000000000	0.000000000000000	-50.0e3
185	'Above'	1	0.000000000000000	0.000000000000000	-50.0e3
186	'Above'	1	0.000000000000000	0.000000000000000	-50.0e3
187	'Above'	1	0.000000000000000	0.000000000000000	-50.0e3
188	'Above'	1	0.000000000000000	0.000000000000000	-50.0e3
189	'Above'	1	0.000000000000000	0.000000000000000	-50.0e3
190	'Above'	1	0.000000000000000	0.000000000000000	-50.0e3
191	'Above'	1	0.000000000000000	0.000000000000000	-50.0e3
192	'Above'	1	0.000000000000000	0.000000000000000	-50.0e3
193	'Above'	1	0.000000000000000	0.000000000000000	-50.0e3
194	'Above'	1	0.000000000000000	0.000000000000000	-50.0e3
195	'Above'	1	0.000000000000000	0.000000000000000	-50.0e3
196	'Above'	1	0.000000000000000	0.000000000000000	-50.0e3
197	'Above'	1	0.000000000000000	0.000000000000000	-50.0e3
198	'Above'	1	0.000000000000000	0.000000000000000	-50.0e3
199	'Above'	1	0.000000000000000	0.000000000000000	-50.0e3
200	'Above'	1	0.000000000000000	0.000000000000000	-50.0e3
201	'Above'	1	0.000000000000000	0.000000000000000	-50.0e3
202	'Above'	1	0.000000000000000	0.000000000000000	-50.0e3
203	'Above'	1	0.000000000000000	0.000000000000000	-50.0e3
204	'Above'	1	0.000000000000000	0.000000000000000	-50.0e3
205	'Above'	1	0.000000000000000	0.000000000000000	-50.0e3
206	'Above'	1	0.000000000000000	0.000000000000000	-50.0e3
207	'Above'	1	0.000000000000000	0.000000000000000	-50.0e3
208	'Above'	1	0.000000000000000	0.000000000000000	-50.0e3
209	'Above'	1	0.000000000000000	0.000000000000000	-50.0e3
210	'Above'	1	0.000000000000000	0.000000000000000	-50.0e3
211	'Above'	1	0.000000000000000	0.000000000000000	-50.0e3
212	'Above'	1	0.000000000000000	0.000000000000000	-50.0e3
213	'Above'	1	0.000000000000000	0.000000000000000	-50.0e3
214	'Above'	1	0.000000000000000	0.000000000000000	-50.0e3
215	'Above'	1	0.000000000000000	0.000000000000000	-50.0e3
216	'Above'	1	0.000000000000000	0.000000000000000	-50.0e3
217	'Above'	1	0.000000000000000	0.000000000000000	-50.0e3
218	'Above'	1	0.000000000000000	0.000000000000000	-50.0e3
219	'Above'	1	0.000000000000000	0.000000000000000	-50.0e3
220	'Above'	1	0.000000000000000	0.000000000000000	-50.0e3
221	'Above'	1	0.000000000000000	0.000000000000000	-50.0e3
222	'Above'	1	0.000000000000000	0.000000000000000	-50.0e3
223	'Above'	1	0.000000000000000	0.000000000000000	-50.0e3
224	'Above'	1	0.000000000000000	0.000000000000000	-50.0e3
225	'Above'	1	0.000000000000000	0.000000000000000	-50.0e3
226	'Above'	1	0.000000000000000	0.000000000000000	-50.0e3
227	'Above'	1	0.000000000000000	0.000000000000000	-50.0e3
228	'Above'	1	0.000000000000000	0.000000000000000	-50.0e3
229	'Above'	1	0.000000000000000	0.000000000000000	-50.0e3
230	'Above'	1	0.000000000000000	0.000000000000000	-50.0e3
231	'Above'	1	0.000000000000000	0.000000000000000	-50.0e3
232	'Above'	1	0.000000000000000	0.000000000000000	-50.0e3
233	'Above'	1	0.000000000000000	0.000000000000000	-50.0e3
234	'Above'	1	0.000000000000000	0.000000000000000	-50.0e3
235	'Above'	1	0.000000000000000	0.000000000000000	-50.0e3
236	'Above'	1	0.000000000000000	0.000000000000000	-50.0e3
237	'Above'	1	0.000000000000000	0.000000000000000	-50.0e3
238	'Above'	1	0.000000000000000	0.000000000000000	-50.0e3
239	'Above'	1	0.000000000000000	0.000000000000000	-50.0e3
240	'Above'	1	0.000000000000000	0.000000000000000	-50.0e3
241	'Above'	1	0.000000000000000	0.000000000000000	-50.0e3
242	'Above'	1	0.000000000000000	0.000000000000000	-50.0e3
243	'Above'	1	0.000000000000000	0.000000000000000	-50.0e3
244	'Above'	1	0.000000000000000	0.000000000000000	-50.0e3
245	'Above'	1	0.000000000000000	0.000000000000000	-50.0e3
246	'Above'	1	0.000000000000000	0.000000000000000	-50.0e3
247	'Above'	1	0.000000000000000	0.000000000000000	-50.0e3
248	'Above'	1	0.000000000000000	0.000000000000000	-50.0e3
249	'Above'	1	0.000000000000000	0.000000000000000	-50.0e3
250	'Above'	1	0.000000000000000	0.000000000000000	-50.0e3
251	'Above'	1	0.000000000000000	0.000000000000000	-50.0e3
252	'Above'	1	0.000000000000000	0.000000000000000	-50.0e3
253	'Above'	1	0.000000000000000	0.000000000000000	-50.0e3
254	'Above'	1	0.000000000000000	0.000000000000000	-50.0e3
255	'Above'	1	0.000000000000000	0.000000000000000	-50.0e3
256	'Above'	1	0.000000000000000	0.000000000000000	-50.0e3

%PATCH.OUTPUT.POINT
1
1   8.0     8.0

%END
