%HEADER
----------------------------------------------------------------------------------
Buckling of a clamped FGM plate subject to uniaxial load.
----------------------------------------------------------------------------------
Exponent (n)	 0	 0.5	   1	   2	   3	      5
lambda        5.7868   4.9801   4.6852   4.4735   4.3831   4.2738  (FAST)
lambda_norm   10.060   8.6579   8.1452   7.7772   7.6200   7.4300  (FAST)
lambda_norm   10.057   8.6538   8.1424   7.7745   7.6173   7.4275  (Ref)
----------------------------------------------------------------------------------
a  = 2
h  = 0.02
Nx = 1e6
D0 = Ec*h^3/(12*(1 - nuc^2)) = 2.3312e+05
lambda_norm = lambda*Nx*a^2/(pi^2*D0) = lambda*1.7385
----------------------------------------------------------------------------------
Ref: Bateni, M., Kiani, Y. & Eslami, M. R., "A comprehensive study on stability
of FGM plates", International Journal of Mechanical Sciences, 75, 2013,p. 134-144.
----------------------------------------------------------------------------------

%HEADER.ANALYSIS.ALGORITHM
'LinearStability'

%HEADER.ANALYSIS.MAXIMUM.ITERATIONS
50

%HEADER.ANALYSIS.TOLERANCE
1.0e-06

%IGA.PRINT.EQUIVALENT.MESH
1

%NODE
484

%NODE.COORD
484
1    -1.000000000000000 -1.000000000000000 0.000000000000000
2    -0.950000000000000 -1.000000000000000 0.000000000000000
3    -0.850000000000000 -1.000000000000000 0.000000000000000
4    -0.750000000000000 -1.000000000000000 0.000000000000000
5    -0.650000000000000 -1.000000000000000 0.000000000000000
6    -0.550000000000000 -1.000000000000000 0.000000000000000
7    -0.450000000000000 -1.000000000000000 0.000000000000000
8    -0.350000000000000 -1.000000000000000 0.000000000000000
9    -0.250000000000000 -1.000000000000000 0.000000000000000
10   -0.150000000000000 -1.000000000000000 0.000000000000000
11   -0.050000000000000 -1.000000000000000 0.000000000000000
12   0.050000000000000 -1.000000000000000 0.000000000000000
13   0.150000000000000 -1.000000000000000 0.000000000000000
14   0.250000000000000 -1.000000000000000 0.000000000000000
15   0.350000000000000 -1.000000000000000 0.000000000000000
16   0.450000000000000 -1.000000000000000 0.000000000000000
17   0.550000000000000 -1.000000000000000 0.000000000000000
18   0.650000000000000 -1.000000000000000 0.000000000000000
19   0.750000000000000 -1.000000000000000 0.000000000000000
20   0.850000000000000 -1.000000000000000 0.000000000000000
21   0.950000000000000 -1.000000000000000 0.000000000000000
22   1.000000000000000 -1.000000000000000 0.000000000000000
23   -1.000000000000000 -0.950000000000000 0.000000000000000
24   -0.950000000000000 -0.950000000000000 0.000000000000000
25   -0.850000000000000 -0.950000000000000 0.000000000000000
26   -0.750000000000000 -0.950000000000000 0.000000000000000
27   -0.650000000000000 -0.950000000000000 0.000000000000000
28   -0.550000000000000 -0.950000000000000 0.000000000000000
29   -0.450000000000000 -0.950000000000000 0.000000000000000
30   -0.350000000000000 -0.950000000000000 0.000000000000000
31   -0.250000000000000 -0.950000000000000 0.000000000000000
32   -0.150000000000000 -0.950000000000000 0.000000000000000
33   -0.050000000000000 -0.950000000000000 0.000000000000000
34   0.050000000000000 -0.950000000000000 0.000000000000000
35   0.150000000000000 -0.950000000000000 0.000000000000000
36   0.250000000000000 -0.950000000000000 0.000000000000000
37   0.350000000000000 -0.950000000000000 0.000000000000000
38   0.450000000000000 -0.950000000000000 0.000000000000000
39   0.550000000000000 -0.950000000000000 0.000000000000000
40   0.650000000000000 -0.950000000000000 0.000000000000000
41   0.750000000000000 -0.950000000000000 0.000000000000000
42   0.850000000000000 -0.950000000000000 0.000000000000000
43   0.950000000000000 -0.950000000000000 0.000000000000000
44   1.000000000000000 -0.950000000000000 0.000000000000000
45   -1.000000000000000 -0.850000000000000 0.000000000000000
46   -0.950000000000000 -0.850000000000000 0.000000000000000
47   -0.850000000000000 -0.850000000000000 0.000000000000000
48   -0.750000000000000 -0.850000000000000 0.000000000000000
49   -0.650000000000000 -0.850000000000000 0.000000000000000
50   -0.550000000000000 -0.850000000000000 0.000000000000000
51   -0.450000000000000 -0.850000000000000 0.000000000000000
52   -0.350000000000000 -0.850000000000000 0.000000000000000
53   -0.250000000000000 -0.850000000000000 0.000000000000000
54   -0.150000000000000 -0.850000000000000 0.000000000000000
55   -0.050000000000000 -0.850000000000000 0.000000000000000
56   0.050000000000000 -0.850000000000000 0.000000000000000
57   0.150000000000000 -0.850000000000000 0.000000000000000
58   0.250000000000000 -0.850000000000000 0.000000000000000
59   0.350000000000000 -0.850000000000000 0.000000000000000
60   0.450000000000000 -0.850000000000000 0.000000000000000
61   0.550000000000000 -0.850000000000000 0.000000000000000
62   0.650000000000000 -0.850000000000000 0.000000000000000
63   0.750000000000000 -0.850000000000000 0.000000000000000
64   0.850000000000000 -0.850000000000000 0.000000000000000
65   0.950000000000000 -0.850000000000000 0.000000000000000
66   1.000000000000000 -0.850000000000000 0.000000000000000
67   -1.000000000000000 -0.750000000000000 0.000000000000000
68   -0.950000000000000 -0.750000000000000 0.000000000000000
69   -0.850000000000000 -0.750000000000000 0.000000000000000
70   -0.750000000000000 -0.750000000000000 0.000000000000000
71   -0.650000000000000 -0.750000000000000 0.000000000000000
72   -0.550000000000000 -0.750000000000000 0.000000000000000
73   -0.450000000000000 -0.750000000000000 0.000000000000000
74   -0.350000000000000 -0.750000000000000 0.000000000000000
75   -0.250000000000000 -0.750000000000000 0.000000000000000
76   -0.150000000000000 -0.750000000000000 0.000000000000000
77   -0.050000000000000 -0.750000000000000 0.000000000000000
78   0.050000000000000 -0.750000000000000 0.000000000000000
79   0.150000000000000 -0.750000000000000 0.000000000000000
80   0.250000000000000 -0.750000000000000 0.000000000000000
81   0.350000000000000 -0.750000000000000 0.000000000000000
82   0.450000000000000 -0.750000000000000 0.000000000000000
83   0.550000000000000 -0.750000000000000 0.000000000000000
84   0.650000000000000 -0.750000000000000 0.000000000000000
85   0.750000000000000 -0.750000000000000 0.000000000000000
86   0.850000000000000 -0.750000000000000 0.000000000000000
87   0.950000000000000 -0.750000000000000 0.000000000000000
88   1.000000000000000 -0.750000000000000 0.000000000000000
89   -1.000000000000000 -0.650000000000000 0.000000000000000
90   -0.950000000000000 -0.650000000000000 0.000000000000000
91   -0.850000000000000 -0.650000000000000 0.000000000000000
92   -0.750000000000000 -0.650000000000000 0.000000000000000
93   -0.650000000000000 -0.650000000000000 0.000000000000000
94   -0.550000000000000 -0.650000000000000 0.000000000000000
95   -0.450000000000000 -0.650000000000000 0.000000000000000
96   -0.350000000000000 -0.650000000000000 0.000000000000000
97   -0.250000000000000 -0.650000000000000 0.000000000000000
98   -0.150000000000000 -0.650000000000000 0.000000000000000
99   -0.050000000000000 -0.650000000000000 0.000000000000000
100  0.050000000000000 -0.650000000000000 0.000000000000000
101  0.150000000000000 -0.650000000000000 0.000000000000000
102  0.250000000000000 -0.650000000000000 0.000000000000000
103  0.350000000000000 -0.650000000000000 0.000000000000000
104  0.450000000000000 -0.650000000000000 0.000000000000000
105  0.550000000000000 -0.650000000000000 0.000000000000000
106  0.650000000000000 -0.650000000000000 0.000000000000000
107  0.750000000000000 -0.650000000000000 0.000000000000000
108  0.850000000000000 -0.650000000000000 0.000000000000000
109  0.950000000000000 -0.650000000000000 0.000000000000000
110  1.000000000000000 -0.650000000000000 0.000000000000000
111  -1.000000000000000 -0.550000000000000 0.000000000000000
112  -0.950000000000000 -0.550000000000000 0.000000000000000
113  -0.850000000000000 -0.550000000000000 0.000000000000000
114  -0.750000000000000 -0.550000000000000 0.000000000000000
115  -0.650000000000000 -0.550000000000000 0.000000000000000
116  -0.550000000000000 -0.550000000000000 0.000000000000000
117  -0.450000000000000 -0.550000000000000 0.000000000000000
118  -0.350000000000000 -0.550000000000000 0.000000000000000
119  -0.250000000000000 -0.550000000000000 0.000000000000000
120  -0.150000000000000 -0.550000000000000 0.000000000000000
121  -0.050000000000000 -0.550000000000000 0.000000000000000
122  0.050000000000000 -0.550000000000000 0.000000000000000
123  0.150000000000000 -0.550000000000000 0.000000000000000
124  0.250000000000000 -0.550000000000000 0.000000000000000
125  0.350000000000000 -0.550000000000000 0.000000000000000
126  0.450000000000000 -0.550000000000000 0.000000000000000
127  0.550000000000000 -0.550000000000000 0.000000000000000
128  0.650000000000000 -0.550000000000000 0.000000000000000
129  0.750000000000000 -0.550000000000000 0.000000000000000
130  0.850000000000000 -0.550000000000000 0.000000000000000
131  0.950000000000000 -0.550000000000000 0.000000000000000
132  1.000000000000000 -0.550000000000000 0.000000000000000
133  -1.000000000000000 -0.450000000000000 0.000000000000000
134  -0.950000000000000 -0.450000000000000 0.000000000000000
135  -0.850000000000000 -0.450000000000000 0.000000000000000
136  -0.750000000000000 -0.450000000000000 0.000000000000000
137  -0.650000000000000 -0.450000000000000 0.000000000000000
138  -0.550000000000000 -0.450000000000000 0.000000000000000
139  -0.450000000000000 -0.450000000000000 0.000000000000000
140  -0.350000000000000 -0.450000000000000 0.000000000000000
141  -0.250000000000000 -0.450000000000000 0.000000000000000
142  -0.150000000000000 -0.450000000000000 0.000000000000000
143  -0.050000000000000 -0.450000000000000 0.000000000000000
144  0.050000000000000 -0.450000000000000 0.000000000000000
145  0.150000000000000 -0.450000000000000 0.000000000000000
146  0.250000000000000 -0.450000000000000 0.000000000000000
147  0.350000000000000 -0.450000000000000 0.000000000000000
148  0.450000000000000 -0.450000000000000 0.000000000000000
149  0.550000000000000 -0.450000000000000 0.000000000000000
150  0.650000000000000 -0.450000000000000 0.000000000000000
151  0.750000000000000 -0.450000000000000 0.000000000000000
152  0.850000000000000 -0.450000000000000 0.000000000000000
153  0.950000000000000 -0.450000000000000 0.000000000000000
154  1.000000000000000 -0.450000000000000 0.000000000000000
155  -1.000000000000000 -0.350000000000000 0.000000000000000
156  -0.950000000000000 -0.350000000000000 0.000000000000000
157  -0.850000000000000 -0.350000000000000 0.000000000000000
158  -0.750000000000000 -0.350000000000000 0.000000000000000
159  -0.650000000000000 -0.350000000000000 0.000000000000000
160  -0.550000000000000 -0.350000000000000 0.000000000000000
161  -0.450000000000000 -0.350000000000000 0.000000000000000
162  -0.350000000000000 -0.350000000000000 0.000000000000000
163  -0.250000000000000 -0.350000000000000 0.000000000000000
164  -0.150000000000000 -0.350000000000000 0.000000000000000
165  -0.050000000000000 -0.350000000000000 0.000000000000000
166  0.050000000000000 -0.350000000000000 0.000000000000000
167  0.150000000000000 -0.350000000000000 0.000000000000000
168  0.250000000000000 -0.350000000000000 0.000000000000000
169  0.350000000000000 -0.350000000000000 0.000000000000000
170  0.450000000000000 -0.350000000000000 0.000000000000000
171  0.550000000000000 -0.350000000000000 0.000000000000000
172  0.650000000000000 -0.350000000000000 0.000000000000000
173  0.750000000000000 -0.350000000000000 0.000000000000000
174  0.850000000000000 -0.350000000000000 0.000000000000000
175  0.950000000000000 -0.350000000000000 0.000000000000000
176  1.000000000000000 -0.350000000000000 0.000000000000000
177  -1.000000000000000 -0.250000000000000 0.000000000000000
178  -0.950000000000000 -0.250000000000000 0.000000000000000
179  -0.850000000000000 -0.250000000000000 0.000000000000000
180  -0.750000000000000 -0.250000000000000 0.000000000000000
181  -0.650000000000000 -0.250000000000000 0.000000000000000
182  -0.550000000000000 -0.250000000000000 0.000000000000000
183  -0.450000000000000 -0.250000000000000 0.000000000000000
184  -0.350000000000000 -0.250000000000000 0.000000000000000
185  -0.250000000000000 -0.250000000000000 0.000000000000000
186  -0.150000000000000 -0.250000000000000 0.000000000000000
187  -0.050000000000000 -0.250000000000000 0.000000000000000
188  0.050000000000000 -0.250000000000000 0.000000000000000
189  0.150000000000000 -0.250000000000000 0.000000000000000
190  0.250000000000000 -0.250000000000000 0.000000000000000
191  0.350000000000000 -0.250000000000000 0.000000000000000
192  0.450000000000000 -0.250000000000000 0.000000000000000
193  0.550000000000000 -0.250000000000000 0.000000000000000
194  0.650000000000000 -0.250000000000000 0.000000000000000
195  0.750000000000000 -0.250000000000000 0.000000000000000
196  0.850000000000000 -0.250000000000000 0.000000000000000
197  0.950000000000000 -0.250000000000000 0.000000000000000
198  1.000000000000000 -0.250000000000000 0.000000000000000
199  -1.000000000000000 -0.150000000000000 0.000000000000000
200  -0.950000000000000 -0.150000000000000 0.000000000000000
201  -0.850000000000000 -0.150000000000000 0.000000000000000
202  -0.750000000000000 -0.150000000000000 0.000000000000000
203  -0.650000000000000 -0.150000000000000 0.000000000000000
204  -0.550000000000000 -0.150000000000000 0.000000000000000
205  -0.450000000000000 -0.150000000000000 0.000000000000000
206  -0.350000000000000 -0.150000000000000 0.000000000000000
207  -0.250000000000000 -0.150000000000000 0.000000000000000
208  -0.150000000000000 -0.150000000000000 0.000000000000000
209  -0.050000000000000 -0.150000000000000 0.000000000000000
210  0.050000000000000 -0.150000000000000 0.000000000000000
211  0.150000000000000 -0.150000000000000 0.000000000000000
212  0.250000000000000 -0.150000000000000 0.000000000000000
213  0.350000000000000 -0.150000000000000 0.000000000000000
214  0.450000000000000 -0.150000000000000 0.000000000000000
215  0.550000000000000 -0.150000000000000 0.000000000000000
216  0.650000000000000 -0.150000000000000 0.000000000000000
217  0.750000000000000 -0.150000000000000 0.000000000000000
218  0.850000000000000 -0.150000000000000 0.000000000000000
219  0.950000000000000 -0.150000000000000 0.000000000000000
220  1.000000000000000 -0.150000000000000 0.000000000000000
221  -1.000000000000000 -0.050000000000000 0.000000000000000
222  -0.950000000000000 -0.050000000000000 0.000000000000000
223  -0.850000000000000 -0.050000000000000 0.000000000000000
224  -0.750000000000000 -0.050000000000000 0.000000000000000
225  -0.650000000000000 -0.050000000000000 0.000000000000000
226  -0.550000000000000 -0.050000000000000 0.000000000000000
227  -0.450000000000000 -0.050000000000000 0.000000000000000
228  -0.350000000000000 -0.050000000000000 0.000000000000000
229  -0.250000000000000 -0.050000000000000 0.000000000000000
230  -0.150000000000000 -0.050000000000000 0.000000000000000
231  -0.050000000000000 -0.050000000000000 0.000000000000000
232  0.050000000000000 -0.050000000000000 0.000000000000000
233  0.150000000000000 -0.050000000000000 0.000000000000000
234  0.250000000000000 -0.050000000000000 0.000000000000000
235  0.350000000000000 -0.050000000000000 0.000000000000000
236  0.450000000000000 -0.050000000000000 0.000000000000000
237  0.550000000000000 -0.050000000000000 0.000000000000000
238  0.650000000000000 -0.050000000000000 0.000000000000000
239  0.750000000000000 -0.050000000000000 0.000000000000000
240  0.850000000000000 -0.050000000000000 0.000000000000000
241  0.950000000000000 -0.050000000000000 0.000000000000000
242  1.000000000000000 -0.050000000000000 0.000000000000000
243  -1.000000000000000 0.050000000000000 0.000000000000000
244  -0.950000000000000 0.050000000000000 0.000000000000000
245  -0.850000000000000 0.050000000000000 0.000000000000000
246  -0.750000000000000 0.050000000000000 0.000000000000000
247  -0.650000000000000 0.050000000000000 0.000000000000000
248  -0.550000000000000 0.050000000000000 0.000000000000000
249  -0.450000000000000 0.050000000000000 0.000000000000000
250  -0.350000000000000 0.050000000000000 0.000000000000000
251  -0.250000000000000 0.050000000000000 0.000000000000000
252  -0.150000000000000 0.050000000000000 0.000000000000000
253  -0.050000000000000 0.050000000000000 0.000000000000000
254  0.050000000000000 0.050000000000000 0.000000000000000
255  0.150000000000000 0.050000000000000 0.000000000000000
256  0.250000000000000 0.050000000000000 0.000000000000000
257  0.350000000000000 0.050000000000000 0.000000000000000
258  0.450000000000000 0.050000000000000 0.000000000000000
259  0.550000000000000 0.050000000000000 0.000000000000000
260  0.650000000000000 0.050000000000000 0.000000000000000
261  0.750000000000000 0.050000000000000 0.000000000000000
262  0.850000000000000 0.050000000000000 0.000000000000000
263  0.950000000000000 0.050000000000000 0.000000000000000
264  1.000000000000000 0.050000000000000 0.000000000000000
265  -1.000000000000000 0.150000000000000 0.000000000000000
266  -0.950000000000000 0.150000000000000 0.000000000000000
267  -0.850000000000000 0.150000000000000 0.000000000000000
268  -0.750000000000000 0.150000000000000 0.000000000000000
269  -0.650000000000000 0.150000000000000 0.000000000000000
270  -0.550000000000000 0.150000000000000 0.000000000000000
271  -0.450000000000000 0.150000000000000 0.000000000000000
272  -0.350000000000000 0.150000000000000 0.000000000000000
273  -0.250000000000000 0.150000000000000 0.000000000000000
274  -0.150000000000000 0.150000000000000 0.000000000000000
275  -0.050000000000000 0.150000000000000 0.000000000000000
276  0.050000000000000 0.150000000000000 0.000000000000000
277  0.150000000000000 0.150000000000000 0.000000000000000
278  0.250000000000000 0.150000000000000 0.000000000000000
279  0.350000000000000 0.150000000000000 0.000000000000000
280  0.450000000000000 0.150000000000000 0.000000000000000
281  0.550000000000000 0.150000000000000 0.000000000000000
282  0.650000000000000 0.150000000000000 0.000000000000000
283  0.750000000000000 0.150000000000000 0.000000000000000
284  0.850000000000000 0.150000000000000 0.000000000000000
285  0.950000000000000 0.150000000000000 0.000000000000000
286  1.000000000000000 0.150000000000000 0.000000000000000
287  -1.000000000000000 0.250000000000000 0.000000000000000
288  -0.950000000000000 0.250000000000000 0.000000000000000
289  -0.850000000000000 0.250000000000000 0.000000000000000
290  -0.750000000000000 0.250000000000000 0.000000000000000
291  -0.650000000000000 0.250000000000000 0.000000000000000
292  -0.550000000000000 0.250000000000000 0.000000000000000
293  -0.450000000000000 0.250000000000000 0.000000000000000
294  -0.350000000000000 0.250000000000000 0.000000000000000
295  -0.250000000000000 0.250000000000000 0.000000000000000
296  -0.150000000000000 0.250000000000000 0.000000000000000
297  -0.050000000000000 0.250000000000000 0.000000000000000
298  0.050000000000000 0.250000000000000 0.000000000000000
299  0.150000000000000 0.250000000000000 0.000000000000000
300  0.250000000000000 0.250000000000000 0.000000000000000
301  0.350000000000000 0.250000000000000 0.000000000000000
302  0.450000000000000 0.250000000000000 0.000000000000000
303  0.550000000000000 0.250000000000000 0.000000000000000
304  0.650000000000000 0.250000000000000 0.000000000000000
305  0.750000000000000 0.250000000000000 0.000000000000000
306  0.850000000000000 0.250000000000000 0.000000000000000
307  0.950000000000000 0.250000000000000 0.000000000000000
308  1.000000000000000 0.250000000000000 0.000000000000000
309  -1.000000000000000 0.350000000000000 0.000000000000000
310  -0.950000000000000 0.350000000000000 0.000000000000000
311  -0.850000000000000 0.350000000000000 0.000000000000000
312  -0.750000000000000 0.350000000000000 0.000000000000000
313  -0.650000000000000 0.350000000000000 0.000000000000000
314  -0.550000000000000 0.350000000000000 0.000000000000000
315  -0.450000000000000 0.350000000000000 0.000000000000000
316  -0.350000000000000 0.350000000000000 0.000000000000000
317  -0.250000000000000 0.350000000000000 0.000000000000000
318  -0.150000000000000 0.350000000000000 0.000000000000000
319  -0.050000000000000 0.350000000000000 0.000000000000000
320  0.050000000000000 0.350000000000000 0.000000000000000
321  0.150000000000000 0.350000000000000 0.000000000000000
322  0.250000000000000 0.350000000000000 0.000000000000000
323  0.350000000000000 0.350000000000000 0.000000000000000
324  0.450000000000000 0.350000000000000 0.000000000000000
325  0.550000000000000 0.350000000000000 0.000000000000000
326  0.650000000000000 0.350000000000000 0.000000000000000
327  0.750000000000000 0.350000000000000 0.000000000000000
328  0.850000000000000 0.350000000000000 0.000000000000000
329  0.950000000000000 0.350000000000000 0.000000000000000
330  1.000000000000000 0.350000000000000 0.000000000000000
331  -1.000000000000000 0.450000000000000 0.000000000000000
332  -0.950000000000000 0.450000000000000 0.000000000000000
333  -0.850000000000000 0.450000000000000 0.000000000000000
334  -0.750000000000000 0.450000000000000 0.000000000000000
335  -0.650000000000000 0.450000000000000 0.000000000000000
336  -0.550000000000000 0.450000000000000 0.000000000000000
337  -0.450000000000000 0.450000000000000 0.000000000000000
338  -0.350000000000000 0.450000000000000 0.000000000000000
339  -0.250000000000000 0.450000000000000 0.000000000000000
340  -0.150000000000000 0.450000000000000 0.000000000000000
341  -0.050000000000000 0.450000000000000 0.000000000000000
342  0.050000000000000 0.450000000000000 0.000000000000000
343  0.150000000000000 0.450000000000000 0.000000000000000
344  0.250000000000000 0.450000000000000 0.000000000000000
345  0.350000000000000 0.450000000000000 0.000000000000000
346  0.450000000000000 0.450000000000000 0.000000000000000
347  0.550000000000000 0.450000000000000 0.000000000000000
348  0.650000000000000 0.450000000000000 0.000000000000000
349  0.750000000000000 0.450000000000000 0.000000000000000
350  0.850000000000000 0.450000000000000 0.000000000000000
351  0.950000000000000 0.450000000000000 0.000000000000000
352  1.000000000000000 0.450000000000000 0.000000000000000
353  -1.000000000000000 0.550000000000000 0.000000000000000
354  -0.950000000000000 0.550000000000000 0.000000000000000
355  -0.850000000000000 0.550000000000000 0.000000000000000
356  -0.750000000000000 0.550000000000000 0.000000000000000
357  -0.650000000000000 0.550000000000000 0.000000000000000
358  -0.550000000000000 0.550000000000000 0.000000000000000
359  -0.450000000000000 0.550000000000000 0.000000000000000
360  -0.350000000000000 0.550000000000000 0.000000000000000
361  -0.250000000000000 0.550000000000000 0.000000000000000
362  -0.150000000000000 0.550000000000000 0.000000000000000
363  -0.050000000000000 0.550000000000000 0.000000000000000
364  0.050000000000000 0.550000000000000 0.000000000000000
365  0.150000000000000 0.550000000000000 0.000000000000000
366  0.250000000000000 0.550000000000000 0.000000000000000
367  0.350000000000000 0.550000000000000 0.000000000000000
368  0.450000000000000 0.550000000000000 0.000000000000000
369  0.550000000000000 0.550000000000000 0.000000000000000
370  0.650000000000000 0.550000000000000 0.000000000000000
371  0.750000000000000 0.550000000000000 0.000000000000000
372  0.850000000000000 0.550000000000000 0.000000000000000
373  0.950000000000000 0.550000000000000 0.000000000000000
374  1.000000000000000 0.550000000000000 0.000000000000000
375  -1.000000000000000 0.650000000000000 0.000000000000000
376  -0.950000000000000 0.650000000000000 0.000000000000000
377  -0.850000000000000 0.650000000000000 0.000000000000000
378  -0.750000000000000 0.650000000000000 0.000000000000000
379  -0.650000000000000 0.650000000000000 0.000000000000000
380  -0.550000000000000 0.650000000000000 0.000000000000000
381  -0.450000000000000 0.650000000000000 0.000000000000000
382  -0.350000000000000 0.650000000000000 0.000000000000000
383  -0.250000000000000 0.650000000000000 0.000000000000000
384  -0.150000000000000 0.650000000000000 0.000000000000000
385  -0.050000000000000 0.650000000000000 0.000000000000000
386  0.050000000000000 0.650000000000000 0.000000000000000
387  0.150000000000000 0.650000000000000 0.000000000000000
388  0.250000000000000 0.650000000000000 0.000000000000000
389  0.350000000000000 0.650000000000000 0.000000000000000
390  0.450000000000000 0.650000000000000 0.000000000000000
391  0.550000000000000 0.650000000000000 0.000000000000000
392  0.650000000000000 0.650000000000000 0.000000000000000
393  0.750000000000000 0.650000000000000 0.000000000000000
394  0.850000000000000 0.650000000000000 0.000000000000000
395  0.950000000000000 0.650000000000000 0.000000000000000
396  1.000000000000000 0.650000000000000 0.000000000000000
397  -1.000000000000000 0.750000000000000 0.000000000000000
398  -0.950000000000000 0.750000000000000 0.000000000000000
399  -0.850000000000000 0.750000000000000 0.000000000000000
400  -0.750000000000000 0.750000000000000 0.000000000000000
401  -0.650000000000000 0.750000000000000 0.000000000000000
402  -0.550000000000000 0.750000000000000 0.000000000000000
403  -0.450000000000000 0.750000000000000 0.000000000000000
404  -0.350000000000000 0.750000000000000 0.000000000000000
405  -0.250000000000000 0.750000000000000 0.000000000000000
406  -0.150000000000000 0.750000000000000 0.000000000000000
407  -0.050000000000000 0.750000000000000 0.000000000000000
408  0.050000000000000 0.750000000000000 0.000000000000000
409  0.150000000000000 0.750000000000000 0.000000000000000
410  0.250000000000000 0.750000000000000 0.000000000000000
411  0.350000000000000 0.750000000000000 0.000000000000000
412  0.450000000000000 0.750000000000000 0.000000000000000
413  0.550000000000000 0.750000000000000 0.000000000000000
414  0.650000000000000 0.750000000000000 0.000000000000000
415  0.750000000000000 0.750000000000000 0.000000000000000
416  0.850000000000000 0.750000000000000 0.000000000000000
417  0.950000000000000 0.750000000000000 0.000000000000000
418  1.000000000000000 0.750000000000000 0.000000000000000
419  -1.000000000000000 0.850000000000000 0.000000000000000
420  -0.950000000000000 0.850000000000000 0.000000000000000
421  -0.850000000000000 0.850000000000000 0.000000000000000
422  -0.750000000000000 0.850000000000000 0.000000000000000
423  -0.650000000000000 0.850000000000000 0.000000000000000
424  -0.550000000000000 0.850000000000000 0.000000000000000
425  -0.450000000000000 0.850000000000000 0.000000000000000
426  -0.350000000000000 0.850000000000000 0.000000000000000
427  -0.250000000000000 0.850000000000000 0.000000000000000
428  -0.150000000000000 0.850000000000000 0.000000000000000
429  -0.050000000000000 0.850000000000000 0.000000000000000
430  0.050000000000000 0.850000000000000 0.000000000000000
431  0.150000000000000 0.850000000000000 0.000000000000000
432  0.250000000000000 0.850000000000000 0.000000000000000
433  0.350000000000000 0.850000000000000 0.000000000000000
434  0.450000000000000 0.850000000000000 0.000000000000000
435  0.550000000000000 0.850000000000000 0.000000000000000
436  0.650000000000000 0.850000000000000 0.000000000000000
437  0.750000000000000 0.850000000000000 0.000000000000000
438  0.850000000000000 0.850000000000000 0.000000000000000
439  0.950000000000000 0.850000000000000 0.000000000000000
440  1.000000000000000 0.850000000000000 0.000000000000000
441  -1.000000000000000 0.950000000000000 0.000000000000000
442  -0.950000000000000 0.950000000000000 0.000000000000000
443  -0.850000000000000 0.950000000000000 0.000000000000000
444  -0.750000000000000 0.950000000000000 0.000000000000000
445  -0.650000000000000 0.950000000000000 0.000000000000000
446  -0.550000000000000 0.950000000000000 0.000000000000000
447  -0.450000000000000 0.950000000000000 0.000000000000000
448  -0.350000000000000 0.950000000000000 0.000000000000000
449  -0.250000000000000 0.950000000000000 0.000000000000000
450  -0.150000000000000 0.950000000000000 0.000000000000000
451  -0.050000000000000 0.950000000000000 0.000000000000000
452  0.050000000000000 0.950000000000000 0.000000000000000
453  0.150000000000000 0.950000000000000 0.000000000000000
454  0.250000000000000 0.950000000000000 0.000000000000000
455  0.350000000000000 0.950000000000000 0.000000000000000
456  0.450000000000000 0.950000000000000 0.000000000000000
457  0.550000000000000 0.950000000000000 0.000000000000000
458  0.650000000000000 0.950000000000000 0.000000000000000
459  0.750000000000000 0.950000000000000 0.000000000000000
460  0.850000000000000 0.950000000000000 0.000000000000000
461  0.950000000000000 0.950000000000000 0.000000000000000
462  1.000000000000000 0.950000000000000 0.000000000000000
463  -1.000000000000000 1.000000000000000 0.000000000000000
464  -0.950000000000000 1.000000000000000 0.000000000000000
465  -0.850000000000000 1.000000000000000 0.000000000000000
466  -0.750000000000000 1.000000000000000 0.000000000000000
467  -0.650000000000000 1.000000000000000 0.000000000000000
468  -0.550000000000000 1.000000000000000 0.000000000000000
469  -0.450000000000000 1.000000000000000 0.000000000000000
470  -0.350000000000000 1.000000000000000 0.000000000000000
471  -0.250000000000000 1.000000000000000 0.000000000000000
472  -0.150000000000000 1.000000000000000 0.000000000000000
473  -0.050000000000000 1.000000000000000 0.000000000000000
474  0.050000000000000 1.000000000000000 0.000000000000000
475  0.150000000000000 1.000000000000000 0.000000000000000
476  0.250000000000000 1.000000000000000 0.000000000000000
477  0.350000000000000 1.000000000000000 0.000000000000000
478  0.450000000000000 1.000000000000000 0.000000000000000
479  0.550000000000000 1.000000000000000 0.000000000000000
480  0.650000000000000 1.000000000000000 0.000000000000000
481  0.750000000000000 1.000000000000000 0.000000000000000
482  0.850000000000000 1.000000000000000 0.000000000000000
483  0.950000000000000 1.000000000000000 0.000000000000000
484  1.000000000000000 1.000000000000000 0.000000000000000

%CONTROL.POINT.WEIGHT
484
1    1.000000000000000
2    1.000000000000000
3    1.000000000000000
4    1.000000000000000
5    1.000000000000000
6    1.000000000000000
7    1.000000000000000
8    1.000000000000000
9    1.000000000000000
10   1.000000000000000
11   1.000000000000000
12   1.000000000000000
13   1.000000000000000
14   1.000000000000000
15   1.000000000000000
16   1.000000000000000
17   1.000000000000000
18   1.000000000000000
19   1.000000000000000
20   1.000000000000000
21   1.000000000000000
22   1.000000000000000
23   1.000000000000000
24   1.000000000000000
25   1.000000000000000
26   1.000000000000000
27   1.000000000000000
28   1.000000000000000
29   1.000000000000000
30   1.000000000000000
31   1.000000000000000
32   1.000000000000000
33   1.000000000000000
34   1.000000000000000
35   1.000000000000000
36   1.000000000000000
37   1.000000000000000
38   1.000000000000000
39   1.000000000000000
40   1.000000000000000
41   1.000000000000000
42   1.000000000000000
43   1.000000000000000
44   1.000000000000000
45   1.000000000000000
46   1.000000000000000
47   1.000000000000000
48   1.000000000000000
49   1.000000000000000
50   1.000000000000000
51   1.000000000000000
52   1.000000000000000
53   1.000000000000000
54   1.000000000000000
55   1.000000000000000
56   1.000000000000000
57   1.000000000000000
58   1.000000000000000
59   1.000000000000000
60   1.000000000000000
61   1.000000000000000
62   1.000000000000000
63   1.000000000000000
64   1.000000000000000
65   1.000000000000000
66   1.000000000000000
67   1.000000000000000
68   1.000000000000000
69   1.000000000000000
70   1.000000000000000
71   1.000000000000000
72   1.000000000000000
73   1.000000000000000
74   1.000000000000000
75   1.000000000000000
76   1.000000000000000
77   1.000000000000000
78   1.000000000000000
79   1.000000000000000
80   1.000000000000000
81   1.000000000000000
82   1.000000000000000
83   1.000000000000000
84   1.000000000000000
85   1.000000000000000
86   1.000000000000000
87   1.000000000000000
88   1.000000000000000
89   1.000000000000000
90   1.000000000000000
91   1.000000000000000
92   1.000000000000000
93   1.000000000000000
94   1.000000000000000
95   1.000000000000000
96   1.000000000000000
97   1.000000000000000
98   1.000000000000000
99   1.000000000000000
100  1.000000000000000
101  1.000000000000000
102  1.000000000000000
103  1.000000000000000
104  1.000000000000000
105  1.000000000000000
106  1.000000000000000
107  1.000000000000000
108  1.000000000000000
109  1.000000000000000
110  1.000000000000000
111  1.000000000000000
112  1.000000000000000
113  1.000000000000000
114  1.000000000000000
115  1.000000000000000
116  1.000000000000000
117  1.000000000000000
118  1.000000000000000
119  1.000000000000000
120  1.000000000000000
121  1.000000000000000
122  1.000000000000000
123  1.000000000000000
124  1.000000000000000
125  1.000000000000000
126  1.000000000000000
127  1.000000000000000
128  1.000000000000000
129  1.000000000000000
130  1.000000000000000
131  1.000000000000000
132  1.000000000000000
133  1.000000000000000
134  1.000000000000000
135  1.000000000000000
136  1.000000000000000
137  1.000000000000000
138  1.000000000000000
139  1.000000000000000
140  1.000000000000000
141  1.000000000000000
142  1.000000000000000
143  1.000000000000000
144  1.000000000000000
145  1.000000000000000
146  1.000000000000000
147  1.000000000000000
148  1.000000000000000
149  1.000000000000000
150  1.000000000000000
151  1.000000000000000
152  1.000000000000000
153  1.000000000000000
154  1.000000000000000
155  1.000000000000000
156  1.000000000000000
157  1.000000000000000
158  1.000000000000000
159  1.000000000000000
160  1.000000000000000
161  1.000000000000000
162  1.000000000000000
163  1.000000000000000
164  1.000000000000000
165  1.000000000000000
166  1.000000000000000
167  1.000000000000000
168  1.000000000000000
169  1.000000000000000
170  1.000000000000000
171  1.000000000000000
172  1.000000000000000
173  1.000000000000000
174  1.000000000000000
175  1.000000000000000
176  1.000000000000000
177  1.000000000000000
178  1.000000000000000
179  1.000000000000000
180  1.000000000000000
181  1.000000000000000
182  1.000000000000000
183  1.000000000000000
184  1.000000000000000
185  1.000000000000000
186  1.000000000000000
187  1.000000000000000
188  1.000000000000000
189  1.000000000000000
190  1.000000000000000
191  1.000000000000000
192  1.000000000000000
193  1.000000000000000
194  1.000000000000000
195  1.000000000000000
196  1.000000000000000
197  1.000000000000000
198  1.000000000000000
199  1.000000000000000
200  1.000000000000000
201  1.000000000000000
202  1.000000000000000
203  1.000000000000000
204  1.000000000000000
205  1.000000000000000
206  1.000000000000000
207  1.000000000000000
208  1.000000000000000
209  1.000000000000000
210  1.000000000000000
211  1.000000000000000
212  1.000000000000000
213  1.000000000000000
214  1.000000000000000
215  1.000000000000000
216  1.000000000000000
217  1.000000000000000
218  1.000000000000000
219  1.000000000000000
220  1.000000000000000
221  1.000000000000000
222  1.000000000000000
223  1.000000000000000
224  1.000000000000000
225  1.000000000000000
226  1.000000000000000
227  1.000000000000000
228  1.000000000000000
229  1.000000000000000
230  1.000000000000000
231  1.000000000000000
232  1.000000000000000
233  1.000000000000000
234  1.000000000000000
235  1.000000000000000
236  1.000000000000000
237  1.000000000000000
238  1.000000000000000
239  1.000000000000000
240  1.000000000000000
241  1.000000000000000
242  1.000000000000000
243  1.000000000000000
244  1.000000000000000
245  1.000000000000000
246  1.000000000000000
247  1.000000000000000
248  1.000000000000000
249  1.000000000000000
250  1.000000000000000
251  1.000000000000000
252  1.000000000000000
253  1.000000000000000
254  1.000000000000000
255  1.000000000000000
256  1.000000000000000
257  1.000000000000000
258  1.000000000000000
259  1.000000000000000
260  1.000000000000000
261  1.000000000000000
262  1.000000000000000
263  1.000000000000000
264  1.000000000000000
265  1.000000000000000
266  1.000000000000000
267  1.000000000000000
268  1.000000000000000
269  1.000000000000000
270  1.000000000000000
271  1.000000000000000
272  1.000000000000000
273  1.000000000000000
274  1.000000000000000
275  1.000000000000000
276  1.000000000000000
277  1.000000000000000
278  1.000000000000000
279  1.000000000000000
280  1.000000000000000
281  1.000000000000000
282  1.000000000000000
283  1.000000000000000
284  1.000000000000000
285  1.000000000000000
286  1.000000000000000
287  1.000000000000000
288  1.000000000000000
289  1.000000000000000
290  1.000000000000000
291  1.000000000000000
292  1.000000000000000
293  1.000000000000000
294  1.000000000000000
295  1.000000000000000
296  1.000000000000000
297  1.000000000000000
298  1.000000000000000
299  1.000000000000000
300  1.000000000000000
301  1.000000000000000
302  1.000000000000000
303  1.000000000000000
304  1.000000000000000
305  1.000000000000000
306  1.000000000000000
307  1.000000000000000
308  1.000000000000000
309  1.000000000000000
310  1.000000000000000
311  1.000000000000000
312  1.000000000000000
313  1.000000000000000
314  1.000000000000000
315  1.000000000000000
316  1.000000000000000
317  1.000000000000000
318  1.000000000000000
319  1.000000000000000
320  1.000000000000000
321  1.000000000000000
322  1.000000000000000
323  1.000000000000000
324  1.000000000000000
325  1.000000000000000
326  1.000000000000000
327  1.000000000000000
328  1.000000000000000
329  1.000000000000000
330  1.000000000000000
331  1.000000000000000
332  1.000000000000000
333  1.000000000000000
334  1.000000000000000
335  1.000000000000000
336  1.000000000000000
337  1.000000000000000
338  1.000000000000000
339  1.000000000000000
340  1.000000000000000
341  1.000000000000000
342  1.000000000000000
343  1.000000000000000
344  1.000000000000000
345  1.000000000000000
346  1.000000000000000
347  1.000000000000000
348  1.000000000000000
349  1.000000000000000
350  1.000000000000000
351  1.000000000000000
352  1.000000000000000
353  1.000000000000000
354  1.000000000000000
355  1.000000000000000
356  1.000000000000000
357  1.000000000000000
358  1.000000000000000
359  1.000000000000000
360  1.000000000000000
361  1.000000000000000
362  1.000000000000000
363  1.000000000000000
364  1.000000000000000
365  1.000000000000000
366  1.000000000000000
367  1.000000000000000
368  1.000000000000000
369  1.000000000000000
370  1.000000000000000
371  1.000000000000000
372  1.000000000000000
373  1.000000000000000
374  1.000000000000000
375  1.000000000000000
376  1.000000000000000
377  1.000000000000000
378  1.000000000000000
379  1.000000000000000
380  1.000000000000000
381  1.000000000000000
382  1.000000000000000
383  1.000000000000000
384  1.000000000000000
385  1.000000000000000
386  1.000000000000000
387  1.000000000000000
388  1.000000000000000
389  1.000000000000000
390  1.000000000000000
391  1.000000000000000
392  1.000000000000000
393  1.000000000000000
394  1.000000000000000
395  1.000000000000000
396  1.000000000000000
397  1.000000000000000
398  1.000000000000000
399  1.000000000000000
400  1.000000000000000
401  1.000000000000000
402  1.000000000000000
403  1.000000000000000
404  1.000000000000000
405  1.000000000000000
406  1.000000000000000
407  1.000000000000000
408  1.000000000000000
409  1.000000000000000
410  1.000000000000000
411  1.000000000000000
412  1.000000000000000
413  1.000000000000000
414  1.000000000000000
415  1.000000000000000
416  1.000000000000000
417  1.000000000000000
418  1.000000000000000
419  1.000000000000000
420  1.000000000000000
421  1.000000000000000
422  1.000000000000000
423  1.000000000000000
424  1.000000000000000
425  1.000000000000000
426  1.000000000000000
427  1.000000000000000
428  1.000000000000000
429  1.000000000000000
430  1.000000000000000
431  1.000000000000000
432  1.000000000000000
433  1.000000000000000
434  1.000000000000000
435  1.000000000000000
436  1.000000000000000
437  1.000000000000000
438  1.000000000000000
439  1.000000000000000
440  1.000000000000000
441  1.000000000000000
442  1.000000000000000
443  1.000000000000000
444  1.000000000000000
445  1.000000000000000
446  1.000000000000000
447  1.000000000000000
448  1.000000000000000
449  1.000000000000000
450  1.000000000000000
451  1.000000000000000
452  1.000000000000000
453  1.000000000000000
454  1.000000000000000
455  1.000000000000000
456  1.000000000000000
457  1.000000000000000
458  1.000000000000000
459  1.000000000000000
460  1.000000000000000
461  1.000000000000000
462  1.000000000000000
463  1.000000000000000
464  1.000000000000000
465  1.000000000000000
466  1.000000000000000
467  1.000000000000000
468  1.000000000000000
469  1.000000000000000
470  1.000000000000000
471  1.000000000000000
472  1.000000000000000
473  1.000000000000000
474  1.000000000000000
475  1.000000000000000
476  1.000000000000000
477  1.000000000000000
478  1.000000000000000
479  1.000000000000000
480  1.000000000000000
481  1.000000000000000
482  1.000000000000000
483  1.000000000000000
484  1.000000000000000

%NODE.SUPPORT
84
1 1 1 1 1 1 0
2 0 0 1 1 0 0
3 0 0 1 1 0 0
4 0 0 1 1 0 0
5 0 0 1 1 0 0
6 0 0 1 1 0 0
7 0 0 1 1 0 0
8 0 0 1 1 0 0
9 0 0 1 1 0 0
10 0 0 1 1 0 0
11 0 0 1 1 0 0
12 0 0 1 1 0 0
13 0 0 1 1 0 0
14 0 0 1 1 0 0
15 0 0 1 1 0 0
16 0 0 1 1 0 0
17 0 0 1 1 0 0
18 0 0 1 1 0 0
19 0 0 1 1 0 0
20 0 0 1 1 0 0
21 0 0 1 1 0 0
22 0 0 1 1 1 0
23 0 0 1 0 1 0
44 0 0 1 0 1 0
45 0 0 1 0 1 0
66 0 0 1 0 1 0
67 0 0 1 0 1 0
88 0 0 1 0 1 0
89 0 0 1 0 1 0
110 0 0 1 0 1 0
111 0 0 1 0 1 0
132 0 0 1 0 1 0
133 0 0 1 0 1 0
154 0 0 1 0 1 0
155 0 0 1 0 1 0
176 0 0 1 0 1 0
177 0 0 1 0 1 0
198 0 0 1 0 1 0
199 0 0 1 0 1 0
220 0 0 1 0 1 0
221 0 0 1 0 1 0
242 0 0 1 0 1 0
243 0 0 1 0 1 0
264 0 0 1 0 1 0
265 0 0 1 0 1 0
286 0 0 1 0 1 0
287 0 0 1 0 1 0
308 0 0 1 0 1 0
309 0 0 1 0 1 0
330 0 0 1 0 1 0
331 0 0 1 0 1 0
352 0 0 1 0 1 0
353 0 0 1 0 1 0
374 0 0 1 0 1 0
375 0 0 1 0 1 0
396 0 0 1 0 1 0
397 0 0 1 0 1 0
418 0 0 1 0 1 0
419 0 0 1 0 1 0
440 0 0 1 0 1 0
441 0 0 1 0 1 0
462 0 0 1 0 1 0
463 1 0 1 1 1 0
464 0 0 1 1 0 0
465 0 0 1 1 0 0
466 0 0 1 1 0 0
467 0 0 1 1 0 0
468 0 0 1 1 0 0
469 0 0 1 1 0 0
470 0 0 1 1 0 0
471 0 0 1 1 0 0
472 0 0 1 1 0 0
473 0 0 1 1 0 0
474 0 0 1 1 0 0
475 0 0 1 1 0 0
476 0 0 1 1 0 0
477 0 0 1 1 0 0
478 0 0 1 1 0 0
479 0 0 1 1 0 0
480 0 0 1 1 0 0
481 0 0 1 1 0 0
482 0 0 1 1 0 0
483 0 0 1 1 0 0
484 0 0 1 1 1 0

%PATCH
1
1 'bspsurf' 1
2 'General' 21 0.000000000000000 0.050000000000000 0.100000000000000 0.150000000000000 0.200000000000000 0.250000000000000 0.300000000000000 0.350000000000000 0.400000000000000 0.450000000000000 0.500000000000000 0.550000000000000 0.600000000000000 0.650000000000000 0.700000000000000 0.750000000000000 0.800000000000000 0.850000000000000 0.900000000000000 0.950000000000000 1.000000000000000 3 1 1 1 1 1 1 1 1 1 1 1 1 1 1 1 1 1 1 1 3 
2 'General' 21 0.000000000000000 0.050000000000000 0.100000000000000 0.150000000000000 0.200000000000000 0.250000000000000 0.300000000000000 0.350000000000000 0.400000000000000 0.450000000000000 0.500000000000000 0.550000000000000 0.600000000000000 0.650000000000000 0.700000000000000 0.750000000000000 0.800000000000000 0.850000000000000 0.900000000000000 0.950000000000000 1.000000000000000 3 1 1 1 1 1 1 1 1 1 1 1 1 1 1 1 1 1 1 1 3 
1 2 3 4 5 6 7 8 9 10 11 12 13 14 15 16 17 18 19 20 21 22 23 24 25 26 27 28 29 30 31 32 33 34 35 36 37 38 39 40 41 42 43 44 45 46 47 48 49 50 51 52 53 54 55 56 57 58 59 60 61 62 63 64 65 66 67 68 69 70 71 72 73 74 75 76 77 78 79 80 81 82 83 84 85 86 87 88 89 90 91 92 93 94 95 96 97 98 99 100 101 102 103 104 105 106 107 108 109 110 111 112 113 114 115 116 117 118 119 120 121 122 123 124 125 126 127 128 129 130 131 132 133 134 135 136 137 138 139 140 141 142 143 144 145 146 147 148 149 150 151 152 153 154 155 156 157 158 159 160 161 162 163 164 165 166 167 168 169 170 171 172 173 174 175 176 177 178 179 180 181 182 183 184 185 186 187 188 189 190 191 192 193 194 195 196 197 198 199 200 201 202 203 204 205 206 207 208 209 210 211 212 213 214 215 216 217 218 219 220 221 222 223 224 225 226 227 228 229 230 231 232 233 234 235 236 237 238 239 240 241 242 243 244 245 246 247 248 249 250 251 252 253 254 255 256 257 258 259 260 261 262 263 264 265 266 267 268 269 270 271 272 273 274 275 276 277 278 279 280 281 282 283 284 285 286 287 288 289 290 291 292 293 294 295 296 297 298 299 300 301 302 303 304 305 306 307 308 309 310 311 312 313 314 315 316 317 318 319 320 321 322 323 324 325 326 327 328 329 330 331 332 333 334 335 336 337 338 339 340 341 342 343 344 345 346 347 348 349 350 351 352 353 354 355 356 357 358 359 360 361 362 363 364 365 366 367 368 369 370 371 372 373 374 375 376 377 378 379 380 381 382 383 384 385 386 387 388 389 390 391 392 393 394 395 396 397 398 399 400 401 402 403 404 405 406 407 408 409 410 411 412 413 414 415 416 417 418 419 420 421 422 423 424 425 426 427 428 429 430 431 432 433 434 435 436 437 438 439 440 441 442 443 444 445 446 447 448 449 450 451 452 453 454 455 456 457 458 459 460 461 462 463 464 465 466 467 468 469 470 471 472 473 474 475 476 477 478 479 480 481 482 483 484 

%MATERIAL
1

%MATERIAL.FGM
1
1       2.0779e11    0.28    1.0    3.2227e11    0.28    1.0    1

%SECTION
1

%SECTION.FGM.SHELL
1
1       1      0.02     5.0     4
1       1      0.02     3.0     3
1       1      0.02     2.0     3
1       1      0.02     1.0     2
1       1      0.02     0.5     10
1       1      0.02     0.0     2

%INTEGRATION.ORDER
1
1	2	2	2	2	2	2

%ELEMENT
400

%ELEMENT.SHALLOWSHELL.BSPLINE.SURFACETL
400
1 1 1 1 1 1 
2 1 1 1 2 1 
3 1 1 1 3 1 
4 1 1 1 4 1 
5 1 1 1 5 1 
6 1 1 1 6 1 
7 1 1 1 7 1 
8 1 1 1 8 1 
9 1 1 1 9 1 
10 1 1 1 10 1 
11 1 1 1 11 1 
12 1 1 1 12 1 
13 1 1 1 13 1 
14 1 1 1 14 1 
15 1 1 1 15 1 
16 1 1 1 16 1 
17 1 1 1 17 1 
18 1 1 1 18 1 
19 1 1 1 19 1 
20 1 1 1 20 1 
21 1 1 1 1 2 
22 1 1 1 2 2 
23 1 1 1 3 2 
24 1 1 1 4 2 
25 1 1 1 5 2 
26 1 1 1 6 2 
27 1 1 1 7 2 
28 1 1 1 8 2 
29 1 1 1 9 2 
30 1 1 1 10 2 
31 1 1 1 11 2 
32 1 1 1 12 2 
33 1 1 1 13 2 
34 1 1 1 14 2 
35 1 1 1 15 2 
36 1 1 1 16 2 
37 1 1 1 17 2 
38 1 1 1 18 2 
39 1 1 1 19 2 
40 1 1 1 20 2 
41 1 1 1 1 3 
42 1 1 1 2 3 
43 1 1 1 3 3 
44 1 1 1 4 3 
45 1 1 1 5 3 
46 1 1 1 6 3 
47 1 1 1 7 3 
48 1 1 1 8 3 
49 1 1 1 9 3 
50 1 1 1 10 3 
51 1 1 1 11 3 
52 1 1 1 12 3 
53 1 1 1 13 3 
54 1 1 1 14 3 
55 1 1 1 15 3 
56 1 1 1 16 3 
57 1 1 1 17 3 
58 1 1 1 18 3 
59 1 1 1 19 3 
60 1 1 1 20 3 
61 1 1 1 1 4 
62 1 1 1 2 4 
63 1 1 1 3 4 
64 1 1 1 4 4 
65 1 1 1 5 4 
66 1 1 1 6 4 
67 1 1 1 7 4 
68 1 1 1 8 4 
69 1 1 1 9 4 
70 1 1 1 10 4 
71 1 1 1 11 4 
72 1 1 1 12 4 
73 1 1 1 13 4 
74 1 1 1 14 4 
75 1 1 1 15 4 
76 1 1 1 16 4 
77 1 1 1 17 4 
78 1 1 1 18 4 
79 1 1 1 19 4 
80 1 1 1 20 4 
81 1 1 1 1 5 
82 1 1 1 2 5 
83 1 1 1 3 5 
84 1 1 1 4 5 
85 1 1 1 5 5 
86 1 1 1 6 5 
87 1 1 1 7 5 
88 1 1 1 8 5 
89 1 1 1 9 5 
90 1 1 1 10 5 
91 1 1 1 11 5 
92 1 1 1 12 5 
93 1 1 1 13 5 
94 1 1 1 14 5 
95 1 1 1 15 5 
96 1 1 1 16 5 
97 1 1 1 17 5 
98 1 1 1 18 5 
99 1 1 1 19 5 
100 1 1 1 20 5 
101 1 1 1 1 6 
102 1 1 1 2 6 
103 1 1 1 3 6 
104 1 1 1 4 6 
105 1 1 1 5 6 
106 1 1 1 6 6 
107 1 1 1 7 6 
108 1 1 1 8 6 
109 1 1 1 9 6 
110 1 1 1 10 6 
111 1 1 1 11 6 
112 1 1 1 12 6 
113 1 1 1 13 6 
114 1 1 1 14 6 
115 1 1 1 15 6 
116 1 1 1 16 6 
117 1 1 1 17 6 
118 1 1 1 18 6 
119 1 1 1 19 6 
120 1 1 1 20 6 
121 1 1 1 1 7 
122 1 1 1 2 7 
123 1 1 1 3 7 
124 1 1 1 4 7 
125 1 1 1 5 7 
126 1 1 1 6 7 
127 1 1 1 7 7 
128 1 1 1 8 7 
129 1 1 1 9 7 
130 1 1 1 10 7 
131 1 1 1 11 7 
132 1 1 1 12 7 
133 1 1 1 13 7 
134 1 1 1 14 7 
135 1 1 1 15 7 
136 1 1 1 16 7 
137 1 1 1 17 7 
138 1 1 1 18 7 
139 1 1 1 19 7 
140 1 1 1 20 7 
141 1 1 1 1 8 
142 1 1 1 2 8 
143 1 1 1 3 8 
144 1 1 1 4 8 
145 1 1 1 5 8 
146 1 1 1 6 8 
147 1 1 1 7 8 
148 1 1 1 8 8 
149 1 1 1 9 8 
150 1 1 1 10 8 
151 1 1 1 11 8 
152 1 1 1 12 8 
153 1 1 1 13 8 
154 1 1 1 14 8 
155 1 1 1 15 8 
156 1 1 1 16 8 
157 1 1 1 17 8 
158 1 1 1 18 8 
159 1 1 1 19 8 
160 1 1 1 20 8 
161 1 1 1 1 9 
162 1 1 1 2 9 
163 1 1 1 3 9 
164 1 1 1 4 9 
165 1 1 1 5 9 
166 1 1 1 6 9 
167 1 1 1 7 9 
168 1 1 1 8 9 
169 1 1 1 9 9 
170 1 1 1 10 9 
171 1 1 1 11 9 
172 1 1 1 12 9 
173 1 1 1 13 9 
174 1 1 1 14 9 
175 1 1 1 15 9 
176 1 1 1 16 9 
177 1 1 1 17 9 
178 1 1 1 18 9 
179 1 1 1 19 9 
180 1 1 1 20 9 
181 1 1 1 1 10 
182 1 1 1 2 10 
183 1 1 1 3 10 
184 1 1 1 4 10 
185 1 1 1 5 10 
186 1 1 1 6 10 
187 1 1 1 7 10 
188 1 1 1 8 10 
189 1 1 1 9 10 
190 1 1 1 10 10 
191 1 1 1 11 10 
192 1 1 1 12 10 
193 1 1 1 13 10 
194 1 1 1 14 10 
195 1 1 1 15 10 
196 1 1 1 16 10 
197 1 1 1 17 10 
198 1 1 1 18 10 
199 1 1 1 19 10 
200 1 1 1 20 10 
201 1 1 1 1 11 
202 1 1 1 2 11 
203 1 1 1 3 11 
204 1 1 1 4 11 
205 1 1 1 5 11 
206 1 1 1 6 11 
207 1 1 1 7 11 
208 1 1 1 8 11 
209 1 1 1 9 11 
210 1 1 1 10 11 
211 1 1 1 11 11 
212 1 1 1 12 11 
213 1 1 1 13 11 
214 1 1 1 14 11 
215 1 1 1 15 11 
216 1 1 1 16 11 
217 1 1 1 17 11 
218 1 1 1 18 11 
219 1 1 1 19 11 
220 1 1 1 20 11 
221 1 1 1 1 12 
222 1 1 1 2 12 
223 1 1 1 3 12 
224 1 1 1 4 12 
225 1 1 1 5 12 
226 1 1 1 6 12 
227 1 1 1 7 12 
228 1 1 1 8 12 
229 1 1 1 9 12 
230 1 1 1 10 12 
231 1 1 1 11 12 
232 1 1 1 12 12 
233 1 1 1 13 12 
234 1 1 1 14 12 
235 1 1 1 15 12 
236 1 1 1 16 12 
237 1 1 1 17 12 
238 1 1 1 18 12 
239 1 1 1 19 12 
240 1 1 1 20 12 
241 1 1 1 1 13 
242 1 1 1 2 13 
243 1 1 1 3 13 
244 1 1 1 4 13 
245 1 1 1 5 13 
246 1 1 1 6 13 
247 1 1 1 7 13 
248 1 1 1 8 13 
249 1 1 1 9 13 
250 1 1 1 10 13 
251 1 1 1 11 13 
252 1 1 1 12 13 
253 1 1 1 13 13 
254 1 1 1 14 13 
255 1 1 1 15 13 
256 1 1 1 16 13 
257 1 1 1 17 13 
258 1 1 1 18 13 
259 1 1 1 19 13 
260 1 1 1 20 13 
261 1 1 1 1 14 
262 1 1 1 2 14 
263 1 1 1 3 14 
264 1 1 1 4 14 
265 1 1 1 5 14 
266 1 1 1 6 14 
267 1 1 1 7 14 
268 1 1 1 8 14 
269 1 1 1 9 14 
270 1 1 1 10 14 
271 1 1 1 11 14 
272 1 1 1 12 14 
273 1 1 1 13 14 
274 1 1 1 14 14 
275 1 1 1 15 14 
276 1 1 1 16 14 
277 1 1 1 17 14 
278 1 1 1 18 14 
279 1 1 1 19 14 
280 1 1 1 20 14 
281 1 1 1 1 15 
282 1 1 1 2 15 
283 1 1 1 3 15 
284 1 1 1 4 15 
285 1 1 1 5 15 
286 1 1 1 6 15 
287 1 1 1 7 15 
288 1 1 1 8 15 
289 1 1 1 9 15 
290 1 1 1 10 15 
291 1 1 1 11 15 
292 1 1 1 12 15 
293 1 1 1 13 15 
294 1 1 1 14 15 
295 1 1 1 15 15 
296 1 1 1 16 15 
297 1 1 1 17 15 
298 1 1 1 18 15 
299 1 1 1 19 15 
300 1 1 1 20 15 
301 1 1 1 1 16 
302 1 1 1 2 16 
303 1 1 1 3 16 
304 1 1 1 4 16 
305 1 1 1 5 16 
306 1 1 1 6 16 
307 1 1 1 7 16 
308 1 1 1 8 16 
309 1 1 1 9 16 
310 1 1 1 10 16 
311 1 1 1 11 16 
312 1 1 1 12 16 
313 1 1 1 13 16 
314 1 1 1 14 16 
315 1 1 1 15 16 
316 1 1 1 16 16 
317 1 1 1 17 16 
318 1 1 1 18 16 
319 1 1 1 19 16 
320 1 1 1 20 16 
321 1 1 1 1 17 
322 1 1 1 2 17 
323 1 1 1 3 17 
324 1 1 1 4 17 
325 1 1 1 5 17 
326 1 1 1 6 17 
327 1 1 1 7 17 
328 1 1 1 8 17 
329 1 1 1 9 17 
330 1 1 1 10 17 
331 1 1 1 11 17 
332 1 1 1 12 17 
333 1 1 1 13 17 
334 1 1 1 14 17 
335 1 1 1 15 17 
336 1 1 1 16 17 
337 1 1 1 17 17 
338 1 1 1 18 17 
339 1 1 1 19 17 
340 1 1 1 20 17 
341 1 1 1 1 18 
342 1 1 1 2 18 
343 1 1 1 3 18 
344 1 1 1 4 18 
345 1 1 1 5 18 
346 1 1 1 6 18 
347 1 1 1 7 18 
348 1 1 1 8 18 
349 1 1 1 9 18 
350 1 1 1 10 18 
351 1 1 1 11 18 
352 1 1 1 12 18 
353 1 1 1 13 18 
354 1 1 1 14 18 
355 1 1 1 15 18 
356 1 1 1 16 18 
357 1 1 1 17 18 
358 1 1 1 18 18 
359 1 1 1 19 18 
360 1 1 1 20 18 
361 1 1 1 1 19 
362 1 1 1 2 19 
363 1 1 1 3 19 
364 1 1 1 4 19 
365 1 1 1 5 19 
366 1 1 1 6 19 
367 1 1 1 7 19 
368 1 1 1 8 19 
369 1 1 1 9 19 
370 1 1 1 10 19 
371 1 1 1 11 19 
372 1 1 1 12 19 
373 1 1 1 13 19 
374 1 1 1 14 19 
375 1 1 1 15 19 
376 1 1 1 16 19 
377 1 1 1 17 19 
378 1 1 1 18 19 
379 1 1 1 19 19 
380 1 1 1 20 19 
381 1 1 1 1 20 
382 1 1 1 2 20 
383 1 1 1 3 20 
384 1 1 1 4 20 
385 1 1 1 5 20 
386 1 1 1 6 20 
387 1 1 1 7 20 
388 1 1 1 8 20 
389 1 1 1 9 20 
390 1 1 1 10 20 
391 1 1 1 11 20 
392 1 1 1 12 20 
393 1 1 1 13 20 
394 1 1 1 14 20 
395 1 1 1 15 20 
396 1 1 1 16 20 
397 1 1 1 17 20 
398 1 1 1 18 20 
399 1 1 1 19 20 
400 1 1 1 20 20 

%LOAD.CASE.LINE.FORCE.IGA.UNIFORM
40
1   'Front' 'Left'   0   1000000.0   0.0   0.0
20  'Front' 'Right'  0  -1000000.0   0.0   0.0
21  'Front' 'Left'   0   1000000.0   0.0   0.0
40  'Front' 'Right'  0  -1000000.0   0.0   0.0
41  'Front' 'Left'   0   1000000.0   0.0   0.0
60  'Front' 'Right'  0  -1000000.0   0.0   0.0
61  'Front' 'Left'   0   1000000.0   0.0   0.0
80  'Front' 'Right'  0  -1000000.0   0.0   0.0
81  'Front' 'Left'   0   1000000.0   0.0   0.0
100 'Front' 'Right'  0  -1000000.0   0.0   0.0
101 'Front' 'Left'   0   1000000.0   0.0   0.0
120 'Front' 'Right'  0  -1000000.0   0.0   0.0
121 'Front' 'Left'   0   1000000.0   0.0   0.0
140 'Front' 'Right'  0  -1000000.0   0.0   0.0
141 'Front' 'Left'   0   1000000.0   0.0   0.0
160 'Front' 'Right'  0  -1000000.0   0.0   0.0
161 'Front' 'Left'   0   1000000.0   0.0   0.0
180 'Front' 'Right'  0  -1000000.0   0.0   0.0
181 'Front' 'Left'   0   1000000.0   0.0   0.0
200 'Front' 'Right'  0  -1000000.0   0.0   0.0
201 'Front' 'Left'   0   1000000.0   0.0   0.0
220 'Front' 'Right'  0  -1000000.0   0.0   0.0
221 'Front' 'Left'   0   1000000.0   0.0   0.0
240 'Front' 'Right'  0  -1000000.0   0.0   0.0
241 'Front' 'Left'   0   1000000.0   0.0   0.0
260 'Front' 'Right'  0  -1000000.0   0.0   0.0
261 'Front' 'Left'   0   1000000.0   0.0   0.0
280 'Front' 'Right'  0  -1000000.0   0.0   0.0
281 'Front' 'Left'   0   1000000.0   0.0   0.0
300 'Front' 'Right'  0  -1000000.0   0.0   0.0
301 'Front' 'Left'   0   1000000.0   0.0   0.0
320 'Front' 'Right'  0  -1000000.0   0.0   0.0
321 'Front' 'Left'   0   1000000.0   0.0   0.0
340 'Front' 'Right'  0  -1000000.0   0.0   0.0
341 'Front' 'Left'   0   1000000.0   0.0   0.0
360 'Front' 'Right'  0  -1000000.0   0.0   0.0
361 'Front' 'Left'   0   1000000.0   0.0   0.0
380 'Front' 'Right'  0  -1000000.0   0.0   0.0
381 'Front' 'Left'   0   1000000.0   0.0   0.0
400 'Front' 'Right'  0  -1000000.0   0.0   0.0

%END
