%HEADER
----------------------------------------------------------------------------
Buckling of a simply supported laminated square plate.
----------------------------------------------------------------------------
Classical Lamination Theory (CLT) solution (PlateBuckling.m):
Ncr = 1.80762e+05 (Steel)
Ncr = 3.94164e+04 (Carbon/Epoxy cross-ply)

Reissner-Mindlin finite element results:
Ncr = 1.79670e+05  Diff = -0.60 % (Steel)        
Ncr = 3.92953e+04  Diff = -0.31 % (Carbon/Epoxy cross-ply) 
----------------------------------------------------------------------------

%HEADER.ANALYSIS.ALGORITHM
'LinearStability'

%HEADER.ANALYSIS.MAXIMUM.ITERATIONS
50

%HEADER.ANALYSIS.TOLERANCE
1.0e-06

%NODE
341

%NODE.COORD
341
1     0.000000e+00  0.000000e+00  0.000000e+00
2     0.000000e+00  1.000000e-01  0.000000e+00
3     0.000000e+00  2.000000e-01  0.000000e+00
4     0.000000e+00  3.000000e-01  0.000000e+00
5     0.000000e+00  4.000000e-01  0.000000e+00
6     0.000000e+00  5.000000e-01  0.000000e+00
7     0.000000e+00  6.000000e-01  0.000000e+00
8     0.000000e+00  7.000000e-01  0.000000e+00
9     0.000000e+00  8.000000e-01  0.000000e+00
10    0.000000e+00  9.000000e-01  0.000000e+00
11    0.000000e+00  1.000000e+00  0.000000e+00
12    0.000000e+00  1.100000e+00  0.000000e+00
13    0.000000e+00  1.200000e+00  0.000000e+00
14    0.000000e+00  1.300000e+00  0.000000e+00
15    0.000000e+00  1.400000e+00  0.000000e+00
16    0.000000e+00  1.500000e+00  0.000000e+00
17    0.000000e+00  1.600000e+00  0.000000e+00
18    0.000000e+00  1.700000e+00  0.000000e+00
19    0.000000e+00  1.800000e+00  0.000000e+00
20    0.000000e+00  1.900000e+00  0.000000e+00
21    0.000000e+00  2.000000e+00  0.000000e+00
22    1.000000e-01  0.000000e+00  0.000000e+00
23    1.000000e-01  2.000000e-01  0.000000e+00
24    1.000000e-01  4.000000e-01  0.000000e+00
25    1.000000e-01  6.000000e-01  0.000000e+00
26    1.000000e-01  8.000000e-01  0.000000e+00
27    1.000000e-01  1.000000e+00  0.000000e+00
28    1.000000e-01  1.200000e+00  0.000000e+00
29    1.000000e-01  1.400000e+00  0.000000e+00
30    1.000000e-01  1.600000e+00  0.000000e+00
31    1.000000e-01  1.800000e+00  0.000000e+00
32    1.000000e-01  2.000000e+00  0.000000e+00
33    2.000000e-01  0.000000e+00  0.000000e+00
34    2.000000e-01  1.000000e-01  0.000000e+00
35    2.000000e-01  2.000000e-01  0.000000e+00
36    2.000000e-01  3.000000e-01  0.000000e+00
37    2.000000e-01  4.000000e-01  0.000000e+00
38    2.000000e-01  5.000000e-01  0.000000e+00
39    2.000000e-01  6.000000e-01  0.000000e+00
40    2.000000e-01  7.000000e-01  0.000000e+00
41    2.000000e-01  8.000000e-01  0.000000e+00
42    2.000000e-01  9.000000e-01  0.000000e+00
43    2.000000e-01  1.000000e+00  0.000000e+00
44    2.000000e-01  1.100000e+00  0.000000e+00
45    2.000000e-01  1.200000e+00  0.000000e+00
46    2.000000e-01  1.300000e+00  0.000000e+00
47    2.000000e-01  1.400000e+00  0.000000e+00
48    2.000000e-01  1.500000e+00  0.000000e+00
49    2.000000e-01  1.600000e+00  0.000000e+00
50    2.000000e-01  1.700000e+00  0.000000e+00
51    2.000000e-01  1.800000e+00  0.000000e+00
52    2.000000e-01  1.900000e+00  0.000000e+00
53    2.000000e-01  2.000000e+00  0.000000e+00
54    3.000000e-01  0.000000e+00  0.000000e+00
55    3.000000e-01  2.000000e-01  0.000000e+00
56    3.000000e-01  4.000000e-01  0.000000e+00
57    3.000000e-01  6.000000e-01  0.000000e+00
58    3.000000e-01  8.000000e-01  0.000000e+00
59    3.000000e-01  1.000000e+00  0.000000e+00
60    3.000000e-01  1.200000e+00  0.000000e+00
61    3.000000e-01  1.400000e+00  0.000000e+00
62    3.000000e-01  1.600000e+00  0.000000e+00
63    3.000000e-01  1.800000e+00  0.000000e+00
64    3.000000e-01  2.000000e+00  0.000000e+00
65    4.000000e-01  0.000000e+00  0.000000e+00
66    4.000000e-01  1.000000e-01  0.000000e+00
67    4.000000e-01  2.000000e-01  0.000000e+00
68    4.000000e-01  3.000000e-01  0.000000e+00
69    4.000000e-01  4.000000e-01  0.000000e+00
70    4.000000e-01  5.000000e-01  0.000000e+00
71    4.000000e-01  6.000000e-01  0.000000e+00
72    4.000000e-01  7.000000e-01  0.000000e+00
73    4.000000e-01  8.000000e-01  0.000000e+00
74    4.000000e-01  9.000000e-01  0.000000e+00
75    4.000000e-01  1.000000e+00  0.000000e+00
76    4.000000e-01  1.100000e+00  0.000000e+00
77    4.000000e-01  1.200000e+00  0.000000e+00
78    4.000000e-01  1.300000e+00  0.000000e+00
79    4.000000e-01  1.400000e+00  0.000000e+00
80    4.000000e-01  1.500000e+00  0.000000e+00
81    4.000000e-01  1.600000e+00  0.000000e+00
82    4.000000e-01  1.700000e+00  0.000000e+00
83    4.000000e-01  1.800000e+00  0.000000e+00
84    4.000000e-01  1.900000e+00  0.000000e+00
85    4.000000e-01  2.000000e+00  0.000000e+00
86    5.000000e-01  0.000000e+00  0.000000e+00
87    5.000000e-01  2.000000e-01  0.000000e+00
88    5.000000e-01  4.000000e-01  0.000000e+00
89    5.000000e-01  6.000000e-01  0.000000e+00
90    5.000000e-01  8.000000e-01  0.000000e+00
91    5.000000e-01  1.000000e+00  0.000000e+00
92    5.000000e-01  1.200000e+00  0.000000e+00
93    5.000000e-01  1.400000e+00  0.000000e+00
94    5.000000e-01  1.600000e+00  0.000000e+00
95    5.000000e-01  1.800000e+00  0.000000e+00
96    5.000000e-01  2.000000e+00  0.000000e+00
97    6.000000e-01  0.000000e+00  0.000000e+00
98    6.000000e-01  1.000000e-01  0.000000e+00
99    6.000000e-01  2.000000e-01  0.000000e+00
100   6.000000e-01  3.000000e-01  0.000000e+00
101   6.000000e-01  4.000000e-01  0.000000e+00
102   6.000000e-01  5.000000e-01  0.000000e+00
103   6.000000e-01  6.000000e-01  0.000000e+00
104   6.000000e-01  7.000000e-01  0.000000e+00
105   6.000000e-01  8.000000e-01  0.000000e+00
106   6.000000e-01  9.000000e-01  0.000000e+00
107   6.000000e-01  1.000000e+00  0.000000e+00
108   6.000000e-01  1.100000e+00  0.000000e+00
109   6.000000e-01  1.200000e+00  0.000000e+00
110   6.000000e-01  1.300000e+00  0.000000e+00
111   6.000000e-01  1.400000e+00  0.000000e+00
112   6.000000e-01  1.500000e+00  0.000000e+00
113   6.000000e-01  1.600000e+00  0.000000e+00
114   6.000000e-01  1.700000e+00  0.000000e+00
115   6.000000e-01  1.800000e+00  0.000000e+00
116   6.000000e-01  1.900000e+00  0.000000e+00
117   6.000000e-01  2.000000e+00  0.000000e+00
118   7.000000e-01  0.000000e+00  0.000000e+00
119   7.000000e-01  2.000000e-01  0.000000e+00
120   7.000000e-01  4.000000e-01  0.000000e+00
121   7.000000e-01  6.000000e-01  0.000000e+00
122   7.000000e-01  8.000000e-01  0.000000e+00
123   7.000000e-01  1.000000e+00  0.000000e+00
124   7.000000e-01  1.200000e+00  0.000000e+00
125   7.000000e-01  1.400000e+00  0.000000e+00
126   7.000000e-01  1.600000e+00  0.000000e+00
127   7.000000e-01  1.800000e+00  0.000000e+00
128   7.000000e-01  2.000000e+00  0.000000e+00
129   8.000000e-01  0.000000e+00  0.000000e+00
130   8.000000e-01  1.000000e-01  0.000000e+00
131   8.000000e-01  2.000000e-01  0.000000e+00
132   8.000000e-01  3.000000e-01  0.000000e+00
133   8.000000e-01  4.000000e-01  0.000000e+00
134   8.000000e-01  5.000000e-01  0.000000e+00
135   8.000000e-01  6.000000e-01  0.000000e+00
136   8.000000e-01  7.000000e-01  0.000000e+00
137   8.000000e-01  8.000000e-01  0.000000e+00
138   8.000000e-01  9.000000e-01  0.000000e+00
139   8.000000e-01  1.000000e+00  0.000000e+00
140   8.000000e-01  1.100000e+00  0.000000e+00
141   8.000000e-01  1.200000e+00  0.000000e+00
142   8.000000e-01  1.300000e+00  0.000000e+00
143   8.000000e-01  1.400000e+00  0.000000e+00
144   8.000000e-01  1.500000e+00  0.000000e+00
145   8.000000e-01  1.600000e+00  0.000000e+00
146   8.000000e-01  1.700000e+00  0.000000e+00
147   8.000000e-01  1.800000e+00  0.000000e+00
148   8.000000e-01  1.900000e+00  0.000000e+00
149   8.000000e-01  2.000000e+00  0.000000e+00
150   9.000000e-01  0.000000e+00  0.000000e+00
151   9.000000e-01  2.000000e-01  0.000000e+00
152   9.000000e-01  4.000000e-01  0.000000e+00
153   9.000000e-01  6.000000e-01  0.000000e+00
154   9.000000e-01  8.000000e-01  0.000000e+00
155   9.000000e-01  1.000000e+00  0.000000e+00
156   9.000000e-01  1.200000e+00  0.000000e+00
157   9.000000e-01  1.400000e+00  0.000000e+00
158   9.000000e-01  1.600000e+00  0.000000e+00
159   9.000000e-01  1.800000e+00  0.000000e+00
160   9.000000e-01  2.000000e+00  0.000000e+00
161   1.000000e+00  0.000000e+00  0.000000e+00
162   1.000000e+00  1.000000e-01  0.000000e+00
163   1.000000e+00  2.000000e-01  0.000000e+00
164   1.000000e+00  3.000000e-01  0.000000e+00
165   1.000000e+00  4.000000e-01  0.000000e+00
166   1.000000e+00  5.000000e-01  0.000000e+00
167   1.000000e+00  6.000000e-01  0.000000e+00
168   1.000000e+00  7.000000e-01  0.000000e+00
169   1.000000e+00  8.000000e-01  0.000000e+00
170   1.000000e+00  9.000000e-01  0.000000e+00
171   1.000000e+00  1.000000e+00  0.000000e+00
172   1.000000e+00  1.100000e+00  0.000000e+00
173   1.000000e+00  1.200000e+00  0.000000e+00
174   1.000000e+00  1.300000e+00  0.000000e+00
175   1.000000e+00  1.400000e+00  0.000000e+00
176   1.000000e+00  1.500000e+00  0.000000e+00
177   1.000000e+00  1.600000e+00  0.000000e+00
178   1.000000e+00  1.700000e+00  0.000000e+00
179   1.000000e+00  1.800000e+00  0.000000e+00
180   1.000000e+00  1.900000e+00  0.000000e+00
181   1.000000e+00  2.000000e+00  0.000000e+00
182   1.100000e+00  0.000000e+00  0.000000e+00
183   1.100000e+00  2.000000e-01  0.000000e+00
184   1.100000e+00  4.000000e-01  0.000000e+00
185   1.100000e+00  6.000000e-01  0.000000e+00
186   1.100000e+00  8.000000e-01  0.000000e+00
187   1.100000e+00  1.000000e+00  0.000000e+00
188   1.100000e+00  1.200000e+00  0.000000e+00
189   1.100000e+00  1.400000e+00  0.000000e+00
190   1.100000e+00  1.600000e+00  0.000000e+00
191   1.100000e+00  1.800000e+00  0.000000e+00
192   1.100000e+00  2.000000e+00  0.000000e+00
193   1.200000e+00  0.000000e+00  0.000000e+00
194   1.200000e+00  1.000000e-01  0.000000e+00
195   1.200000e+00  2.000000e-01  0.000000e+00
196   1.200000e+00  3.000000e-01  0.000000e+00
197   1.200000e+00  4.000000e-01  0.000000e+00
198   1.200000e+00  5.000000e-01  0.000000e+00
199   1.200000e+00  6.000000e-01  0.000000e+00
200   1.200000e+00  7.000000e-01  0.000000e+00
201   1.200000e+00  8.000000e-01  0.000000e+00
202   1.200000e+00  9.000000e-01  0.000000e+00
203   1.200000e+00  1.000000e+00  0.000000e+00
204   1.200000e+00  1.100000e+00  0.000000e+00
205   1.200000e+00  1.200000e+00  0.000000e+00
206   1.200000e+00  1.300000e+00  0.000000e+00
207   1.200000e+00  1.400000e+00  0.000000e+00
208   1.200000e+00  1.500000e+00  0.000000e+00
209   1.200000e+00  1.600000e+00  0.000000e+00
210   1.200000e+00  1.700000e+00  0.000000e+00
211   1.200000e+00  1.800000e+00  0.000000e+00
212   1.200000e+00  1.900000e+00  0.000000e+00
213   1.200000e+00  2.000000e+00  0.000000e+00
214   1.300000e+00  0.000000e+00  0.000000e+00
215   1.300000e+00  2.000000e-01  0.000000e+00
216   1.300000e+00  4.000000e-01  0.000000e+00
217   1.300000e+00  6.000000e-01  0.000000e+00
218   1.300000e+00  8.000000e-01  0.000000e+00
219   1.300000e+00  1.000000e+00  0.000000e+00
220   1.300000e+00  1.200000e+00  0.000000e+00
221   1.300000e+00  1.400000e+00  0.000000e+00
222   1.300000e+00  1.600000e+00  0.000000e+00
223   1.300000e+00  1.800000e+00  0.000000e+00
224   1.300000e+00  2.000000e+00  0.000000e+00
225   1.400000e+00  0.000000e+00  0.000000e+00
226   1.400000e+00  1.000000e-01  0.000000e+00
227   1.400000e+00  2.000000e-01  0.000000e+00
228   1.400000e+00  3.000000e-01  0.000000e+00
229   1.400000e+00  4.000000e-01  0.000000e+00
230   1.400000e+00  5.000000e-01  0.000000e+00
231   1.400000e+00  6.000000e-01  0.000000e+00
232   1.400000e+00  7.000000e-01  0.000000e+00
233   1.400000e+00  8.000000e-01  0.000000e+00
234   1.400000e+00  9.000000e-01  0.000000e+00
235   1.400000e+00  1.000000e+00  0.000000e+00
236   1.400000e+00  1.100000e+00  0.000000e+00
237   1.400000e+00  1.200000e+00  0.000000e+00
238   1.400000e+00  1.300000e+00  0.000000e+00
239   1.400000e+00  1.400000e+00  0.000000e+00
240   1.400000e+00  1.500000e+00  0.000000e+00
241   1.400000e+00  1.600000e+00  0.000000e+00
242   1.400000e+00  1.700000e+00  0.000000e+00
243   1.400000e+00  1.800000e+00  0.000000e+00
244   1.400000e+00  1.900000e+00  0.000000e+00
245   1.400000e+00  2.000000e+00  0.000000e+00
246   1.500000e+00  0.000000e+00  0.000000e+00
247   1.500000e+00  2.000000e-01  0.000000e+00
248   1.500000e+00  4.000000e-01  0.000000e+00
249   1.500000e+00  6.000000e-01  0.000000e+00
250   1.500000e+00  8.000000e-01  0.000000e+00
251   1.500000e+00  1.000000e+00  0.000000e+00
252   1.500000e+00  1.200000e+00  0.000000e+00
253   1.500000e+00  1.400000e+00  0.000000e+00
254   1.500000e+00  1.600000e+00  0.000000e+00
255   1.500000e+00  1.800000e+00  0.000000e+00
256   1.500000e+00  2.000000e+00  0.000000e+00
257   1.600000e+00  0.000000e+00  0.000000e+00
258   1.600000e+00  1.000000e-01  0.000000e+00
259   1.600000e+00  2.000000e-01  0.000000e+00
260   1.600000e+00  3.000000e-01  0.000000e+00
261   1.600000e+00  4.000000e-01  0.000000e+00
262   1.600000e+00  5.000000e-01  0.000000e+00
263   1.600000e+00  6.000000e-01  0.000000e+00
264   1.600000e+00  7.000000e-01  0.000000e+00
265   1.600000e+00  8.000000e-01  0.000000e+00
266   1.600000e+00  9.000000e-01  0.000000e+00
267   1.600000e+00  1.000000e+00  0.000000e+00
268   1.600000e+00  1.100000e+00  0.000000e+00
269   1.600000e+00  1.200000e+00  0.000000e+00
270   1.600000e+00  1.300000e+00  0.000000e+00
271   1.600000e+00  1.400000e+00  0.000000e+00
272   1.600000e+00  1.500000e+00  0.000000e+00
273   1.600000e+00  1.600000e+00  0.000000e+00
274   1.600000e+00  1.700000e+00  0.000000e+00
275   1.600000e+00  1.800000e+00  0.000000e+00
276   1.600000e+00  1.900000e+00  0.000000e+00
277   1.600000e+00  2.000000e+00  0.000000e+00
278   1.700000e+00  0.000000e+00  0.000000e+00
279   1.700000e+00  2.000000e-01  0.000000e+00
280   1.700000e+00  4.000000e-01  0.000000e+00
281   1.700000e+00  6.000000e-01  0.000000e+00
282   1.700000e+00  8.000000e-01  0.000000e+00
283   1.700000e+00  1.000000e+00  0.000000e+00
284   1.700000e+00  1.200000e+00  0.000000e+00
285   1.700000e+00  1.400000e+00  0.000000e+00
286   1.700000e+00  1.600000e+00  0.000000e+00
287   1.700000e+00  1.800000e+00  0.000000e+00
288   1.700000e+00  2.000000e+00  0.000000e+00
289   1.800000e+00  0.000000e+00  0.000000e+00
290   1.800000e+00  1.000000e-01  0.000000e+00
291   1.800000e+00  2.000000e-01  0.000000e+00
292   1.800000e+00  3.000000e-01  0.000000e+00
293   1.800000e+00  4.000000e-01  0.000000e+00
294   1.800000e+00  5.000000e-01  0.000000e+00
295   1.800000e+00  6.000000e-01  0.000000e+00
296   1.800000e+00  7.000000e-01  0.000000e+00
297   1.800000e+00  8.000000e-01  0.000000e+00
298   1.800000e+00  9.000000e-01  0.000000e+00
299   1.800000e+00  1.000000e+00  0.000000e+00
300   1.800000e+00  1.100000e+00  0.000000e+00
301   1.800000e+00  1.200000e+00  0.000000e+00
302   1.800000e+00  1.300000e+00  0.000000e+00
303   1.800000e+00  1.400000e+00  0.000000e+00
304   1.800000e+00  1.500000e+00  0.000000e+00
305   1.800000e+00  1.600000e+00  0.000000e+00
306   1.800000e+00  1.700000e+00  0.000000e+00
307   1.800000e+00  1.800000e+00  0.000000e+00
308   1.800000e+00  1.900000e+00  0.000000e+00
309   1.800000e+00  2.000000e+00  0.000000e+00
310   1.900000e+00  0.000000e+00  0.000000e+00
311   1.900000e+00  2.000000e-01  0.000000e+00
312   1.900000e+00  4.000000e-01  0.000000e+00
313   1.900000e+00  6.000000e-01  0.000000e+00
314   1.900000e+00  8.000000e-01  0.000000e+00
315   1.900000e+00  1.000000e+00  0.000000e+00
316   1.900000e+00  1.200000e+00  0.000000e+00
317   1.900000e+00  1.400000e+00  0.000000e+00
318   1.900000e+00  1.600000e+00  0.000000e+00
319   1.900000e+00  1.800000e+00  0.000000e+00
320   1.900000e+00  2.000000e+00  0.000000e+00
321   2.000000e+00  0.000000e+00  0.000000e+00
322   2.000000e+00  1.000000e-01  0.000000e+00
323   2.000000e+00  2.000000e-01  0.000000e+00
324   2.000000e+00  3.000000e-01  0.000000e+00
325   2.000000e+00  4.000000e-01  0.000000e+00
326   2.000000e+00  5.000000e-01  0.000000e+00
327   2.000000e+00  6.000000e-01  0.000000e+00
328   2.000000e+00  7.000000e-01  0.000000e+00
329   2.000000e+00  8.000000e-01  0.000000e+00
330   2.000000e+00  9.000000e-01  0.000000e+00
331   2.000000e+00  1.000000e+00  0.000000e+00
332   2.000000e+00  1.100000e+00  0.000000e+00
333   2.000000e+00  1.200000e+00  0.000000e+00
334   2.000000e+00  1.300000e+00  0.000000e+00
335   2.000000e+00  1.400000e+00  0.000000e+00
336   2.000000e+00  1.500000e+00  0.000000e+00
337   2.000000e+00  1.600000e+00  0.000000e+00
338   2.000000e+00  1.700000e+00  0.000000e+00
339   2.000000e+00  1.800000e+00  0.000000e+00
340   2.000000e+00  1.900000e+00  0.000000e+00
341   2.000000e+00  2.000000e+00  0.000000e+00

%NODE.SUPPORT
80
1     1     0     1     0     0     0   
2     1     0     1     0     0     0   
3     1     0     1     0     0     0   
4     1     0     1     0     0     0   
5     1     0     1     0     0     0   
6     1     0     1     0     0     0   
7     1     0     1     0     0     0   
8     1     0     1     0     0     0   
9     1     0     1     0     0     0   
10    1     0     1     0     0     0   
11    1     1     1     0     0     0   
12    1     0     1     0     0     0   
13    1     0     1     0     0     0   
14    1     0     1     0     0     0   
15    1     0     1     0     0     0   
16    1     0     1     0     0     0   
17    1     0     1     0     0     0   
18    1     0     1     0     0     0   
19    1     0     1     0     0     0   
20    1     0     1     0     0     0   
21    1     0     1     0     0     0   
321   0     0     1     0     0     0   
322   0     0     1     0     0     0   
323   0     0     1     0     0     0   
324   0     0     1     0     0     0   
325   0     0     1     0     0     0   
326   0     0     1     0     0     0   
327   0     0     1     0     0     0   
328   0     0     1     0     0     0   
329   0     0     1     0     0     0   
330   0     0     1     0     0     0   
331   0     0     1     0     0     0   
332   0     0     1     0     0     0   
333   0     0     1     0     0     0   
334   0     0     1     0     0     0   
335   0     0     1     0     0     0   
336   0     0     1     0     0     0   
337   0     0     1     0     0     0   
338   0     0     1     0     0     0   
339   0     0     1     0     0     0   
340   0     0     1     0     0     0   
341   0     0     1     0     0     0   
22    0     0     1     0     0     0   
33    0     0     1     0     0     0   
54    0     0     1     0     0     0   
65    0     0     1     0     0     0   
86    0     0     1     0     0     0   
97    0     0     1     0     0     0   
118   0     0     1     0     0     0   
129   0     0     1     0     0     0   
150   0     0     1     0     0     0   
161   0     0     1     0     0     0   
182   0     0     1     0     0     0   
193   0     0     1     0     0     0   
214   0     0     1     0     0     0   
225   0     0     1     0     0     0   
246   0     0     1     0     0     0   
257   0     0     1     0     0     0   
278   0     0     1     0     0     0   
289   0     0     1     0     0     0   
310   0     0     1     0     0     0   
32    0     0     1     0     0     0   
53    0     0     1     0     0     0   
64    0     0     1     0     0     0   
85    0     0     1     0     0     0   
96    0     0     1     0     0     0   
117   0     0     1     0     0     0   
128   0     0     1     0     0     0   
149   0     0     1     0     0     0   
160   0     0     1     0     0     0   
181   0     0     1     0     0     0   
192   0     0     1     0     0     0   
213   0     0     1     0     0     0   
224   0     0     1     0     0     0   
245   0     0     1     0     0     0   
256   0     0     1     0     0     0   
277   0     0     1     0     0     0   
288   0     0     1     0     0     0   
309   0     0     1     0     0     0   
320   0     0     1     0     0     0

%NODE.SOLVER.ORDER
341
341   340   338   333   332   320   319   301   300   276   
275   245   244   208   207   165   164   116   115   61    
60    339   337   331   318   299   274   243   206   163   
114   59    335   336   334   330   329   317   316   298   
297   273   272   242   241   205   204   162   161   113   
112   57    58    328   327   323   315   296   271   240   
203   160   111   56    325   326   324   322   321   314   
313   295   294   270   269   239   238   202   201   159   
158   110   109   54    55    312   311   307   304   293   
268   237   200   157   108   53    309   310   308   306   
305   303   302   292   291   267   266   236   235   199   
198   156   155   107   106   51    52    290   289   285   
282   279   265   234   197   154   105   50    287   288   
286   284   283   281   280   278   277   264   263   233   
232   196   195   153   152   104   103   48    49    262   
261   257   254   251   248   231   194   151   102   47    
259   260   258   256   255   253   252   250   249   247   
246   230   229   193   192   150   149   101   100   45    
46    228   227   223   220   217   214   211   191   148   
99    44    225   226   224   222   221   219   218   216   
215   213   212   210   209   190   189   147   146   98    
97    42    43    188   187   183   180   177   174   171   
168   145   96    41    185   186   184   182   181   179   
178   176   175   173   172   170   169   167   166   144   
143   95    94    39    40    142   141   137   134   131   
128   125   122   119   93    38    139   140   138   136   
135   133   132   130   129   127   126   124   123   121   
120   118   117   92    91    36    37    90    89    85    
82    79    76    73    70    67    64    35    87    88    
86    84    83    81    80    78    77    75    74    72    
71    69    68    66    65    63    62    33    34    30    
29    26    23    20    17    14    11    8     5     3     
31    32    28    27    25    24    22    21    19    18    
16    15    13    12    10    9     7     6     4     1     
2     

%MATERIAL
1

%%MATERIAL.LABEL
'Steel'

%%MATERIAL.ORTHOTROPIC
1
1    2.0e11    2.0e11    2.0e11    0.3    0.3    0.3    7.6923e+10    7.6923e+10    7.6923e+10

%MATERIAL.LABEL
'Carbon/Epoxy AS4/3501-6'

%MATERIAL.ORTHOTROPIC
1
1   147.0e9   10.3e9   10.3e9   0.27   0.27   0.54   7.0e9   7.0e9   3.7e9

%SECTION
1

%REMARK
Symmetric cross-ply layup

%SECTION.LAMINATED.SHELL
1
1	1.0	0.0	0.0	8
1	0.00125		 0.0
1	0.00125		90.0
1	0.00125		 0.0
1	0.00125		90.0
1	0.00125		90.0
1	0.00125		 0.0
1	0.00125		90.0
1	0.00125		 0.0

%REMARK
Symmetric angle-ply layup

%%SECTION.LAMINATED.SHELL
1
1	1.0	0.0	0.0	8
1	0.00125		45.0
1	0.00125	       -45.0
1	0.00125		45.0
1	0.00125	       -45.0
1	0.00125	       -45.0
1	0.00125	        45.0
1	0.00125	       -45.0
1	0.00125	        45.0

%INTEGRATION.ORDER
1
1    2    2    2    2    2    2

%ELEMENT
100

%ELEMENT.SHALLOWSHELL.Q8
100
1    1   1     1   22   33   34   35   23    3    2 
2    1   1     3   23   35   36   37   24    5    4 
3    1   1     5   24   37   38   39   25    7    6 
4    1   1     7   25   39   40   41   26    9    8 
5    1   1     9   26   41   42   43   27   11   10 
6    1   1    11   27   43   44   45   28   13   12 
7    1   1    13   28   45   46   47   29   15   14 
8    1   1    15   29   47   48   49   30   17   16 
9    1   1    17   30   49   50   51   31   19   18 
10   1   1    19   31   51   52   53   32   21   20 
11   1   1    33   54   65   66   67   55   35   34 
12   1   1    35   55   67   68   69   56   37   36 
13   1   1    37   56   69   70   71   57   39   38 
14   1   1    39   57   71   72   73   58   41   40 
15   1   1    41   58   73   74   75   59   43   42 
16   1   1    43   59   75   76   77   60   45   44 
17   1   1    45   60   77   78   79   61   47   46 
18   1   1    47   61   79   80   81   62   49   48 
19   1   1    49   62   81   82   83   63   51   50 
20   1   1    51   63   83   84   85   64   53   52 
21   1   1    65   86   97   98   99   87   67   66 
22   1   1    67   87   99  100  101   88   69   68 
23   1   1    69   88  101  102  103   89   71   70 
24   1   1    71   89  103  104  105   90   73   72 
25   1   1    73   90  105  106  107   91   75   74 
26   1   1    75   91  107  108  109   92   77   76 
27   1   1    77   92  109  110  111   93   79   78 
28   1   1    79   93  111  112  113   94   81   80 
29   1   1    81   94  113  114  115   95   83   82 
30   1   1    83   95  115  116  117   96   85   84 
31   1   1    97  118  129  130  131  119   99   98 
32   1   1    99  119  131  132  133  120  101  100 
33   1   1   101  120  133  134  135  121  103  102 
34   1   1   103  121  135  136  137  122  105  104 
35   1   1   105  122  137  138  139  123  107  106 
36   1   1   107  123  139  140  141  124  109  108 
37   1   1   109  124  141  142  143  125  111  110 
38   1   1   111  125  143  144  145  126  113  112 
39   1   1   113  126  145  146  147  127  115  114 
40   1   1   115  127  147  148  149  128  117  116 
41   1   1   129  150  161  162  163  151  131  130 
42   1   1   131  151  163  164  165  152  133  132 
43   1   1   133  152  165  166  167  153  135  134 
44   1   1   135  153  167  168  169  154  137  136 
45   1   1   137  154  169  170  171  155  139  138 
46   1   1   139  155  171  172  173  156  141  140 
47   1   1   141  156  173  174  175  157  143  142 
48   1   1   143  157  175  176  177  158  145  144 
49   1   1   145  158  177  178  179  159  147  146 
50   1   1   147  159  179  180  181  160  149  148 
51   1   1   161  182  193  194  195  183  163  162 
52   1   1   163  183  195  196  197  184  165  164 
53   1   1   165  184  197  198  199  185  167  166 
54   1   1   167  185  199  200  201  186  169  168 
55   1   1   169  186  201  202  203  187  171  170 
56   1   1   171  187  203  204  205  188  173  172 
57   1   1   173  188  205  206  207  189  175  174 
58   1   1   175  189  207  208  209  190  177  176 
59   1   1   177  190  209  210  211  191  179  178 
60   1   1   179  191  211  212  213  192  181  180 
61   1   1   193  214  225  226  227  215  195  194 
62   1   1   195  215  227  228  229  216  197  196 
63   1   1   197  216  229  230  231  217  199  198 
64   1   1   199  217  231  232  233  218  201  200 
65   1   1   201  218  233  234  235  219  203  202 
66   1   1   203  219  235  236  237  220  205  204 
67   1   1   205  220  237  238  239  221  207  206 
68   1   1   207  221  239  240  241  222  209  208 
69   1   1   209  222  241  242  243  223  211  210 
70   1   1   211  223  243  244  245  224  213  212 
71   1   1   225  246  257  258  259  247  227  226 
72   1   1   227  247  259  260  261  248  229  228 
73   1   1   229  248  261  262  263  249  231  230 
74   1   1   231  249  263  264  265  250  233  232 
75   1   1   233  250  265  266  267  251  235  234 
76   1   1   235  251  267  268  269  252  237  236 
77   1   1   237  252  269  270  271  253  239  238 
78   1   1   239  253  271  272  273  254  241  240 
79   1   1   241  254  273  274  275  255  243  242 
80   1   1   243  255  275  276  277  256  245  244 
81   1   1   257  278  289  290  291  279  259  258 
82   1   1   259  279  291  292  293  280  261  260 
83   1   1   261  280  293  294  295  281  263  262 
84   1   1   263  281  295  296  297  282  265  264 
85   1   1   265  282  297  298  299  283  267  266 
86   1   1   267  283  299  300  301  284  269  268 
87   1   1   269  284  301  302  303  285  271  270 
88   1   1   271  285  303  304  305  286  273  272 
89   1   1   273  286  305  306  307  287  275  274 
90   1   1   275  287  307  308  309  288  277  276 
91   1   1   289  310  321  322  323  311  291  290 
92   1   1   291  311  323  324  325  312  293  292 
93   1   1   293  312  325  326  327  313  295  294 
94   1   1   295  313  327  328  329  314  297  296 
95   1   1   297  314  329  330  331  315  299  298 
96   1   1   299  315  331  332  333  316  301  300 
97   1   1   301  316  333  334  335  317  303  302 
98   1   1   303  317  335  336  337  318  305  304 
99   1   1   305  318  337  338  339  319  307  306 
100  1   1   307  319  339  340  341  320  309  308 

%LOAD
1
1 'case1'

%LOAD.CASE
1

%LOAD.CASE.LINE.FORCE.UNIFORM
10
91   321  323   0   -1.0   0.0   0.0
92   323  325   0   -1.0   0.0   0.0
93   325  327   0   -1.0   0.0   0.0
94   327  329   0   -1.0   0.0   0.0
95   329  331   0   -1.0   0.0   0.0
96   331  333   0   -1.0   0.0   0.0
97   333  335   0   -1.0   0.0   0.0
98   335  337   0   -1.0   0.0   0.0
99   337  339   0   -1.0   0.0   0.0
100  339  341   0   -1.0   0.0   0.0

%END
