%HEADER
Laminated semi cylinder with point load.

Expected displacement v at loading point:
|------------------------------------------------------------------|
|      |           Displacement v at loading point                 |
|      ------------------------------------------------------------|
|  LF  |          [90 0 90]          |          [0 90 0]           |
|      ------------------------------------------------------------|
|      |  Reference   |  FAST        |  Reference   |  FAST        |
|------------------------------------------------------------------|
| 0.05 | -1.53400e+01 | -1.54843e+01 | -7.55800e+00 | -7.83111e+00 |
| 0.10 | -3.79200e+01 | -3.83581e+01 | -2.27220e+01 | -2.26006e+01 |
| 0.15 | -9.34330e+01 | -9.60156e+01 | -3.78970e+01 | -3.77563e+01 |
| 0.20 | -1.41562e+02 | -2.05566e+02 | -5.44550e+01 | -5.46940e+01 |
| 0.25 | -1.54634e+02 | -2.07355e+02 | -7.95120e+01 | -7.89607e+01 |
| 0.30 | -1.62896e+02 | -2.08992e+02 | -1.02357e+02 | -1.02637e+02 |
| 0.35 | -1.68884e+02 | -2.10506e+02 | -1.15746e+02 | -1.16098e+02 |
| 0.40 | -1.73560e+02 | -2.11985e+02 | -1.25094e+02 | -1.25986e+02 |
| 0.45 | -1.77404e+02 | -2.14870e+02 | -1.32488e+02 | -1.32105e+02 |
| 0.50 | -1.80680e+02 | -2.16392e+02 | -1.38740e+02 | -1.39551e+02 |
| 0.55 | -1.83544e+02 | -2.17747e+02 | -1.44238e+02 | -1.43969e+02 |
| 0.60 | -1.86099e+02 | -2.19023e+02 | -1.49191e+02 | -1.50195e+02 |
| 0.65 | -1.88415e+02 | -2.20250e+02 | -1.53728e+02 | -1.53772e+02 |
| 0.70 | -1.90543e+02 | -2.21452e+02 | -1.57930e+02 | -1.59265e+02 |
| 0.75 | -1.92520e+02 | -2.22666e+02 | -1.61854e+02 | -1.62377e+02 |
| 0.80 | -1.94376e+02 | -2.26021e+02 | -1.65540e+02 | -1.67393e+02 |
| 0.85 | -1.96132e+02 | -2.27216e+02 | -1.69017e+02 | -1.70224e+02 |
| 0.90 | -1.97808e+02 | -2.28326e+02 | -1.72308e+02 | -1.72783e+02 |
| 0.95 | -1.99420e+02 | -2.29385e+02 | -1.75430e+02 | -1.77253e+02 |
| 1.00 | -2.00983e+02 | -2.31032e+02 | -1.78386e+02 | -1.79596e+02 |
|------------------------------------------------------------------|

----------------------------------------------------------------------------
Ref:
Sze, K. Y.; Liu, X. H.; Lo, S. H. (2004) "Popular benchmark problems for 
geometric nonlinear analysis of shells. Finite Element in Analysis and 
Design, v. 40, n. 11, p. 1551–1569.
----------------------------------------------------------------------------

%HEADER.ANALYSIS.ALGORITHM
'lcm'
'clal'

%HEADER.ANALYSIS.MAXIMUM.STEPS
100

%HEADER.ANALYSIS.STEP.FACTOR
0.025

%HEADER.ANALYSIS.TARGET.ITERATIONS
4

%HEADER.ANALYSIS.MAXIMUM.ITERATIONS
200

%HEADER.ANALYSIS.TOLERANCE
1.0e-08

%HEADER.PRINT.EQUIVALENT.MESH
0

%NODE
1200

%NODE.COORD
1200
1    0.000000000 0.000000000 100.100000000
2    4.762500000 0.000000000 100.100000000
3    14.287500000 0.000000000 100.100000000
4    28.575000000 0.000000000 100.100000000
5    47.625000000 0.000000000 100.100000000
6    66.675000000 0.000000000 100.100000000
7    85.725000000 0.000000000 100.100000000
8    104.775000000 0.000000000 100.100000000
9    123.825000000 0.000000000 100.100000000
10   142.875000000 0.000000000 100.100000000
11   161.925000000 0.000000000 100.100000000
12   180.975000000 0.000000000 100.100000000
13   200.025000000 0.000000000 100.100000000
14   219.075000000 0.000000000 100.100000000
15   238.125000000 0.000000000 100.100000000
16   257.175000000 0.000000000 100.100000000
17   276.225000000 0.000000000 100.100000000
18   290.512500000 0.000000000 100.100000000
19   300.037500000 0.000000000 100.100000000
20   304.800000000 0.000000000 100.100000000
21   0.000000000 2.232342653 100.100000000
22   4.762500000 2.232342653 100.100000000
23   14.287500000 2.232342653 100.100000000
24   28.575000000 2.232342653 100.100000000
25   47.625000000 2.232342653 100.100000000
26   66.675000000 2.232342653 100.100000000
27   85.725000000 2.232342653 100.100000000
28   104.775000000 2.232342653 100.100000000
29   123.825000000 2.232342653 100.100000000
30   142.875000000 2.232342653 100.100000000
31   161.925000000 2.232342653 100.100000000
32   180.975000000 2.232342653 100.100000000
33   200.025000000 2.232342653 100.100000000
34   219.075000000 2.232342653 100.100000000
35   238.125000000 2.232342653 100.100000000
36   257.175000000 2.232342653 100.100000000
37   276.225000000 2.232342653 100.100000000
38   290.512500000 2.232342653 100.100000000
39   300.037500000 2.232342653 100.100000000
40   304.800000000 2.232342653 100.100000000
41   0.000000000 6.762274197 99.966086061
42   4.762500000 6.762274197 99.966086061
43   14.287500000 6.762274197 99.966086061
44   28.575000000 6.762274197 99.966086061
45   47.625000000 6.762274197 99.966086061
46   66.675000000 6.762274197 99.966086061
47   85.725000000 6.762274197 99.966086061
48   104.775000000 6.762274197 99.966086061
49   123.825000000 6.762274197 99.966086061
50   142.875000000 6.762274197 99.966086061
51   161.925000000 6.762274197 99.966086061
52   180.975000000 6.762274197 99.966086061
53   200.025000000 6.762274197 99.966086061
54   219.075000000 6.762274197 99.966086061
55   238.125000000 6.762274197 99.966086061
56   257.175000000 6.762274197 99.966086061
57   276.225000000 6.762274197 99.966086061
58   290.512500000 6.762274197 99.966086061
59   300.037500000 6.762274197 99.966086061
60   304.800000000 6.762274197 99.966086061
61   0.000000000 13.667818848 99.344831938
62   4.762500000 13.667818848 99.344831938
63   14.287500000 13.667818848 99.344831938
64   28.575000000 13.667818848 99.344831938
65   47.625000000 13.667818848 99.344831938
66   66.675000000 13.667818848 99.344831938
67   85.725000000 13.667818848 99.344831938
68   104.775000000 13.667818848 99.344831938
69   123.825000000 13.667818848 99.344831938
70   142.875000000 13.667818848 99.344831938
71   161.925000000 13.667818848 99.344831938
72   180.975000000 13.667818848 99.344831938
73   200.025000000 13.667818848 99.344831938
74   219.075000000 13.667818848 99.344831938
75   238.125000000 13.667818848 99.344831938
76   257.175000000 13.667818848 99.344831938
77   276.225000000 13.667818848 99.344831938
78   290.512500000 13.667818848 99.344831938
79   300.037500000 13.667818848 99.344831938
80   304.800000000 13.667818848 99.344831938
81   0.000000000 22.970217809 97.625620441
82   4.762500000 22.970217809 97.625620441
83   14.287500000 22.970217809 97.625620441
84   28.575000000 22.970217809 97.625620441
85   47.625000000 22.970217809 97.625620441
86   66.675000000 22.970217809 97.625620441
87   85.725000000 22.970217809 97.625620441
88   104.775000000 22.970217809 97.625620441
89   123.825000000 22.970217809 97.625620441
90   142.875000000 22.970217809 97.625620441
91   161.925000000 22.970217809 97.625620441
92   180.975000000 22.970217809 97.625620441
93   200.025000000 22.970217809 97.625620441
94   219.075000000 22.970217809 97.625620441
95   238.125000000 22.970217809 97.625620441
96   257.175000000 22.970217809 97.625620441
97   276.225000000 22.970217809 97.625620441
98   290.512500000 22.970217809 97.625620441
99   300.037500000 22.970217809 97.625620441
100  304.800000000 22.970217809 97.625620441
101  0.000000000 32.316275316 94.952778020
102  4.762500000 32.316275316 94.952778020
103  14.287500000 32.316275316 94.952778020
104  28.575000000 32.316275316 94.952778020
105  47.625000000 32.316275316 94.952778020
106  66.675000000 32.316275316 94.952778020
107  85.725000000 32.316275316 94.952778020
108  104.775000000 32.316275316 94.952778020
109  123.825000000 32.316275316 94.952778020
110  142.875000000 32.316275316 94.952778020
111  161.925000000 32.316275316 94.952778020
112  180.975000000 32.316275316 94.952778020
113  200.025000000 32.316275316 94.952778020
114  219.075000000 32.316275316 94.952778020
115  238.125000000 32.316275316 94.952778020
116  257.175000000 32.316275316 94.952778020
117  276.225000000 32.316275316 94.952778020
118  290.512500000 32.316275316 94.952778020
119  300.037500000 32.316275316 94.952778020
120  304.800000000 32.316275316 94.952778020
121  0.000000000 41.563679182 91.293639495
122  4.762500000 41.563679182 91.293639495
123  14.287500000 41.563679182 91.293639495
124  28.575000000 41.563679182 91.293639495
125  47.625000000 41.563679182 91.293639495
126  66.675000000 41.563679182 91.293639495
127  85.725000000 41.563679182 91.293639495
128  104.775000000 41.563679182 91.293639495
129  123.825000000 41.563679182 91.293639495
130  142.875000000 41.563679182 91.293639495
131  161.925000000 41.563679182 91.293639495
132  180.975000000 41.563679182 91.293639495
133  200.025000000 41.563679182 91.293639495
134  219.075000000 41.563679182 91.293639495
135  238.125000000 41.563679182 91.293639495
136  257.175000000 41.563679182 91.293639495
137  276.225000000 41.563679182 91.293639495
138  290.512500000 41.563679182 91.293639495
139  300.037500000 41.563679182 91.293639495
140  304.800000000 41.563679182 91.293639495
141  0.000000000 50.559722553 86.643675625
142  4.762500000 50.559722553 86.643675625
143  14.287500000 50.559722553 86.643675625
144  28.575000000 50.559722553 86.643675625
145  47.625000000 50.559722553 86.643675625
146  66.675000000 50.559722553 86.643675625
147  85.725000000 50.559722553 86.643675625
148  104.775000000 50.559722553 86.643675625
149  123.825000000 50.559722553 86.643675625
150  142.875000000 50.559722553 86.643675625
151  161.925000000 50.559722553 86.643675625
152  180.975000000 50.559722553 86.643675625
153  200.025000000 50.559722553 86.643675625
154  219.075000000 50.559722553 86.643675625
155  238.125000000 50.559722553 86.643675625
156  257.175000000 50.559722553 86.643675625
157  276.225000000 50.559722553 86.643675625
158  290.512500000 50.559722553 86.643675625
159  300.037500000 50.559722553 86.643675625
160  304.800000000 50.559722553 86.643675625
161  0.000000000 59.148341506 81.029736754
162  4.762500000 59.148341506 81.029736754
163  14.287500000 59.148341506 81.029736754
164  28.575000000 59.148341506 81.029736754
165  47.625000000 59.148341506 81.029736754
166  66.675000000 59.148341506 81.029736754
167  85.725000000 59.148341506 81.029736754
168  104.775000000 59.148341506 81.029736754
169  123.825000000 59.148341506 81.029736754
170  142.875000000 59.148341506 81.029736754
171  161.925000000 59.148341506 81.029736754
172  180.975000000 59.148341506 81.029736754
173  200.025000000 59.148341506 81.029736754
174  219.075000000 59.148341506 81.029736754
175  238.125000000 59.148341506 81.029736754
176  257.175000000 59.148341506 81.029736754
177  276.225000000 59.148341506 81.029736754
178  290.512500000 59.148341506 81.029736754
179  300.037500000 59.148341506 81.029736754
180  304.800000000 59.148341506 81.029736754
181  0.000000000 67.178215389 74.511137248
182  4.762500000 67.178215389 74.511137248
183  14.287500000 67.178215389 74.511137248
184  28.575000000 67.178215389 74.511137248
185  47.625000000 67.178215389 74.511137248
186  66.675000000 67.178215389 74.511137248
187  85.725000000 67.178215389 74.511137248
188  104.775000000 67.178215389 74.511137248
189  123.825000000 67.178215389 74.511137248
190  142.875000000 67.178215389 74.511137248
191  161.925000000 67.178215389 74.511137248
192  180.975000000 67.178215389 74.511137248
193  200.025000000 67.178215389 74.511137248
194  219.075000000 67.178215389 74.511137248
195  238.125000000 67.178215389 74.511137248
196  257.175000000 67.178215389 74.511137248
197  276.225000000 67.178215389 74.511137248
198  290.512500000 67.178215389 74.511137248
199  300.037500000 67.178215389 74.511137248
200  304.800000000 67.178215389 74.511137248
201  0.000000000 74.511137248 67.178215389
202  4.762500000 74.511137248 67.178215389
203  14.287500000 74.511137248 67.178215389
204  28.575000000 74.511137248 67.178215389
205  47.625000000 74.511137248 67.178215389
206  66.675000000 74.511137248 67.178215389
207  85.725000000 74.511137248 67.178215389
208  104.775000000 74.511137248 67.178215389
209  123.825000000 74.511137248 67.178215389
210  142.875000000 74.511137248 67.178215389
211  161.925000000 74.511137248 67.178215389
212  180.975000000 74.511137248 67.178215389
213  200.025000000 74.511137248 67.178215389
214  219.075000000 74.511137248 67.178215389
215  238.125000000 74.511137248 67.178215389
216  257.175000000 74.511137248 67.178215389
217  276.225000000 74.511137248 67.178215389
218  290.512500000 74.511137248 67.178215389
219  300.037500000 74.511137248 67.178215389
220  304.800000000 74.511137248 67.178215389
221  0.000000000 81.029736754 59.148341506
222  4.762500000 81.029736754 59.148341506
223  14.287500000 81.029736754 59.148341506
224  28.575000000 81.029736754 59.148341506
225  47.625000000 81.029736754 59.148341506
226  66.675000000 81.029736754 59.148341506
227  85.725000000 81.029736754 59.148341506
228  104.775000000 81.029736754 59.148341506
229  123.825000000 81.029736754 59.148341506
230  142.875000000 81.029736754 59.148341506
231  161.925000000 81.029736754 59.148341506
232  180.975000000 81.029736754 59.148341506
233  200.025000000 81.029736754 59.148341506
234  219.075000000 81.029736754 59.148341506
235  238.125000000 81.029736754 59.148341506
236  257.175000000 81.029736754 59.148341506
237  276.225000000 81.029736754 59.148341506
238  290.512500000 81.029736754 59.148341506
239  300.037500000 81.029736754 59.148341506
240  304.800000000 81.029736754 59.148341506
241  0.000000000 86.643675625 50.559722553
242  4.762500000 86.643675625 50.559722553
243  14.287500000 86.643675625 50.559722553
244  28.575000000 86.643675625 50.559722553
245  47.625000000 86.643675625 50.559722553
246  66.675000000 86.643675625 50.559722553
247  85.725000000 86.643675625 50.559722553
248  104.775000000 86.643675625 50.559722553
249  123.825000000 86.643675625 50.559722553
250  142.875000000 86.643675625 50.559722553
251  161.925000000 86.643675625 50.559722553
252  180.975000000 86.643675625 50.559722553
253  200.025000000 86.643675625 50.559722553
254  219.075000000 86.643675625 50.559722553
255  238.125000000 86.643675625 50.559722553
256  257.175000000 86.643675625 50.559722553
257  276.225000000 86.643675625 50.559722553
258  290.512500000 86.643675625 50.559722553
259  300.037500000 86.643675625 50.559722553
260  304.800000000 86.643675625 50.559722553
261  0.000000000 91.293639495 41.563679182
262  4.762500000 91.293639495 41.563679182
263  14.287500000 91.293639495 41.563679182
264  28.575000000 91.293639495 41.563679182
265  47.625000000 91.293639495 41.563679182
266  66.675000000 91.293639495 41.563679182
267  85.725000000 91.293639495 41.563679182
268  104.775000000 91.293639495 41.563679182
269  123.825000000 91.293639495 41.563679182
270  142.875000000 91.293639495 41.563679182
271  161.925000000 91.293639495 41.563679182
272  180.975000000 91.293639495 41.563679182
273  200.025000000 91.293639495 41.563679182
274  219.075000000 91.293639495 41.563679182
275  238.125000000 91.293639495 41.563679182
276  257.175000000 91.293639495 41.563679182
277  276.225000000 91.293639495 41.563679182
278  290.512500000 91.293639495 41.563679182
279  300.037500000 91.293639495 41.563679182
280  304.800000000 91.293639495 41.563679182
281  0.000000000 94.952778020 32.316275316
282  4.762500000 94.952778020 32.316275316
283  14.287500000 94.952778020 32.316275316
284  28.575000000 94.952778020 32.316275316
285  47.625000000 94.952778020 32.316275316
286  66.675000000 94.952778020 32.316275316
287  85.725000000 94.952778020 32.316275316
288  104.775000000 94.952778020 32.316275316
289  123.825000000 94.952778020 32.316275316
290  142.875000000 94.952778020 32.316275316
291  161.925000000 94.952778020 32.316275316
292  180.975000000 94.952778020 32.316275316
293  200.025000000 94.952778020 32.316275316
294  219.075000000 94.952778020 32.316275316
295  238.125000000 94.952778020 32.316275316
296  257.175000000 94.952778020 32.316275316
297  276.225000000 94.952778020 32.316275316
298  290.512500000 94.952778020 32.316275316
299  300.037500000 94.952778020 32.316275316
300  304.800000000 94.952778020 32.316275316
301  0.000000000 97.625620441 22.970217809
302  4.762500000 97.625620441 22.970217809
303  14.287500000 97.625620441 22.970217809
304  28.575000000 97.625620441 22.970217809
305  47.625000000 97.625620441 22.970217809
306  66.675000000 97.625620441 22.970217809
307  85.725000000 97.625620441 22.970217809
308  104.775000000 97.625620441 22.970217809
309  123.825000000 97.625620441 22.970217809
310  142.875000000 97.625620441 22.970217809
311  161.925000000 97.625620441 22.970217809
312  180.975000000 97.625620441 22.970217809
313  200.025000000 97.625620441 22.970217809
314  219.075000000 97.625620441 22.970217809
315  238.125000000 97.625620441 22.970217809
316  257.175000000 97.625620441 22.970217809
317  276.225000000 97.625620441 22.970217809
318  290.512500000 97.625620441 22.970217809
319  300.037500000 97.625620441 22.970217809
320  304.800000000 97.625620441 22.970217809
321  0.000000000 99.344831938 13.667818848
322  4.762500000 99.344831938 13.667818848
323  14.287500000 99.344831938 13.667818848
324  28.575000000 99.344831938 13.667818848
325  47.625000000 99.344831938 13.667818848
326  66.675000000 99.344831938 13.667818848
327  85.725000000 99.344831938 13.667818848
328  104.775000000 99.344831938 13.667818848
329  123.825000000 99.344831938 13.667818848
330  142.875000000 99.344831938 13.667818848
331  161.925000000 99.344831938 13.667818848
332  180.975000000 99.344831938 13.667818848
333  200.025000000 99.344831938 13.667818848
334  219.075000000 99.344831938 13.667818848
335  238.125000000 99.344831938 13.667818848
336  257.175000000 99.344831938 13.667818848
337  276.225000000 99.344831938 13.667818848
338  290.512500000 99.344831938 13.667818848
339  300.037500000 99.344831938 13.667818848
340  304.800000000 99.344831938 13.667818848
341  0.000000000 99.966086061 6.762274197
342  4.762500000 99.966086061 6.762274197
343  14.287500000 99.966086061 6.762274197
344  28.575000000 99.966086061 6.762274197
345  47.625000000 99.966086061 6.762274197
346  66.675000000 99.966086061 6.762274197
347  85.725000000 99.966086061 6.762274197
348  104.775000000 99.966086061 6.762274197
349  123.825000000 99.966086061 6.762274197
350  142.875000000 99.966086061 6.762274197
351  161.925000000 99.966086061 6.762274197
352  180.975000000 99.966086061 6.762274197
353  200.025000000 99.966086061 6.762274197
354  219.075000000 99.966086061 6.762274197
355  238.125000000 99.966086061 6.762274197
356  257.175000000 99.966086061 6.762274197
357  276.225000000 99.966086061 6.762274197
358  290.512500000 99.966086061 6.762274197
359  300.037500000 99.966086061 6.762274197
360  304.800000000 99.966086061 6.762274197
361  0.000000000 100.100000000 2.232342653
362  4.762500000 100.100000000 2.232342653
363  14.287500000 100.100000000 2.232342653
364  28.575000000 100.100000000 2.232342653
365  47.625000000 100.100000000 2.232342653
366  66.675000000 100.100000000 2.232342653
367  85.725000000 100.100000000 2.232342653
368  104.775000000 100.100000000 2.232342653
369  123.825000000 100.100000000 2.232342653
370  142.875000000 100.100000000 2.232342653
371  161.925000000 100.100000000 2.232342653
372  180.975000000 100.100000000 2.232342653
373  200.025000000 100.100000000 2.232342653
374  219.075000000 100.100000000 2.232342653
375  238.125000000 100.100000000 2.232342653
376  257.175000000 100.100000000 2.232342653
377  276.225000000 100.100000000 2.232342653
378  290.512500000 100.100000000 2.232342653
379  300.037500000 100.100000000 2.232342653
380  304.800000000 100.100000000 2.232342653
381  0.000000000 100.100000000 0.000000000
382  4.762500000 100.100000000 0.000000000
383  14.287500000 100.100000000 0.000000000
384  28.575000000 100.100000000 0.000000000
385  47.625000000 100.100000000 0.000000000
386  66.675000000 100.100000000 0.000000000
387  85.725000000 100.100000000 0.000000000
388  104.775000000 100.100000000 0.000000000
389  123.825000000 100.100000000 0.000000000
390  142.875000000 100.100000000 0.000000000
391  161.925000000 100.100000000 0.000000000
392  180.975000000 100.100000000 0.000000000
393  200.025000000 100.100000000 0.000000000
394  219.075000000 100.100000000 0.000000000
395  238.125000000 100.100000000 0.000000000
396  257.175000000 100.100000000 0.000000000
397  276.225000000 100.100000000 0.000000000
398  290.512500000 100.100000000 0.000000000
399  300.037500000 100.100000000 0.000000000
400  304.800000000 100.100000000 0.000000000
401  0.000000000 0.000000000 101.600000000
402  4.762500000 0.000000000 101.600000000
403  14.287500000 0.000000000 101.600000000
404  28.575000000 0.000000000 101.600000000
405  47.625000000 0.000000000 101.600000000
406  66.675000000 0.000000000 101.600000000
407  85.725000000 0.000000000 101.600000000
408  104.775000000 0.000000000 101.600000000
409  123.825000000 0.000000000 101.600000000
410  142.875000000 0.000000000 101.600000000
411  161.925000000 0.000000000 101.600000000
412  180.975000000 0.000000000 101.600000000
413  200.025000000 0.000000000 101.600000000
414  219.075000000 0.000000000 101.600000000
415  238.125000000 0.000000000 101.600000000
416  257.175000000 0.000000000 101.600000000
417  276.225000000 0.000000000 101.600000000
418  290.512500000 0.000000000 101.600000000
419  300.037500000 0.000000000 101.600000000
420  304.800000000 0.000000000 101.600000000
421  0.000000000 2.265794321 101.600000000
422  4.762500000 2.265794321 101.600000000
423  14.287500000 2.265794321 101.600000000
424  28.575000000 2.265794321 101.600000000
425  47.625000000 2.265794321 101.600000000
426  66.675000000 2.265794321 101.600000000
427  85.725000000 2.265794321 101.600000000
428  104.775000000 2.265794321 101.600000000
429  123.825000000 2.265794321 101.600000000
430  142.875000000 2.265794321 101.600000000
431  161.925000000 2.265794321 101.600000000
432  180.975000000 2.265794321 101.600000000
433  200.025000000 2.265794321 101.600000000
434  219.075000000 2.265794321 101.600000000
435  238.125000000 2.265794321 101.600000000
436  257.175000000 2.265794321 101.600000000
437  276.225000000 2.265794321 101.600000000
438  290.512500000 2.265794321 101.600000000
439  300.037500000 2.265794321 101.600000000
440  304.800000000 2.265794321 101.600000000
441  0.000000000 6.863606921 101.464079360
442  4.762500000 6.863606921 101.464079360
443  14.287500000 6.863606921 101.464079360
444  28.575000000 6.863606921 101.464079360
445  47.625000000 6.863606921 101.464079360
446  66.675000000 6.863606921 101.464079360
447  85.725000000 6.863606921 101.464079360
448  104.775000000 6.863606921 101.464079360
449  123.825000000 6.863606921 101.464079360
450  142.875000000 6.863606921 101.464079360
451  161.925000000 6.863606921 101.464079360
452  180.975000000 6.863606921 101.464079360
453  200.025000000 6.863606921 101.464079360
454  219.075000000 6.863606921 101.464079360
455  238.125000000 6.863606921 101.464079360
456  257.175000000 6.863606921 101.464079360
457  276.225000000 6.863606921 101.464079360
458  290.512500000 6.863606921 101.464079360
459  300.037500000 6.863606921 101.464079360
460  304.800000000 6.863606921 101.464079360
461  0.000000000 13.872631224 100.833515739
462  4.762500000 13.872631224 100.833515739
463  14.287500000 13.872631224 100.833515739
464  28.575000000 13.872631224 100.833515739
465  47.625000000 13.872631224 100.833515739
466  66.675000000 13.872631224 100.833515739
467  85.725000000 13.872631224 100.833515739
468  104.775000000 13.872631224 100.833515739
469  123.825000000 13.872631224 100.833515739
470  142.875000000 13.872631224 100.833515739
471  161.925000000 13.872631224 100.833515739
472  180.975000000 13.872631224 100.833515739
473  200.025000000 13.872631224 100.833515739
474  219.075000000 13.872631224 100.833515739
475  238.125000000 13.872631224 100.833515739
476  257.175000000 13.872631224 100.833515739
477  276.225000000 13.872631224 100.833515739
478  290.512500000 13.872631224 100.833515739
479  300.037500000 13.872631224 100.833515739
480  304.800000000 13.872631224 100.833515739
481  0.000000000 23.314426748 99.088541839
482  4.762500000 23.314426748 99.088541839
483  14.287500000 23.314426748 99.088541839
484  28.575000000 23.314426748 99.088541839
485  47.625000000 23.314426748 99.088541839
486  66.675000000 23.314426748 99.088541839
487  85.725000000 23.314426748 99.088541839
488  104.775000000 23.314426748 99.088541839
489  123.825000000 23.314426748 99.088541839
490  142.875000000 23.314426748 99.088541839
491  161.925000000 23.314426748 99.088541839
492  180.975000000 23.314426748 99.088541839
493  200.025000000 23.314426748 99.088541839
494  219.075000000 23.314426748 99.088541839
495  238.125000000 23.314426748 99.088541839
496  257.175000000 23.314426748 99.088541839
497  276.225000000 23.314426748 99.088541839
498  290.512500000 23.314426748 99.088541839
499  300.037500000 23.314426748 99.088541839
500  304.800000000 23.314426748 99.088541839
501  0.000000000 32.800535062 96.375646840
502  4.762500000 32.800535062 96.375646840
503  14.287500000 32.800535062 96.375646840
504  28.575000000 32.800535062 96.375646840
505  47.625000000 32.800535062 96.375646840
506  66.675000000 32.800535062 96.375646840
507  85.725000000 32.800535062 96.375646840
508  104.775000000 32.800535062 96.375646840
509  123.825000000 32.800535062 96.375646840
510  142.875000000 32.800535062 96.375646840
511  161.925000000 32.800535062 96.375646840
512  180.975000000 32.800535062 96.375646840
513  200.025000000 32.800535062 96.375646840
514  219.075000000 32.800535062 96.375646840
515  238.125000000 32.800535062 96.375646840
516  257.175000000 32.800535062 96.375646840
517  276.225000000 32.800535062 96.375646840
518  290.512500000 32.800535062 96.375646840
519  300.037500000 32.800535062 96.375646840
520  304.800000000 32.800535062 96.375646840
521  0.000000000 42.186511424 92.661676071
522  4.762500000 42.186511424 92.661676071
523  14.287500000 42.186511424 92.661676071
524  28.575000000 42.186511424 92.661676071
525  47.625000000 42.186511424 92.661676071
526  66.675000000 42.186511424 92.661676071
527  85.725000000 42.186511424 92.661676071
528  104.775000000 42.186511424 92.661676071
529  123.825000000 42.186511424 92.661676071
530  142.875000000 42.186511424 92.661676071
531  161.925000000 42.186511424 92.661676071
532  180.975000000 42.186511424 92.661676071
533  200.025000000 42.186511424 92.661676071
534  219.075000000 42.186511424 92.661676071
535  238.125000000 42.186511424 92.661676071
536  257.175000000 42.186511424 92.661676071
537  276.225000000 42.186511424 92.661676071
538  290.512500000 42.186511424 92.661676071
539  300.037500000 42.186511424 92.661676071
540  304.800000000 42.186511424 92.661676071
541  0.000000000 51.317360661 87.942032418
542  4.762500000 51.317360661 87.942032418
543  14.287500000 51.317360661 87.942032418
544  28.575000000 51.317360661 87.942032418
545  47.625000000 51.317360661 87.942032418
546  66.675000000 51.317360661 87.942032418
547  85.725000000 51.317360661 87.942032418
548  104.775000000 51.317360661 87.942032418
549  123.825000000 51.317360661 87.942032418
550  142.875000000 51.317360661 87.942032418
551  161.925000000 51.317360661 87.942032418
552  180.975000000 51.317360661 87.942032418
553  200.025000000 51.317360661 87.942032418
554  219.075000000 51.317360661 87.942032418
555  238.125000000 51.317360661 87.942032418
556  257.175000000 51.317360661 87.942032418
557  276.225000000 51.317360661 87.942032418
558  290.512500000 51.317360661 87.942032418
559  300.037500000 51.317360661 87.942032418
560  304.800000000 51.317360661 87.942032418
561  0.000000000 60.034680223 82.243968577
562  4.762500000 60.034680223 82.243968577
563  14.287500000 60.034680223 82.243968577
564  28.575000000 60.034680223 82.243968577
565  47.625000000 60.034680223 82.243968577
566  66.675000000 60.034680223 82.243968577
567  85.725000000 60.034680223 82.243968577
568  104.775000000 60.034680223 82.243968577
569  123.825000000 60.034680223 82.243968577
570  142.875000000 60.034680223 82.243968577
571  161.925000000 60.034680223 82.243968577
572  180.975000000 60.034680223 82.243968577
573  200.025000000 60.034680223 82.243968577
574  219.075000000 60.034680223 82.243968577
575  238.125000000 60.034680223 82.243968577
576  257.175000000 60.034680223 82.243968577
577  276.225000000 60.034680223 82.243968577
578  290.512500000 60.034680223 82.243968577
579  300.037500000 60.034680223 82.243968577
580  304.800000000 60.034680223 82.243968577
581  0.000000000 68.184881913 75.627687741
582  4.762500000 68.184881913 75.627687741
583  14.287500000 68.184881913 75.627687741
584  28.575000000 68.184881913 75.627687741
585  47.625000000 68.184881913 75.627687741
586  66.675000000 68.184881913 75.627687741
587  85.725000000 68.184881913 75.627687741
588  104.775000000 68.184881913 75.627687741
589  123.825000000 68.184881913 75.627687741
590  142.875000000 68.184881913 75.627687741
591  161.925000000 68.184881913 75.627687741
592  180.975000000 68.184881913 75.627687741
593  200.025000000 68.184881913 75.627687741
594  219.075000000 68.184881913 75.627687741
595  238.125000000 68.184881913 75.627687741
596  257.175000000 68.184881913 75.627687741
597  276.225000000 68.184881913 75.627687741
598  290.512500000 68.184881913 75.627687741
599  300.037500000 68.184881913 75.627687741
600  304.800000000 68.184881913 75.627687741
601  0.000000000 75.627687741 68.184881913
602  4.762500000 75.627687741 68.184881913
603  14.287500000 75.627687741 68.184881913
604  28.575000000 75.627687741 68.184881913
605  47.625000000 75.627687741 68.184881913
606  66.675000000 75.627687741 68.184881913
607  85.725000000 75.627687741 68.184881913
608  104.775000000 75.627687741 68.184881913
609  123.825000000 75.627687741 68.184881913
610  142.875000000 75.627687741 68.184881913
611  161.925000000 75.627687741 68.184881913
612  180.975000000 75.627687741 68.184881913
613  200.025000000 75.627687741 68.184881913
614  219.075000000 75.627687741 68.184881913
615  238.125000000 75.627687741 68.184881913
616  257.175000000 75.627687741 68.184881913
617  276.225000000 75.627687741 68.184881913
618  290.512500000 75.627687741 68.184881913
619  300.037500000 75.627687741 68.184881913
620  304.800000000 75.627687741 68.184881913
621  0.000000000 82.243968577 60.034680223
622  4.762500000 82.243968577 60.034680223
623  14.287500000 82.243968577 60.034680223
624  28.575000000 82.243968577 60.034680223
625  47.625000000 82.243968577 60.034680223
626  66.675000000 82.243968577 60.034680223
627  85.725000000 82.243968577 60.034680223
628  104.775000000 82.243968577 60.034680223
629  123.825000000 82.243968577 60.034680223
630  142.875000000 82.243968577 60.034680223
631  161.925000000 82.243968577 60.034680223
632  180.975000000 82.243968577 60.034680223
633  200.025000000 82.243968577 60.034680223
634  219.075000000 82.243968577 60.034680223
635  238.125000000 82.243968577 60.034680223
636  257.175000000 82.243968577 60.034680223
637  276.225000000 82.243968577 60.034680223
638  290.512500000 82.243968577 60.034680223
639  300.037500000 82.243968577 60.034680223
640  304.800000000 82.243968577 60.034680223
641  0.000000000 87.942032418 51.317360661
642  4.762500000 87.942032418 51.317360661
643  14.287500000 87.942032418 51.317360661
644  28.575000000 87.942032418 51.317360661
645  47.625000000 87.942032418 51.317360661
646  66.675000000 87.942032418 51.317360661
647  85.725000000 87.942032418 51.317360661
648  104.775000000 87.942032418 51.317360661
649  123.825000000 87.942032418 51.317360661
650  142.875000000 87.942032418 51.317360661
651  161.925000000 87.942032418 51.317360661
652  180.975000000 87.942032418 51.317360661
653  200.025000000 87.942032418 51.317360661
654  219.075000000 87.942032418 51.317360661
655  238.125000000 87.942032418 51.317360661
656  257.175000000 87.942032418 51.317360661
657  276.225000000 87.942032418 51.317360661
658  290.512500000 87.942032418 51.317360661
659  300.037500000 87.942032418 51.317360661
660  304.800000000 87.942032418 51.317360661
661  0.000000000 92.661676071 42.186511424
662  4.762500000 92.661676071 42.186511424
663  14.287500000 92.661676071 42.186511424
664  28.575000000 92.661676071 42.186511424
665  47.625000000 92.661676071 42.186511424
666  66.675000000 92.661676071 42.186511424
667  85.725000000 92.661676071 42.186511424
668  104.775000000 92.661676071 42.186511424
669  123.825000000 92.661676071 42.186511424
670  142.875000000 92.661676071 42.186511424
671  161.925000000 92.661676071 42.186511424
672  180.975000000 92.661676071 42.186511424
673  200.025000000 92.661676071 42.186511424
674  219.075000000 92.661676071 42.186511424
675  238.125000000 92.661676071 42.186511424
676  257.175000000 92.661676071 42.186511424
677  276.225000000 92.661676071 42.186511424
678  290.512500000 92.661676071 42.186511424
679  300.037500000 92.661676071 42.186511424
680  304.800000000 92.661676071 42.186511424
681  0.000000000 96.375646840 32.800535062
682  4.762500000 96.375646840 32.800535062
683  14.287500000 96.375646840 32.800535062
684  28.575000000 96.375646840 32.800535062
685  47.625000000 96.375646840 32.800535062
686  66.675000000 96.375646840 32.800535062
687  85.725000000 96.375646840 32.800535062
688  104.775000000 96.375646840 32.800535062
689  123.825000000 96.375646840 32.800535062
690  142.875000000 96.375646840 32.800535062
691  161.925000000 96.375646840 32.800535062
692  180.975000000 96.375646840 32.800535062
693  200.025000000 96.375646840 32.800535062
694  219.075000000 96.375646840 32.800535062
695  238.125000000 96.375646840 32.800535062
696  257.175000000 96.375646840 32.800535062
697  276.225000000 96.375646840 32.800535062
698  290.512500000 96.375646840 32.800535062
699  300.037500000 96.375646840 32.800535062
700  304.800000000 96.375646840 32.800535062
701  0.000000000 99.088541839 23.314426748
702  4.762500000 99.088541839 23.314426748
703  14.287500000 99.088541839 23.314426748
704  28.575000000 99.088541839 23.314426748
705  47.625000000 99.088541839 23.314426748
706  66.675000000 99.088541839 23.314426748
707  85.725000000 99.088541839 23.314426748
708  104.775000000 99.088541839 23.314426748
709  123.825000000 99.088541839 23.314426748
710  142.875000000 99.088541839 23.314426748
711  161.925000000 99.088541839 23.314426748
712  180.975000000 99.088541839 23.314426748
713  200.025000000 99.088541839 23.314426748
714  219.075000000 99.088541839 23.314426748
715  238.125000000 99.088541839 23.314426748
716  257.175000000 99.088541839 23.314426748
717  276.225000000 99.088541839 23.314426748
718  290.512500000 99.088541839 23.314426748
719  300.037500000 99.088541839 23.314426748
720  304.800000000 99.088541839 23.314426748
721  0.000000000 100.833515739 13.872631224
722  4.762500000 100.833515739 13.872631224
723  14.287500000 100.833515739 13.872631224
724  28.575000000 100.833515739 13.872631224
725  47.625000000 100.833515739 13.872631224
726  66.675000000 100.833515739 13.872631224
727  85.725000000 100.833515739 13.872631224
728  104.775000000 100.833515739 13.872631224
729  123.825000000 100.833515739 13.872631224
730  142.875000000 100.833515739 13.872631224
731  161.925000000 100.833515739 13.872631224
732  180.975000000 100.833515739 13.872631224
733  200.025000000 100.833515739 13.872631224
734  219.075000000 100.833515739 13.872631224
735  238.125000000 100.833515739 13.872631224
736  257.175000000 100.833515739 13.872631224
737  276.225000000 100.833515739 13.872631224
738  290.512500000 100.833515739 13.872631224
739  300.037500000 100.833515739 13.872631224
740  304.800000000 100.833515739 13.872631224
741  0.000000000 101.464079360 6.863606921
742  4.762500000 101.464079360 6.863606921
743  14.287500000 101.464079360 6.863606921
744  28.575000000 101.464079360 6.863606921
745  47.625000000 101.464079360 6.863606921
746  66.675000000 101.464079360 6.863606921
747  85.725000000 101.464079360 6.863606921
748  104.775000000 101.464079360 6.863606921
749  123.825000000 101.464079360 6.863606921
750  142.875000000 101.464079360 6.863606921
751  161.925000000 101.464079360 6.863606921
752  180.975000000 101.464079360 6.863606921
753  200.025000000 101.464079360 6.863606921
754  219.075000000 101.464079360 6.863606921
755  238.125000000 101.464079360 6.863606921
756  257.175000000 101.464079360 6.863606921
757  276.225000000 101.464079360 6.863606921
758  290.512500000 101.464079360 6.863606921
759  300.037500000 101.464079360 6.863606921
760  304.800000000 101.464079360 6.863606921
761  0.000000000 101.600000000 2.265794321
762  4.762500000 101.600000000 2.265794321
763  14.287500000 101.600000000 2.265794321
764  28.575000000 101.600000000 2.265794321
765  47.625000000 101.600000000 2.265794321
766  66.675000000 101.600000000 2.265794321
767  85.725000000 101.600000000 2.265794321
768  104.775000000 101.600000000 2.265794321
769  123.825000000 101.600000000 2.265794321
770  142.875000000 101.600000000 2.265794321
771  161.925000000 101.600000000 2.265794321
772  180.975000000 101.600000000 2.265794321
773  200.025000000 101.600000000 2.265794321
774  219.075000000 101.600000000 2.265794321
775  238.125000000 101.600000000 2.265794321
776  257.175000000 101.600000000 2.265794321
777  276.225000000 101.600000000 2.265794321
778  290.512500000 101.600000000 2.265794321
779  300.037500000 101.600000000 2.265794321
780  304.800000000 101.600000000 2.265794321
781  0.000000000 101.600000000 0.000000000
782  4.762500000 101.600000000 0.000000000
783  14.287500000 101.600000000 0.000000000
784  28.575000000 101.600000000 0.000000000
785  47.625000000 101.600000000 0.000000000
786  66.675000000 101.600000000 0.000000000
787  85.725000000 101.600000000 0.000000000
788  104.775000000 101.600000000 0.000000000
789  123.825000000 101.600000000 0.000000000
790  142.875000000 101.600000000 0.000000000
791  161.925000000 101.600000000 0.000000000
792  180.975000000 101.600000000 0.000000000
793  200.025000000 101.600000000 0.000000000
794  219.075000000 101.600000000 0.000000000
795  238.125000000 101.600000000 0.000000000
796  257.175000000 101.600000000 0.000000000
797  276.225000000 101.600000000 0.000000000
798  290.512500000 101.600000000 0.000000000
799  300.037500000 101.600000000 0.000000000
800  304.800000000 101.600000000 0.000000000
801  0.000000000 0.000000000 103.100000000
802  4.762500000 0.000000000 103.100000000
803  14.287500000 0.000000000 103.100000000
804  28.575000000 0.000000000 103.100000000
805  47.625000000 0.000000000 103.100000000
806  66.675000000 0.000000000 103.100000000
807  85.725000000 0.000000000 103.100000000
808  104.775000000 0.000000000 103.100000000
809  123.825000000 0.000000000 103.100000000
810  142.875000000 0.000000000 103.100000000
811  161.925000000 0.000000000 103.100000000
812  180.975000000 0.000000000 103.100000000
813  200.025000000 0.000000000 103.100000000
814  219.075000000 0.000000000 103.100000000
815  238.125000000 0.000000000 103.100000000
816  257.175000000 0.000000000 103.100000000
817  276.225000000 0.000000000 103.100000000
818  290.512500000 0.000000000 103.100000000
819  300.037500000 0.000000000 103.100000000
820  304.800000000 0.000000000 103.100000000
821  0.000000000 2.299245989 103.100000000
822  4.762500000 2.299245989 103.100000000
823  14.287500000 2.299245989 103.100000000
824  28.575000000 2.299245989 103.100000000
825  47.625000000 2.299245989 103.100000000
826  66.675000000 2.299245989 103.100000000
827  85.725000000 2.299245989 103.100000000
828  104.775000000 2.299245989 103.100000000
829  123.825000000 2.299245989 103.100000000
830  142.875000000 2.299245989 103.100000000
831  161.925000000 2.299245989 103.100000000
832  180.975000000 2.299245989 103.100000000
833  200.025000000 2.299245989 103.100000000
834  219.075000000 2.299245989 103.100000000
835  238.125000000 2.299245989 103.100000000
836  257.175000000 2.299245989 103.100000000
837  276.225000000 2.299245989 103.100000000
838  290.512500000 2.299245989 103.100000000
839  300.037500000 2.299245989 103.100000000
840  304.800000000 2.299245989 103.100000000
841  0.000000000 6.964939645 102.962072659
842  4.762500000 6.964939645 102.962072659
843  14.287500000 6.964939645 102.962072659
844  28.575000000 6.964939645 102.962072659
845  47.625000000 6.964939645 102.962072659
846  66.675000000 6.964939645 102.962072659
847  85.725000000 6.964939645 102.962072659
848  104.775000000 6.964939645 102.962072659
849  123.825000000 6.964939645 102.962072659
850  142.875000000 6.964939645 102.962072659
851  161.925000000 6.964939645 102.962072659
852  180.975000000 6.964939645 102.962072659
853  200.025000000 6.964939645 102.962072659
854  219.075000000 6.964939645 102.962072659
855  238.125000000 6.964939645 102.962072659
856  257.175000000 6.964939645 102.962072659
857  276.225000000 6.964939645 102.962072659
858  290.512500000 6.964939645 102.962072659
859  300.037500000 6.964939645 102.962072659
860  304.800000000 6.964939645 102.962072659
861  0.000000000 14.077443601 102.322199539
862  4.762500000 14.077443601 102.322199539
863  14.287500000 14.077443601 102.322199539
864  28.575000000 14.077443601 102.322199539
865  47.625000000 14.077443601 102.322199539
866  66.675000000 14.077443601 102.322199539
867  85.725000000 14.077443601 102.322199539
868  104.775000000 14.077443601 102.322199539
869  123.825000000 14.077443601 102.322199539
870  142.875000000 14.077443601 102.322199539
871  161.925000000 14.077443601 102.322199539
872  180.975000000 14.077443601 102.322199539
873  200.025000000 14.077443601 102.322199539
874  219.075000000 14.077443601 102.322199539
875  238.125000000 14.077443601 102.322199539
876  257.175000000 14.077443601 102.322199539
877  276.225000000 14.077443601 102.322199539
878  290.512500000 14.077443601 102.322199539
879  300.037500000 14.077443601 102.322199539
880  304.800000000 14.077443601 102.322199539
881  0.000000000 23.658635687 100.551463238
882  4.762500000 23.658635687 100.551463238
883  14.287500000 23.658635687 100.551463238
884  28.575000000 23.658635687 100.551463238
885  47.625000000 23.658635687 100.551463238
886  66.675000000 23.658635687 100.551463238
887  85.725000000 23.658635687 100.551463238
888  104.775000000 23.658635687 100.551463238
889  123.825000000 23.658635687 100.551463238
890  142.875000000 23.658635687 100.551463238
891  161.925000000 23.658635687 100.551463238
892  180.975000000 23.658635687 100.551463238
893  200.025000000 23.658635687 100.551463238
894  219.075000000 23.658635687 100.551463238
895  238.125000000 23.658635687 100.551463238
896  257.175000000 23.658635687 100.551463238
897  276.225000000 23.658635687 100.551463238
898  290.512500000 23.658635687 100.551463238
899  300.037500000 23.658635687 100.551463238
900  304.800000000 23.658635687 100.551463238
901  0.000000000 33.284794808 97.798515660
902  4.762500000 33.284794808 97.798515660
903  14.287500000 33.284794808 97.798515660
904  28.575000000 33.284794808 97.798515660
905  47.625000000 33.284794808 97.798515660
906  66.675000000 33.284794808 97.798515660
907  85.725000000 33.284794808 97.798515660
908  104.775000000 33.284794808 97.798515660
909  123.825000000 33.284794808 97.798515660
910  142.875000000 33.284794808 97.798515660
911  161.925000000 33.284794808 97.798515660
912  180.975000000 33.284794808 97.798515660
913  200.025000000 33.284794808 97.798515660
914  219.075000000 33.284794808 97.798515660
915  238.125000000 33.284794808 97.798515660
916  257.175000000 33.284794808 97.798515660
917  276.225000000 33.284794808 97.798515660
918  290.512500000 33.284794808 97.798515660
919  300.037500000 33.284794808 97.798515660
920  304.800000000 33.284794808 97.798515660
921  0.000000000 42.809343667 94.029712647
922  4.762500000 42.809343667 94.029712647
923  14.287500000 42.809343667 94.029712647
924  28.575000000 42.809343667 94.029712647
925  47.625000000 42.809343667 94.029712647
926  66.675000000 42.809343667 94.029712647
927  85.725000000 42.809343667 94.029712647
928  104.775000000 42.809343667 94.029712647
929  123.825000000 42.809343667 94.029712647
930  142.875000000 42.809343667 94.029712647
931  161.925000000 42.809343667 94.029712647
932  180.975000000 42.809343667 94.029712647
933  200.025000000 42.809343667 94.029712647
934  219.075000000 42.809343667 94.029712647
935  238.125000000 42.809343667 94.029712647
936  257.175000000 42.809343667 94.029712647
937  276.225000000 42.809343667 94.029712647
938  290.512500000 42.809343667 94.029712647
939  300.037500000 42.809343667 94.029712647
940  304.800000000 42.809343667 94.029712647
941  0.000000000 52.074998769 89.240389211
942  4.762500000 52.074998769 89.240389211
943  14.287500000 52.074998769 89.240389211
944  28.575000000 52.074998769 89.240389211
945  47.625000000 52.074998769 89.240389211
946  66.675000000 52.074998769 89.240389211
947  85.725000000 52.074998769 89.240389211
948  104.775000000 52.074998769 89.240389211
949  123.825000000 52.074998769 89.240389211
950  142.875000000 52.074998769 89.240389211
951  161.925000000 52.074998769 89.240389211
952  180.975000000 52.074998769 89.240389211
953  200.025000000 52.074998769 89.240389211
954  219.075000000 52.074998769 89.240389211
955  238.125000000 52.074998769 89.240389211
956  257.175000000 52.074998769 89.240389211
957  276.225000000 52.074998769 89.240389211
958  290.512500000 52.074998769 89.240389211
959  300.037500000 52.074998769 89.240389211
960  304.800000000 52.074998769 89.240389211
961  0.000000000 60.921018941 83.458200400
962  4.762500000 60.921018941 83.458200400
963  14.287500000 60.921018941 83.458200400
964  28.575000000 60.921018941 83.458200400
965  47.625000000 60.921018941 83.458200400
966  66.675000000 60.921018941 83.458200400
967  85.725000000 60.921018941 83.458200400
968  104.775000000 60.921018941 83.458200400
969  123.825000000 60.921018941 83.458200400
970  142.875000000 60.921018941 83.458200400
971  161.925000000 60.921018941 83.458200400
972  180.975000000 60.921018941 83.458200400
973  200.025000000 60.921018941 83.458200400
974  219.075000000 60.921018941 83.458200400
975  238.125000000 60.921018941 83.458200400
976  257.175000000 60.921018941 83.458200400
977  276.225000000 60.921018941 83.458200400
978  290.512500000 60.921018941 83.458200400
979  300.037500000 60.921018941 83.458200400
980  304.800000000 60.921018941 83.458200400
981  0.000000000 69.191548438 76.744238233
982  4.762500000 69.191548438 76.744238233
983  14.287500000 69.191548438 76.744238233
984  28.575000000 69.191548438 76.744238233
985  47.625000000 69.191548438 76.744238233
986  66.675000000 69.191548438 76.744238233
987  85.725000000 69.191548438 76.744238233
988  104.775000000 69.191548438 76.744238233
989  123.825000000 69.191548438 76.744238233
990  142.875000000 69.191548438 76.744238233
991  161.925000000 69.191548438 76.744238233
992  180.975000000 69.191548438 76.744238233
993  200.025000000 69.191548438 76.744238233
994  219.075000000 69.191548438 76.744238233
995  238.125000000 69.191548438 76.744238233
996  257.175000000 69.191548438 76.744238233
997  276.225000000 69.191548438 76.744238233
998  290.512500000 69.191548438 76.744238233
999  300.037500000 69.191548438 76.744238233
1000 304.800000000 69.191548438 76.744238233
1001 0.000000000 76.744238233 69.191548438
1002 4.762500000 76.744238233 69.191548438
1003 14.287500000 76.744238233 69.191548438
1004 28.575000000 76.744238233 69.191548438
1005 47.625000000 76.744238233 69.191548438
1006 66.675000000 76.744238233 69.191548438
1007 85.725000000 76.744238233 69.191548438
1008 104.775000000 76.744238233 69.191548438
1009 123.825000000 76.744238233 69.191548438
1010 142.875000000 76.744238233 69.191548438
1011 161.925000000 76.744238233 69.191548438
1012 180.975000000 76.744238233 69.191548438
1013 200.025000000 76.744238233 69.191548438
1014 219.075000000 76.744238233 69.191548438
1015 238.125000000 76.744238233 69.191548438
1016 257.175000000 76.744238233 69.191548438
1017 276.225000000 76.744238233 69.191548438
1018 290.512500000 76.744238233 69.191548438
1019 300.037500000 76.744238233 69.191548438
1020 304.800000000 76.744238233 69.191548438
1021 0.000000000 83.458200400 60.921018941
1022 4.762500000 83.458200400 60.921018941
1023 14.287500000 83.458200400 60.921018941
1024 28.575000000 83.458200400 60.921018941
1025 47.625000000 83.458200400 60.921018941
1026 66.675000000 83.458200400 60.921018941
1027 85.725000000 83.458200400 60.921018941
1028 104.775000000 83.458200400 60.921018941
1029 123.825000000 83.458200400 60.921018941
1030 142.875000000 83.458200400 60.921018941
1031 161.925000000 83.458200400 60.921018941
1032 180.975000000 83.458200400 60.921018941
1033 200.025000000 83.458200400 60.921018941
1034 219.075000000 83.458200400 60.921018941
1035 238.125000000 83.458200400 60.921018941
1036 257.175000000 83.458200400 60.921018941
1037 276.225000000 83.458200400 60.921018941
1038 290.512500000 83.458200400 60.921018941
1039 300.037500000 83.458200400 60.921018941
1040 304.800000000 83.458200400 60.921018941
1041 0.000000000 89.240389211 52.074998769
1042 4.762500000 89.240389211 52.074998769
1043 14.287500000 89.240389211 52.074998769
1044 28.575000000 89.240389211 52.074998769
1045 47.625000000 89.240389211 52.074998769
1046 66.675000000 89.240389211 52.074998769
1047 85.725000000 89.240389211 52.074998769
1048 104.775000000 89.240389211 52.074998769
1049 123.825000000 89.240389211 52.074998769
1050 142.875000000 89.240389211 52.074998769
1051 161.925000000 89.240389211 52.074998769
1052 180.975000000 89.240389211 52.074998769
1053 200.025000000 89.240389211 52.074998769
1054 219.075000000 89.240389211 52.074998769
1055 238.125000000 89.240389211 52.074998769
1056 257.175000000 89.240389211 52.074998769
1057 276.225000000 89.240389211 52.074998769
1058 290.512500000 89.240389211 52.074998769
1059 300.037500000 89.240389211 52.074998769
1060 304.800000000 89.240389211 52.074998769
1061 0.000000000 94.029712647 42.809343667
1062 4.762500000 94.029712647 42.809343667
1063 14.287500000 94.029712647 42.809343667
1064 28.575000000 94.029712647 42.809343667
1065 47.625000000 94.029712647 42.809343667
1066 66.675000000 94.029712647 42.809343667
1067 85.725000000 94.029712647 42.809343667
1068 104.775000000 94.029712647 42.809343667
1069 123.825000000 94.029712647 42.809343667
1070 142.875000000 94.029712647 42.809343667
1071 161.925000000 94.029712647 42.809343667
1072 180.975000000 94.029712647 42.809343667
1073 200.025000000 94.029712647 42.809343667
1074 219.075000000 94.029712647 42.809343667
1075 238.125000000 94.029712647 42.809343667
1076 257.175000000 94.029712647 42.809343667
1077 276.225000000 94.029712647 42.809343667
1078 290.512500000 94.029712647 42.809343667
1079 300.037500000 94.029712647 42.809343667
1080 304.800000000 94.029712647 42.809343667
1081 0.000000000 97.798515660 33.284794808
1082 4.762500000 97.798515660 33.284794808
1083 14.287500000 97.798515660 33.284794808
1084 28.575000000 97.798515660 33.284794808
1085 47.625000000 97.798515660 33.284794808
1086 66.675000000 97.798515660 33.284794808
1087 85.725000000 97.798515660 33.284794808
1088 104.775000000 97.798515660 33.284794808
1089 123.825000000 97.798515660 33.284794808
1090 142.875000000 97.798515660 33.284794808
1091 161.925000000 97.798515660 33.284794808
1092 180.975000000 97.798515660 33.284794808
1093 200.025000000 97.798515660 33.284794808
1094 219.075000000 97.798515660 33.284794808
1095 238.125000000 97.798515660 33.284794808
1096 257.175000000 97.798515660 33.284794808
1097 276.225000000 97.798515660 33.284794808
1098 290.512500000 97.798515660 33.284794808
1099 300.037500000 97.798515660 33.284794808
1100 304.800000000 97.798515660 33.284794808
1101 0.000000000 100.551463238 23.658635687
1102 4.762500000 100.551463238 23.658635687
1103 14.287500000 100.551463238 23.658635687
1104 28.575000000 100.551463238 23.658635687
1105 47.625000000 100.551463238 23.658635687
1106 66.675000000 100.551463238 23.658635687
1107 85.725000000 100.551463238 23.658635687
1108 104.775000000 100.551463238 23.658635687
1109 123.825000000 100.551463238 23.658635687
1110 142.875000000 100.551463238 23.658635687
1111 161.925000000 100.551463238 23.658635687
1112 180.975000000 100.551463238 23.658635687
1113 200.025000000 100.551463238 23.658635687
1114 219.075000000 100.551463238 23.658635687
1115 238.125000000 100.551463238 23.658635687
1116 257.175000000 100.551463238 23.658635687
1117 276.225000000 100.551463238 23.658635687
1118 290.512500000 100.551463238 23.658635687
1119 300.037500000 100.551463238 23.658635687
1120 304.800000000 100.551463238 23.658635687
1121 0.000000000 102.322199539 14.077443601
1122 4.762500000 102.322199539 14.077443601
1123 14.287500000 102.322199539 14.077443601
1124 28.575000000 102.322199539 14.077443601
1125 47.625000000 102.322199539 14.077443601
1126 66.675000000 102.322199539 14.077443601
1127 85.725000000 102.322199539 14.077443601
1128 104.775000000 102.322199539 14.077443601
1129 123.825000000 102.322199539 14.077443601
1130 142.875000000 102.322199539 14.077443601
1131 161.925000000 102.322199539 14.077443601
1132 180.975000000 102.322199539 14.077443601
1133 200.025000000 102.322199539 14.077443601
1134 219.075000000 102.322199539 14.077443601
1135 238.125000000 102.322199539 14.077443601
1136 257.175000000 102.322199539 14.077443601
1137 276.225000000 102.322199539 14.077443601
1138 290.512500000 102.322199539 14.077443601
1139 300.037500000 102.322199539 14.077443601
1140 304.800000000 102.322199539 14.077443601
1141 0.000000000 102.962072659 6.964939645
1142 4.762500000 102.962072659 6.964939645
1143 14.287500000 102.962072659 6.964939645
1144 28.575000000 102.962072659 6.964939645
1145 47.625000000 102.962072659 6.964939645
1146 66.675000000 102.962072659 6.964939645
1147 85.725000000 102.962072659 6.964939645
1148 104.775000000 102.962072659 6.964939645
1149 123.825000000 102.962072659 6.964939645
1150 142.875000000 102.962072659 6.964939645
1151 161.925000000 102.962072659 6.964939645
1152 180.975000000 102.962072659 6.964939645
1153 200.025000000 102.962072659 6.964939645
1154 219.075000000 102.962072659 6.964939645
1155 238.125000000 102.962072659 6.964939645
1156 257.175000000 102.962072659 6.964939645
1157 276.225000000 102.962072659 6.964939645
1158 290.512500000 102.962072659 6.964939645
1159 300.037500000 102.962072659 6.964939645
1160 304.800000000 102.962072659 6.964939645
1161 0.000000000 103.100000000 2.299245989
1162 4.762500000 103.100000000 2.299245989
1163 14.287500000 103.100000000 2.299245989
1164 28.575000000 103.100000000 2.299245989
1165 47.625000000 103.100000000 2.299245989
1166 66.675000000 103.100000000 2.299245989
1167 85.725000000 103.100000000 2.299245989
1168 104.775000000 103.100000000 2.299245989
1169 123.825000000 103.100000000 2.299245989
1170 142.875000000 103.100000000 2.299245989
1171 161.925000000 103.100000000 2.299245989
1172 180.975000000 103.100000000 2.299245989
1173 200.025000000 103.100000000 2.299245989
1174 219.075000000 103.100000000 2.299245989
1175 238.125000000 103.100000000 2.299245989
1176 257.175000000 103.100000000 2.299245989
1177 276.225000000 103.100000000 2.299245989
1178 290.512500000 103.100000000 2.299245989
1179 300.037500000 103.100000000 2.299245989
1180 304.800000000 103.100000000 2.299245989
1181 0.000000000 103.100000000 0.000000000
1182 4.762500000 103.100000000 0.000000000
1183 14.287500000 103.100000000 0.000000000
1184 28.575000000 103.100000000 0.000000000
1185 47.625000000 103.100000000 0.000000000
1186 66.675000000 103.100000000 0.000000000
1187 85.725000000 103.100000000 0.000000000
1188 104.775000000 103.100000000 0.000000000
1189 123.825000000 103.100000000 0.000000000
1190 142.875000000 103.100000000 0.000000000
1191 161.925000000 103.100000000 0.000000000
1192 180.975000000 103.100000000 0.000000000
1193 200.025000000 103.100000000 0.000000000
1194 219.075000000 103.100000000 0.000000000
1195 238.125000000 103.100000000 0.000000000
1196 257.175000000 103.100000000 0.000000000
1197 276.225000000 103.100000000 0.000000000
1198 290.512500000 103.100000000 0.000000000
1199 300.037500000 103.100000000 0.000000000
1200 304.800000000 103.100000000 0.000000000


%CONTROL.POINT.WEIGHT
1200
1    1.000000000
2    1.000000000
3    1.000000000
4    1.000000000
5    1.000000000
6    1.000000000
7    1.000000000
8    1.000000000
9    1.000000000
10   1.000000000
11   1.000000000
12   1.000000000
13   1.000000000
14   1.000000000
15   1.000000000
16   1.000000000
17   1.000000000
18   1.000000000
19   1.000000000
20   1.000000000
21   0.990846875
22   0.990846875
23   0.990846875
24   0.990846875
25   0.990846875
26   0.990846875
27   0.990846875
28   0.990846875
29   0.990846875
30   0.990846875
31   0.990846875
32   0.990846875
33   0.990846875
34   0.990846875
35   0.990846875
36   0.990846875
37   0.990846875
38   0.990846875
39   0.990846875
40   0.990846875
41   0.973303438
42   0.973303438
43   0.973303438
44   0.973303438
45   0.973303438
46   0.973303438
47   0.973303438
48   0.973303438
49   0.973303438
50   0.973303438
51   0.973303438
52   0.973303438
53   0.973303438
54   0.973303438
55   0.973303438
56   0.973303438
57   0.973303438
58   0.973303438
59   0.973303438
60   0.973303438
61   0.949276689
62   0.949276689
63   0.949276689
64   0.949276689
65   0.949276689
66   0.949276689
67   0.949276689
68   0.949276689
69   0.949276689
70   0.949276689
71   0.949276689
72   0.949276689
73   0.949276689
74   0.949276689
75   0.949276689
76   0.949276689
77   0.949276689
78   0.949276689
79   0.949276689
80   0.949276689
81   0.921817739
82   0.921817739
83   0.921817739
84   0.921817739
85   0.921817739
86   0.921817739
87   0.921817739
88   0.921817739
89   0.921817739
90   0.921817739
91   0.921817739
92   0.921817739
93   0.921817739
94   0.921817739
95   0.921817739
96   0.921817739
97   0.921817739
98   0.921817739
99   0.921817739
100  0.921817739
101  0.898935415
102  0.898935415
103  0.898935415
104  0.898935415
105  0.898935415
106  0.898935415
107  0.898935415
108  0.898935415
109  0.898935415
110  0.898935415
111  0.898935415
112  0.898935415
113  0.898935415
114  0.898935415
115  0.898935415
116  0.898935415
117  0.898935415
118  0.898935415
119  0.898935415
120  0.898935415
121  0.880629644
122  0.880629644
123  0.880629644
124  0.880629644
125  0.880629644
126  0.880629644
127  0.880629644
128  0.880629644
129  0.880629644
130  0.880629644
131  0.880629644
132  0.880629644
133  0.880629644
134  0.880629644
135  0.880629644
136  0.880629644
137  0.880629644
138  0.880629644
139  0.880629644
140  0.880629644
141  0.866900366
142  0.866900366
143  0.866900366
144  0.866900366
145  0.866900366
146  0.866900366
147  0.866900366
148  0.866900366
149  0.866900366
150  0.866900366
151  0.866900366
152  0.866900366
153  0.866900366
154  0.866900366
155  0.866900366
156  0.866900366
157  0.866900366
158  0.866900366
159  0.866900366
160  0.866900366
161  0.857747539
162  0.857747539
163  0.857747539
164  0.857747539
165  0.857747539
166  0.857747539
167  0.857747539
168  0.857747539
169  0.857747539
170  0.857747539
171  0.857747539
172  0.857747539
173  0.857747539
174  0.857747539
175  0.857747539
176  0.857747539
177  0.857747539
178  0.857747539
179  0.857747539
180  0.857747539
181  0.853171133
182  0.853171133
183  0.853171133
184  0.853171133
185  0.853171133
186  0.853171133
187  0.853171133
188  0.853171133
189  0.853171133
190  0.853171133
191  0.853171133
192  0.853171133
193  0.853171133
194  0.853171133
195  0.853171133
196  0.853171133
197  0.853171133
198  0.853171133
199  0.853171133
200  0.853171133
201  0.853171133
202  0.853171133
203  0.853171133
204  0.853171133
205  0.853171133
206  0.853171133
207  0.853171133
208  0.853171133
209  0.853171133
210  0.853171133
211  0.853171133
212  0.853171133
213  0.853171133
214  0.853171133
215  0.853171133
216  0.853171133
217  0.853171133
218  0.853171133
219  0.853171133
220  0.853171133
221  0.857747539
222  0.857747539
223  0.857747539
224  0.857747539
225  0.857747539
226  0.857747539
227  0.857747539
228  0.857747539
229  0.857747539
230  0.857747539
231  0.857747539
232  0.857747539
233  0.857747539
234  0.857747539
235  0.857747539
236  0.857747539
237  0.857747539
238  0.857747539
239  0.857747539
240  0.857747539
241  0.866900366
242  0.866900366
243  0.866900366
244  0.866900366
245  0.866900366
246  0.866900366
247  0.866900366
248  0.866900366
249  0.866900366
250  0.866900366
251  0.866900366
252  0.866900366
253  0.866900366
254  0.866900366
255  0.866900366
256  0.866900366
257  0.866900366
258  0.866900366
259  0.866900366
260  0.866900366
261  0.880629644
262  0.880629644
263  0.880629644
264  0.880629644
265  0.880629644
266  0.880629644
267  0.880629644
268  0.880629644
269  0.880629644
270  0.880629644
271  0.880629644
272  0.880629644
273  0.880629644
274  0.880629644
275  0.880629644
276  0.880629644
277  0.880629644
278  0.880629644
279  0.880629644
280  0.880629644
281  0.898935415
282  0.898935415
283  0.898935415
284  0.898935415
285  0.898935415
286  0.898935415
287  0.898935415
288  0.898935415
289  0.898935415
290  0.898935415
291  0.898935415
292  0.898935415
293  0.898935415
294  0.898935415
295  0.898935415
296  0.898935415
297  0.898935415
298  0.898935415
299  0.898935415
300  0.898935415
301  0.921817739
302  0.921817739
303  0.921817739
304  0.921817739
305  0.921817739
306  0.921817739
307  0.921817739
308  0.921817739
309  0.921817739
310  0.921817739
311  0.921817739
312  0.921817739
313  0.921817739
314  0.921817739
315  0.921817739
316  0.921817739
317  0.921817739
318  0.921817739
319  0.921817739
320  0.921817739
321  0.949276689
322  0.949276689
323  0.949276689
324  0.949276689
325  0.949276689
326  0.949276689
327  0.949276689
328  0.949276689
329  0.949276689
330  0.949276689
331  0.949276689
332  0.949276689
333  0.949276689
334  0.949276689
335  0.949276689
336  0.949276689
337  0.949276689
338  0.949276689
339  0.949276689
340  0.949276689
341  0.973303438
342  0.973303438
343  0.973303438
344  0.973303438
345  0.973303438
346  0.973303438
347  0.973303438
348  0.973303438
349  0.973303438
350  0.973303438
351  0.973303438
352  0.973303438
353  0.973303438
354  0.973303438
355  0.973303438
356  0.973303438
357  0.973303438
358  0.973303438
359  0.973303438
360  0.973303438
361  0.990846875
362  0.990846875
363  0.990846875
364  0.990846875
365  0.990846875
366  0.990846875
367  0.990846875
368  0.990846875
369  0.990846875
370  0.990846875
371  0.990846875
372  0.990846875
373  0.990846875
374  0.990846875
375  0.990846875
376  0.990846875
377  0.990846875
378  0.990846875
379  0.990846875
380  0.990846875
381  1.000000000
382  1.000000000
383  1.000000000
384  1.000000000
385  1.000000000
386  1.000000000
387  1.000000000
388  1.000000000
389  1.000000000
390  1.000000000
391  1.000000000
392  1.000000000
393  1.000000000
394  1.000000000
395  1.000000000
396  1.000000000
397  1.000000000
398  1.000000000
399  1.000000000
400  1.000000000
401  1.000000000
402  1.000000000
403  1.000000000
404  1.000000000
405  1.000000000
406  1.000000000
407  1.000000000
408  1.000000000
409  1.000000000
410  1.000000000
411  1.000000000
412  1.000000000
413  1.000000000
414  1.000000000
415  1.000000000
416  1.000000000
417  1.000000000
418  1.000000000
419  1.000000000
420  1.000000000
421  0.990846875
422  0.990846875
423  0.990846875
424  0.990846875
425  0.990846875
426  0.990846875
427  0.990846875
428  0.990846875
429  0.990846875
430  0.990846875
431  0.990846875
432  0.990846875
433  0.990846875
434  0.990846875
435  0.990846875
436  0.990846875
437  0.990846875
438  0.990846875
439  0.990846875
440  0.990846875
441  0.973303438
442  0.973303438
443  0.973303438
444  0.973303438
445  0.973303438
446  0.973303438
447  0.973303438
448  0.973303438
449  0.973303438
450  0.973303438
451  0.973303438
452  0.973303438
453  0.973303438
454  0.973303438
455  0.973303438
456  0.973303438
457  0.973303438
458  0.973303438
459  0.973303438
460  0.973303438
461  0.949276689
462  0.949276689
463  0.949276689
464  0.949276689
465  0.949276689
466  0.949276689
467  0.949276689
468  0.949276689
469  0.949276689
470  0.949276689
471  0.949276689
472  0.949276689
473  0.949276689
474  0.949276689
475  0.949276689
476  0.949276689
477  0.949276689
478  0.949276689
479  0.949276689
480  0.949276689
481  0.921817739
482  0.921817739
483  0.921817739
484  0.921817739
485  0.921817739
486  0.921817739
487  0.921817739
488  0.921817739
489  0.921817739
490  0.921817739
491  0.921817739
492  0.921817739
493  0.921817739
494  0.921817739
495  0.921817739
496  0.921817739
497  0.921817739
498  0.921817739
499  0.921817739
500  0.921817739
501  0.898935415
502  0.898935415
503  0.898935415
504  0.898935415
505  0.898935415
506  0.898935415
507  0.898935415
508  0.898935415
509  0.898935415
510  0.898935415
511  0.898935415
512  0.898935415
513  0.898935415
514  0.898935415
515  0.898935415
516  0.898935415
517  0.898935415
518  0.898935415
519  0.898935415
520  0.898935415
521  0.880629644
522  0.880629644
523  0.880629644
524  0.880629644
525  0.880629644
526  0.880629644
527  0.880629644
528  0.880629644
529  0.880629644
530  0.880629644
531  0.880629644
532  0.880629644
533  0.880629644
534  0.880629644
535  0.880629644
536  0.880629644
537  0.880629644
538  0.880629644
539  0.880629644
540  0.880629644
541  0.866900366
542  0.866900366
543  0.866900366
544  0.866900366
545  0.866900366
546  0.866900366
547  0.866900366
548  0.866900366
549  0.866900366
550  0.866900366
551  0.866900366
552  0.866900366
553  0.866900366
554  0.866900366
555  0.866900366
556  0.866900366
557  0.866900366
558  0.866900366
559  0.866900366
560  0.866900366
561  0.857747539
562  0.857747539
563  0.857747539
564  0.857747539
565  0.857747539
566  0.857747539
567  0.857747539
568  0.857747539
569  0.857747539
570  0.857747539
571  0.857747539
572  0.857747539
573  0.857747539
574  0.857747539
575  0.857747539
576  0.857747539
577  0.857747539
578  0.857747539
579  0.857747539
580  0.857747539
581  0.853171133
582  0.853171133
583  0.853171133
584  0.853171133
585  0.853171133
586  0.853171133
587  0.853171133
588  0.853171133
589  0.853171133
590  0.853171133
591  0.853171133
592  0.853171133
593  0.853171133
594  0.853171133
595  0.853171133
596  0.853171133
597  0.853171133
598  0.853171133
599  0.853171133
600  0.853171133
601  0.853171133
602  0.853171133
603  0.853171133
604  0.853171133
605  0.853171133
606  0.853171133
607  0.853171133
608  0.853171133
609  0.853171133
610  0.853171133
611  0.853171133
612  0.853171133
613  0.853171133
614  0.853171133
615  0.853171133
616  0.853171133
617  0.853171133
618  0.853171133
619  0.853171133
620  0.853171133
621  0.857747539
622  0.857747539
623  0.857747539
624  0.857747539
625  0.857747539
626  0.857747539
627  0.857747539
628  0.857747539
629  0.857747539
630  0.857747539
631  0.857747539
632  0.857747539
633  0.857747539
634  0.857747539
635  0.857747539
636  0.857747539
637  0.857747539
638  0.857747539
639  0.857747539
640  0.857747539
641  0.866900366
642  0.866900366
643  0.866900366
644  0.866900366
645  0.866900366
646  0.866900366
647  0.866900366
648  0.866900366
649  0.866900366
650  0.866900366
651  0.866900366
652  0.866900366
653  0.866900366
654  0.866900366
655  0.866900366
656  0.866900366
657  0.866900366
658  0.866900366
659  0.866900366
660  0.866900366
661  0.880629644
662  0.880629644
663  0.880629644
664  0.880629644
665  0.880629644
666  0.880629644
667  0.880629644
668  0.880629644
669  0.880629644
670  0.880629644
671  0.880629644
672  0.880629644
673  0.880629644
674  0.880629644
675  0.880629644
676  0.880629644
677  0.880629644
678  0.880629644
679  0.880629644
680  0.880629644
681  0.898935415
682  0.898935415
683  0.898935415
684  0.898935415
685  0.898935415
686  0.898935415
687  0.898935415
688  0.898935415
689  0.898935415
690  0.898935415
691  0.898935415
692  0.898935415
693  0.898935415
694  0.898935415
695  0.898935415
696  0.898935415
697  0.898935415
698  0.898935415
699  0.898935415
700  0.898935415
701  0.921817739
702  0.921817739
703  0.921817739
704  0.921817739
705  0.921817739
706  0.921817739
707  0.921817739
708  0.921817739
709  0.921817739
710  0.921817739
711  0.921817739
712  0.921817739
713  0.921817739
714  0.921817739
715  0.921817739
716  0.921817739
717  0.921817739
718  0.921817739
719  0.921817739
720  0.921817739
721  0.949276689
722  0.949276689
723  0.949276689
724  0.949276689
725  0.949276689
726  0.949276689
727  0.949276689
728  0.949276689
729  0.949276689
730  0.949276689
731  0.949276689
732  0.949276689
733  0.949276689
734  0.949276689
735  0.949276689
736  0.949276689
737  0.949276689
738  0.949276689
739  0.949276689
740  0.949276689
741  0.973303438
742  0.973303438
743  0.973303438
744  0.973303438
745  0.973303438
746  0.973303438
747  0.973303438
748  0.973303438
749  0.973303438
750  0.973303438
751  0.973303438
752  0.973303438
753  0.973303438
754  0.973303438
755  0.973303438
756  0.973303438
757  0.973303438
758  0.973303438
759  0.973303438
760  0.973303438
761  0.990846875
762  0.990846875
763  0.990846875
764  0.990846875
765  0.990846875
766  0.990846875
767  0.990846875
768  0.990846875
769  0.990846875
770  0.990846875
771  0.990846875
772  0.990846875
773  0.990846875
774  0.990846875
775  0.990846875
776  0.990846875
777  0.990846875
778  0.990846875
779  0.990846875
780  0.990846875
781  1.000000000
782  1.000000000
783  1.000000000
784  1.000000000
785  1.000000000
786  1.000000000
787  1.000000000
788  1.000000000
789  1.000000000
790  1.000000000
791  1.000000000
792  1.000000000
793  1.000000000
794  1.000000000
795  1.000000000
796  1.000000000
797  1.000000000
798  1.000000000
799  1.000000000
800  1.000000000
801  1.000000000
802  1.000000000
803  1.000000000
804  1.000000000
805  1.000000000
806  1.000000000
807  1.000000000
808  1.000000000
809  1.000000000
810  1.000000000
811  1.000000000
812  1.000000000
813  1.000000000
814  1.000000000
815  1.000000000
816  1.000000000
817  1.000000000
818  1.000000000
819  1.000000000
820  1.000000000
821  0.990846875
822  0.990846875
823  0.990846875
824  0.990846875
825  0.990846875
826  0.990846875
827  0.990846875
828  0.990846875
829  0.990846875
830  0.990846875
831  0.990846875
832  0.990846875
833  0.990846875
834  0.990846875
835  0.990846875
836  0.990846875
837  0.990846875
838  0.990846875
839  0.990846875
840  0.990846875
841  0.973303438
842  0.973303438
843  0.973303438
844  0.973303438
845  0.973303438
846  0.973303438
847  0.973303438
848  0.973303438
849  0.973303438
850  0.973303438
851  0.973303438
852  0.973303438
853  0.973303438
854  0.973303438
855  0.973303438
856  0.973303438
857  0.973303438
858  0.973303438
859  0.973303438
860  0.973303438
861  0.949276689
862  0.949276689
863  0.949276689
864  0.949276689
865  0.949276689
866  0.949276689
867  0.949276689
868  0.949276689
869  0.949276689
870  0.949276689
871  0.949276689
872  0.949276689
873  0.949276689
874  0.949276689
875  0.949276689
876  0.949276689
877  0.949276689
878  0.949276689
879  0.949276689
880  0.949276689
881  0.921817739
882  0.921817739
883  0.921817739
884  0.921817739
885  0.921817739
886  0.921817739
887  0.921817739
888  0.921817739
889  0.921817739
890  0.921817739
891  0.921817739
892  0.921817739
893  0.921817739
894  0.921817739
895  0.921817739
896  0.921817739
897  0.921817739
898  0.921817739
899  0.921817739
900  0.921817739
901  0.898935415
902  0.898935415
903  0.898935415
904  0.898935415
905  0.898935415
906  0.898935415
907  0.898935415
908  0.898935415
909  0.898935415
910  0.898935415
911  0.898935415
912  0.898935415
913  0.898935415
914  0.898935415
915  0.898935415
916  0.898935415
917  0.898935415
918  0.898935415
919  0.898935415
920  0.898935415
921  0.880629644
922  0.880629644
923  0.880629644
924  0.880629644
925  0.880629644
926  0.880629644
927  0.880629644
928  0.880629644
929  0.880629644
930  0.880629644
931  0.880629644
932  0.880629644
933  0.880629644
934  0.880629644
935  0.880629644
936  0.880629644
937  0.880629644
938  0.880629644
939  0.880629644
940  0.880629644
941  0.866900366
942  0.866900366
943  0.866900366
944  0.866900366
945  0.866900366
946  0.866900366
947  0.866900366
948  0.866900366
949  0.866900366
950  0.866900366
951  0.866900366
952  0.866900366
953  0.866900366
954  0.866900366
955  0.866900366
956  0.866900366
957  0.866900366
958  0.866900366
959  0.866900366
960  0.866900366
961  0.857747539
962  0.857747539
963  0.857747539
964  0.857747539
965  0.857747539
966  0.857747539
967  0.857747539
968  0.857747539
969  0.857747539
970  0.857747539
971  0.857747539
972  0.857747539
973  0.857747539
974  0.857747539
975  0.857747539
976  0.857747539
977  0.857747539
978  0.857747539
979  0.857747539
980  0.857747539
981  0.853171133
982  0.853171133
983  0.853171133
984  0.853171133
985  0.853171133
986  0.853171133
987  0.853171133
988  0.853171133
989  0.853171133
990  0.853171133
991  0.853171133
992  0.853171133
993  0.853171133
994  0.853171133
995  0.853171133
996  0.853171133
997  0.853171133
998  0.853171133
999  0.853171133
1000 0.853171133
1001 0.853171133
1002 0.853171133
1003 0.853171133
1004 0.853171133
1005 0.853171133
1006 0.853171133
1007 0.853171133
1008 0.853171133
1009 0.853171133
1010 0.853171133
1011 0.853171133
1012 0.853171133
1013 0.853171133
1014 0.853171133
1015 0.853171133
1016 0.853171133
1017 0.853171133
1018 0.853171133
1019 0.853171133
1020 0.853171133
1021 0.857747539
1022 0.857747539
1023 0.857747539
1024 0.857747539
1025 0.857747539
1026 0.857747539
1027 0.857747539
1028 0.857747539
1029 0.857747539
1030 0.857747539
1031 0.857747539
1032 0.857747539
1033 0.857747539
1034 0.857747539
1035 0.857747539
1036 0.857747539
1037 0.857747539
1038 0.857747539
1039 0.857747539
1040 0.857747539
1041 0.866900366
1042 0.866900366
1043 0.866900366
1044 0.866900366
1045 0.866900366
1046 0.866900366
1047 0.866900366
1048 0.866900366
1049 0.866900366
1050 0.866900366
1051 0.866900366
1052 0.866900366
1053 0.866900366
1054 0.866900366
1055 0.866900366
1056 0.866900366
1057 0.866900366
1058 0.866900366
1059 0.866900366
1060 0.866900366
1061 0.880629644
1062 0.880629644
1063 0.880629644
1064 0.880629644
1065 0.880629644
1066 0.880629644
1067 0.880629644
1068 0.880629644
1069 0.880629644
1070 0.880629644
1071 0.880629644
1072 0.880629644
1073 0.880629644
1074 0.880629644
1075 0.880629644
1076 0.880629644
1077 0.880629644
1078 0.880629644
1079 0.880629644
1080 0.880629644
1081 0.898935415
1082 0.898935415
1083 0.898935415
1084 0.898935415
1085 0.898935415
1086 0.898935415
1087 0.898935415
1088 0.898935415
1089 0.898935415
1090 0.898935415
1091 0.898935415
1092 0.898935415
1093 0.898935415
1094 0.898935415
1095 0.898935415
1096 0.898935415
1097 0.898935415
1098 0.898935415
1099 0.898935415
1100 0.898935415
1101 0.921817739
1102 0.921817739
1103 0.921817739
1104 0.921817739
1105 0.921817739
1106 0.921817739
1107 0.921817739
1108 0.921817739
1109 0.921817739
1110 0.921817739
1111 0.921817739
1112 0.921817739
1113 0.921817739
1114 0.921817739
1115 0.921817739
1116 0.921817739
1117 0.921817739
1118 0.921817739
1119 0.921817739
1120 0.921817739
1121 0.949276689
1122 0.949276689
1123 0.949276689
1124 0.949276689
1125 0.949276689
1126 0.949276689
1127 0.949276689
1128 0.949276689
1129 0.949276689
1130 0.949276689
1131 0.949276689
1132 0.949276689
1133 0.949276689
1134 0.949276689
1135 0.949276689
1136 0.949276689
1137 0.949276689
1138 0.949276689
1139 0.949276689
1140 0.949276689
1141 0.973303438
1142 0.973303438
1143 0.973303438
1144 0.973303438
1145 0.973303438
1146 0.973303438
1147 0.973303438
1148 0.973303438
1149 0.973303438
1150 0.973303438
1151 0.973303438
1152 0.973303438
1153 0.973303438
1154 0.973303438
1155 0.973303438
1156 0.973303438
1157 0.973303438
1158 0.973303438
1159 0.973303438
1160 0.973303438
1161 0.990846875
1162 0.990846875
1163 0.990846875
1164 0.990846875
1165 0.990846875
1166 0.990846875
1167 0.990846875
1168 0.990846875
1169 0.990846875
1170 0.990846875
1171 0.990846875
1172 0.990846875
1173 0.990846875
1174 0.990846875
1175 0.990846875
1176 0.990846875
1177 0.990846875
1178 0.990846875
1179 0.990846875
1180 0.990846875
1181 1.000000000
1182 1.000000000
1183 1.000000000
1184 1.000000000
1185 1.000000000
1186 1.000000000
1187 1.000000000
1188 1.000000000
1189 1.000000000
1190 1.000000000
1191 1.000000000
1192 1.000000000
1193 1.000000000
1194 1.000000000
1195 1.000000000
1196 1.000000000
1197 1.000000000
1198 1.000000000
1199 1.000000000
1200 1.000000000

%NODE.SOLVER.ORDER
1200
 1200  1192  1186  1177  1171  1108  1078  1045  1015   928 
  874   817   763   652   574   493   415   280   178    73 
 1193  1178  1165  1159  1150  1105  1075  1042  1012   925 
  871   814   760   649   571   490   412   277   175    70 
 1187  1166  1156  1144  1138  1102  1072  1039  1009   922 
  868   811   757   646   568   487   409   274   172    67 
 1179  1160  1145  1135  1129  1099  1069  1036  1006   919 
  865   808   754   643   565   484   406   271   169    64 
 1172  1151  1139  1130  1126  1096  1066  1033  1003   916 
  862   805   751   640   562   481   403   268   166    61 
 1123  1120  1117  1114  1111  1048   997   991   982   913 
  859   802   748   637   559   478   400   265   163    58 
 1093  1090  1087  1084  1081  1000   988   976   970   910 
  856   799   745   634   556   475   397   262   160    55 
 1063  1060  1057  1054  1051   994   979   967   961   907 
  853   796   742   631   553   472   394   259   157    52 
 1030  1027  1024  1021  1018   985   973   964   958   904 
  850   793   739   628   550   469   391   256   154    49 
  955   952   949   946   943   940   937   934   931   820 
  733   727   718   625   547   466   388   253   151    46 
  901   898   895   892   889   886   883   880   877   736 
  724   712   706   622   544   463   385   250   148    43 
  847   844   841   838   835   832   829   826   823   730 
  715   703   697   619   541   460   382   247   145    40 
  790   787   784   781   778   775   772   769   766   721 
  709   700   694   616   538   457   379   244   142    37 
  691   688   685   682   679   676   673   670   667   664 
  661   658   655   496   373   367   358   241   139    34 
  613   610   607   604   601   598   595   592   589   586 
  583   580   577   376   364   352   346   238   136    31 
  535   532   529   526   523   520   517   514   511   508 
  505   502   499   370   355   343   337   235   133    28 
  454   451   448   445   442   439   436   433   430   427 
  424   421   418   361   349   340   334   232   130    25 
  331   328   325   322   319   316   313   310   307   304 
  301   298   295   292   289   286   283    76    19    13 
  229   226   223   220   217   214   211   208   205   202 
  199   196   193   190   187   184   181    22    10     4 
  127   124   121   118   115   112   109   106   103   100 
   97    94    91    88    85    82    79    16     7     1 
 1198  1194  1188  1180  1173  1109  1079  1046  1016   929 
  875   818   764   653   575   494   416   281   179    74 
 1195  1181  1167  1161  1152  1106  1076  1043  1013   926 
  872   815   761   650   572   491   413   278   176    71 
 1189  1168  1157  1146  1140  1103  1073  1040  1010   923 
  869   812   758   647   569   488   410   275   173    68 
 1182  1162  1147  1136  1131  1100  1070  1037  1007   920 
  866   809   755   644   566   485   407   272   170    65 
 1174  1153  1141  1132  1127  1097  1067  1034  1004   917 
  863   806   752   641   563   482   404   269   167    62 
 1124  1121  1118  1115  1112  1049   998   992   983   914 
  860   803   749   638   560   479   401   266   164    59 
 1094  1091  1088  1085  1082  1001   989   977   971   911 
  857   800   746   635   557   476   398   263   161    56 
 1064  1061  1058  1055  1052   995   980   968   962   908 
  854   797   743   632   554   473   395   260   158    53 
 1031  1028  1025  1022  1019   986   974   965   959   905 
  851   794   740   629   551   470   392   257   155    50 
  956   953   950   947   944   941   938   935   932   821 
  734   728   719   626   548   467   389   254   152    47 
  902   899   896   893   890   887   884   881   878   737 
  725   713   707   623   545   464   386   251   149    44 
  848   845   842   839   836   833   830   827   824   731 
  716   704   698   620   542   461   383   248   146    41 
  791   788   785   782   779   776   773   770   767   722 
  710   701   695   617   539   458   380   245   143    38 
  692   689   686   683   680   677   674   671   668   665 
  662   659   656   497   374   368   359   242   140    35 
  614   611   608   605   602   599   596   593   590   587 
  584   581   578   377   365   353   347   239   137    32 
  536   533   530   527   524   521   518   515   512   509 
  506   503   500   371   356   344   338   236   134    29 
  455   452   449   446   443   440   437   434   431   428 
  425   422   419   362   350   341   335   233   131    26 
  332   329   326   323   320   317   314   311   308   305 
  302   299   296   293   290   287   284    77    20    14 
  230   227   224   221   218   215   212   209   206   203 
  200   197   194   191   188   185   182    23    11     5 
  128   125   122   119   116   113   110   107   104   101 
   98    95    92    89    86    83    80    17     8     2 
 1199  1196  1190  1183  1175  1110  1080  1047  1017   930 
  876   819   765   654   576   495   417   282   180    75 
 1197  1184  1169  1163  1154  1107  1077  1044  1014   927 
  873   816   762   651   573   492   414   279   177    72 
 1191  1170  1158  1148  1142  1104  1074  1041  1011   924 
  870   813   759   648   570   489   411   276   174    69 
 1185  1164  1149  1137  1133  1101  1071  1038  1008   921 
  867   810   756   645   567   486   408   273   171    66 
 1176  1155  1143  1134  1128  1098  1068  1035  1005   918 
  864   807   753   642   564   483   405   270   168    63 
 1125  1122  1119  1116  1113  1050   999   993   984   915 
  861   804   750   639   561   480   402   267   165    60 
 1095  1092  1089  1086  1083  1002   990   978   972   912 
  858   801   747   636   558   477   399   264   162    57 
 1065  1062  1059  1056  1053   996   981   969   963   909 
  855   798   744   633   555   474   396   261   159    54 
 1032  1029  1026  1023  1020   987   975   966   960   906 
  852   795   741   630   552   471   393   258   156    51 
  957   954   951   948   945   942   939   936   933   822 
  735   729   720   627   549   468   390   255   153    48 
  903   900   897   894   891   888   885   882   879   738 
  726   714   708   624   546   465   387   252   150    45 
  849   846   843   840   837   834   831   828   825   732 
  717   705   699   621   543   462   384   249   147    42 
  792   789   786   783   780   777   774   771   768   723 
  711   702   696   618   540   459   381   246   144    39 
  693   690   687   684   681   678   675   672   669   666 
  663   660   657   498   375   369   360   243   141    36 
  615   612   609   606   603   600   597   594   591   588 
  585   582   579   378   366   354   348   240   138    33 
  537   534   531   528   525   522   519   516   513   510 
  507   504   501   372   357   345   339   237   135    30 
  456   453   450   447   444   441   438   435   432   429 
  426   423   420   363   351   342   336   234   132    27 
  333   330   327   324   321   318   315   312   309   306 
  303   300   297   294   291   288   285    78    21    15 
  231   228   225   222   219   216   213   210   207   204 
  201   198   195   192   189   186   183    24    12     6 
  129   126   123   120   117   114   111   108   105   102 
   99    96    93    90    87    84    81    18     9     3 



%PATCH
1
1 'bspsol' 1
4 'General' 17 0.000000000 1.000000000 2.000000000 3.000000000 4.000000000 5.000000000 6.000000000 7.000000000 8.000000000 9.000000000 10.000000000 11.000000000 12.000000000 13.000000000 14.000000000 15.000000000 16.000000000 5 1 1 1 1 1 1 1 1 1 1 1 1 1 1 1 5 
4 'General' 17 0.000000000 1.000000000 2.000000000 3.000000000 4.000000000 5.000000000 6.000000000 7.000000000 8.000000000 9.000000000 10.000000000 11.000000000 12.000000000 13.000000000 14.000000000 15.000000000 16.000000000 5 1 1 1 1 1 1 1 1 1 1 1 1 1 1 1 5 
2 'General' 2 0.000000000 1.000000000 3 3 
1 2 3 4 5 6 7 8 9 10 11 12 13 14 15 16 17 18 19 20 21 22 23 24 25 26 27 28 29 30 31 32 33 34 35 36 37 38 39 40 41 42 43 44 45 46 47 48 49 50 51 52 53 54 55 56 57 58 59 60 61 62 63 64 65 66 67 68 69 70 71 72 73 74 75 76 77 78 79 80 81 82 83 84 85 86 87 88 89 90 91 92 93 94 95 96 97 98 99 100 101 102 103 104 105 106 107 108 109 110 111 112 113 114 115 116 117 118 119 120 121 122 123 124 125 126 127 128 129 130 131 132 133 134 135 136 137 138 139 140 141 142 143 144 145 146 147 148 149 150 151 152 153 154 155 156 157 158 159 160 161 162 163 164 165 166 167 168 169 170 171 172 173 174 175 176 177 178 179 180 181 182 183 184 185 186 187 188 189 190 191 192 193 194 195 196 197 198 199 200 201 202 203 204 205 206 207 208 209 210 211 212 213 214 215 216 217 218 219 220 221 222 223 224 225 226 227 228 229 230 231 232 233 234 235 236 237 238 239 240 241 242 243 244 245 246 247 248 249 250 251 252 253 254 255 256 257 258 259 260 261 262 263 264 265 266 267 268 269 270 271 272 273 274 275 276 277 278 279 280 281 282 283 284 285 286 287 288 289 290 291 292 293 294 295 296 297 298 299 300 301 302 303 304 305 306 307 308 309 310 311 312 313 314 315 316 317 318 319 320 321 322 323 324 325 326 327 328 329 330 331 332 333 334 335 336 337 338 339 340 341 342 343 344 345 346 347 348 349 350 351 352 353 354 355 356 357 358 359 360 361 362 363 364 365 366 367 368 369 370 371 372 373 374 375 376 377 378 379 380 381 382 383 384 385 386 387 388 389 390 391 392 393 394 395 396 397 398 399 400 401 402 403 404 405 406 407 408 409 410 411 412 413 414 415 416 417 418 419 420 421 422 423 424 425 426 427 428 429 430 431 432 433 434 435 436 437 438 439 440 441 442 443 444 445 446 447 448 449 450 451 452 453 454 455 456 457 458 459 460 461 462 463 464 465 466 467 468 469 470 471 472 473 474 475 476 477 478 479 480 481 482 483 484 485 486 487 488 489 490 491 492 493 494 495 496 497 498 499 500 501 502 503 504 505 506 507 508 509 510 511 512 513 514 515 516 517 518 519 520 521 522 523 524 525 526 527 528 529 530 531 532 533 534 535 536 537 538 539 540 541 542 543 544 545 546 547 548 549 550 551 552 553 554 555 556 557 558 559 560 561 562 563 564 565 566 567 568 569 570 571 572 573 574 575 576 577 578 579 580 581 582 583 584 585 586 587 588 589 590 591 592 593 594 595 596 597 598 599 600 601 602 603 604 605 606 607 608 609 610 611 612 613 614 615 616 617 618 619 620 621 622 623 624 625 626 627 628 629 630 631 632 633 634 635 636 637 638 639 640 641 642 643 644 645 646 647 648 649 650 651 652 653 654 655 656 657 658 659 660 661 662 663 664 665 666 667 668 669 670 671 672 673 674 675 676 677 678 679 680 681 682 683 684 685 686 687 688 689 690 691 692 693 694 695 696 697 698 699 700 701 702 703 704 705 706 707 708 709 710 711 712 713 714 715 716 717 718 719 720 721 722 723 724 725 726 727 728 729 730 731 732 733 734 735 736 737 738 739 740 741 742 743 744 745 746 747 748 749 750 751 752 753 754 755 756 757 758 759 760 761 762 763 764 765 766 767 768 769 770 771 772 773 774 775 776 777 778 779 780 781 782 783 784 785 786 787 788 789 790 791 792 793 794 795 796 797 798 799 800 801 802 803 804 805 806 807 808 809 810 811 812 813 814 815 816 817 818 819 820 821 822 823 824 825 826 827 828 829 830 831 832 833 834 835 836 837 838 839 840 841 842 843 844 845 846 847 848 849 850 851 852 853 854 855 856 857 858 859 860 861 862 863 864 865 866 867 868 869 870 871 872 873 874 875 876 877 878 879 880 881 882 883 884 885 886 887 888 889 890 891 892 893 894 895 896 897 898 899 900 901 902 903 904 905 906 907 908 909 910 911 912 913 914 915 916 917 918 919 920 921 922 923 924 925 926 927 928 929 930 931 932 933 934 935 936 937 938 939 940 941 942 943 944 945 946 947 948 949 950 951 952 953 954 955 956 957 958 959 960 961 962 963 964 965 966 967 968 969 970 971 972 973 974 975 976 977 978 979 980 981 982 983 984 985 986 987 988 989 990 991 992 993 994 995 996 997 998 999 1000 1001 1002 1003 1004 1005 1006 1007 1008 1009 1010 1011 1012 1013 1014 1015 1016 1017 1018 1019 1020 1021 1022 1023 1024 1025 1026 1027 1028 1029 1030 1031 1032 1033 1034 1035 1036 1037 1038 1039 1040 1041 1042 1043 1044 1045 1046 1047 1048 1049 1050 1051 1052 1053 1054 1055 1056 1057 1058 1059 1060 1061 1062 1063 1064 1065 1066 1067 1068 1069 1070 1071 1072 1073 1074 1075 1076 1077 1078 1079 1080 1081 1082 1083 1084 1085 1086 1087 1088 1089 1090 1091 1092 1093 1094 1095 1096 1097 1098 1099 1100 1101 1102 1103 1104 1105 1106 1107 1108 1109 1110 1111 1112 1113 1114 1115 1116 1117 1118 1119 1120 1121 1122 1123 1124 1125 1126 1127 1128 1129 1130 1131 1132 1133 1134 1135 1136 1137 1138 1139 1140 1141 1142 1143 1144 1145 1146 1147 1148 1149 1150 1151 1152 1153 1154 1155 1156 1157 1158 1159 1160 1161 1162 1163 1164 1165 1166 1167 1168 1169 1170 1171 1172 1173 1174 1175 1176 1177 1178 1179 1180 1181 1182 1183 1184 1185 1186 1187 1188 1189 1190 1191 1192 1193 1194 1195 1196 1197 1198 1199 1200 

%PATCH.OUTPUT.POINT
1
1 16.0 16.0 0.5  

%NODE.SUPPORT
174
1 1 1 1 0 0 0
2 0 1 0 0 0 0
3 0 1 0 0 0 0
4 0 1 0 0 0 0
5 0 1 0 0 0 0
6 0 1 0 0 0 0
7 0 1 0 0 0 0
8 0 1 0 0 0 0
9 0 1 0 0 0 0
10 0 1 0 0 0 0
11 0 1 0 0 0 0
12 0 1 0 0 0 0
13 0 1 0 0 0 0
14 0 1 0 0 0 0
15 0 1 0 0 0 0
16 0 1 0 0 0 0
17 0 1 0 0 0 0
18 0 1 0 0 0 0
19 0 1 0 0 0 0
20 0 1 0 0 0 0
21 1 1 1 0 0 0
41 1 1 1 0 0 0
61 1 1 1 0 0 0
81 1 1 1 0 0 0
101 1 1 1 0 0 0
121 1 1 1 0 0 0
141 1 1 1 0 0 0
161 1 1 1 0 0 0
181 1 1 1 0 0 0
201 1 1 1 0 0 0
221 1 1 1 0 0 0
241 1 1 1 0 0 0
261 1 1 1 0 0 0
281 1 1 1 0 0 0
301 1 1 1 0 0 0
321 1 1 1 0 0 0
341 1 1 1 0 0 0
361 1 1 1 0 0 0
381 1 1 1 0 0 0
382 0 0 1 0 0 0
383 0 0 1 0 0 0
384 0 0 1 0 0 0
385 0 0 1 0 0 0
386 0 0 1 0 0 0
387 0 0 1 0 0 0
388 0 0 1 0 0 0
389 0 0 1 0 0 0
390 0 0 1 0 0 0
391 0 0 1 0 0 0
392 0 0 1 0 0 0
393 0 0 1 0 0 0
394 0 0 1 0 0 0
395 0 0 1 0 0 0
396 0 0 1 0 0 0
397 0 0 1 0 0 0
398 0 0 1 0 0 0
399 0 0 1 0 0 0
400 0 0 1 0 0 0
401 1 1 1 0 0 0
402 0 1 0 0 0 0
403 0 1 0 0 0 0
404 0 1 0 0 0 0
405 0 1 0 0 0 0
406 0 1 0 0 0 0
407 0 1 0 0 0 0
408 0 1 0 0 0 0
409 0 1 0 0 0 0
410 0 1 0 0 0 0
411 0 1 0 0 0 0
412 0 1 0 0 0 0
413 0 1 0 0 0 0
414 0 1 0 0 0 0
415 0 1 0 0 0 0
416 0 1 0 0 0 0
417 0 1 0 0 0 0
418 0 1 0 0 0 0
419 0 1 0 0 0 0
420 0 1 0 0 0 0
421 1 1 1 0 0 0
441 1 1 1 0 0 0
461 1 1 1 0 0 0
481 1 1 1 0 0 0
501 1 1 1 0 0 0
521 1 1 1 0 0 0
541 1 1 1 0 0 0
561 1 1 1 0 0 0
581 1 1 1 0 0 0
601 1 1 1 0 0 0
621 1 1 1 0 0 0
641 1 1 1 0 0 0
661 1 1 1 0 0 0
681 1 1 1 0 0 0
701 1 1 1 0 0 0
721 1 1 1 0 0 0
741 1 1 1 0 0 0
761 1 1 1 0 0 0
781 1 1 1 0 0 0
782 0 0 1 0 0 0
783 0 0 1 0 0 0
784 0 0 1 0 0 0
785 0 0 1 0 0 0
786 0 0 1 0 0 0
787 0 0 1 0 0 0
788 0 0 1 0 0 0
789 0 0 1 0 0 0
790 0 0 1 0 0 0
791 0 0 1 0 0 0
792 0 0 1 0 0 0
793 0 0 1 0 0 0
794 0 0 1 0 0 0
795 0 0 1 0 0 0
796 0 0 1 0 0 0
797 0 0 1 0 0 0
798 0 0 1 0 0 0
799 0 0 1 0 0 0
800 0 0 1 0 0 0
801 1 1 1 0 0 0
802 0 1 0 0 0 0
803 0 1 0 0 0 0
804 0 1 0 0 0 0
805 0 1 0 0 0 0
806 0 1 0 0 0 0
807 0 1 0 0 0 0
808 0 1 0 0 0 0
809 0 1 0 0 0 0
810 0 1 0 0 0 0
811 0 1 0 0 0 0
812 0 1 0 0 0 0
813 0 1 0 0 0 0
814 0 1 0 0 0 0
815 0 1 0 0 0 0
816 0 1 0 0 0 0
817 0 1 0 0 0 0
818 0 1 0 0 0 0
819 0 1 0 0 0 0
820 0 1 0 0 0 0
821 1 1 1 0 0 0
841 1 1 1 0 0 0
861 1 1 1 0 0 0
881 1 1 1 0 0 0
901 1 1 1 0 0 0
921 1 1 1 0 0 0
941 1 1 1 0 0 0
961 1 1 1 0 0 0
981 1 1 1 0 0 0
1001 1 1 1 0 0 0
1021 1 1 1 0 0 0
1041 1 1 1 0 0 0
1061 1 1 1 0 0 0
1081 1 1 1 0 0 0
1101 1 1 1 0 0 0
1121 1 1 1 0 0 0
1141 1 1 1 0 0 0
1161 1 1 1 0 0 0
1181 1 1 1 0 0 0
1182 0 0 1 0 0 0
1183 0 0 1 0 0 0
1184 0 0 1 0 0 0
1185 0 0 1 0 0 0
1186 0 0 1 0 0 0
1187 0 0 1 0 0 0
1188 0 0 1 0 0 0
1189 0 0 1 0 0 0
1190 0 0 1 0 0 0
1191 0 0 1 0 0 0
1192 0 0 1 0 0 0
1193 0 0 1 0 0 0
1194 0 0 1 0 0 0
1195 0 0 1 0 0 0
1196 0 0 1 0 0 0
1197 0 0 1 0 0 0
1198 0 0 1 0 0 0
1199 0 0 1 0 0 0
1200 0 0 1 0 0 0

%MATERIAL
1

%MATERIAL.LABEL
1
1       'm1'

%MATERIAL.ORTHOTROPIC
1
1   2068.5  517.125 517.125  0.3  0.3  0.3  795.6    198.8942307692308 198.8942307692308

%SECTION
1

SECTION.LAMINATED.SOLID
1  
1    1.0    0.0    0.0     3
1    1.0    0.0
1    1.0   90.0
1    1.0    0.0

%SECTION.LAMINATED.SOLID
1  
1    1.0    0.0    0.0     3
1    1.0   90.0
1    1.0    0.0
1    1.0   90.0

%INTEGRATION.ORDER
1
1	5	5	5	5	5	5

%ELEMENT
256

%ELEMENT.BSPLINE.SOLIDTL
256
1 1 1 1 1 1 1
2 1 1 1 2 1 1
3 1 1 1 3 1 1
4 1 1 1 4 1 1
5 1 1 1 5 1 1
6 1 1 1 6 1 1
7 1 1 1 7 1 1
8 1 1 1 8 1 1
9 1 1 1 9 1 1
10 1 1 1 10 1 1
11 1 1 1 11 1 1
12 1 1 1 12 1 1
13 1 1 1 13 1 1
14 1 1 1 14 1 1
15 1 1 1 15 1 1
16 1 1 1 16 1 1
17 1 1 1 1 2 1
18 1 1 1 2 2 1
19 1 1 1 3 2 1
20 1 1 1 4 2 1
21 1 1 1 5 2 1
22 1 1 1 6 2 1
23 1 1 1 7 2 1
24 1 1 1 8 2 1
25 1 1 1 9 2 1
26 1 1 1 10 2 1
27 1 1 1 11 2 1
28 1 1 1 12 2 1
29 1 1 1 13 2 1
30 1 1 1 14 2 1
31 1 1 1 15 2 1
32 1 1 1 16 2 1
33 1 1 1 1 3 1
34 1 1 1 2 3 1
35 1 1 1 3 3 1
36 1 1 1 4 3 1
37 1 1 1 5 3 1
38 1 1 1 6 3 1
39 1 1 1 7 3 1
40 1 1 1 8 3 1
41 1 1 1 9 3 1
42 1 1 1 10 3 1
43 1 1 1 11 3 1
44 1 1 1 12 3 1
45 1 1 1 13 3 1
46 1 1 1 14 3 1
47 1 1 1 15 3 1
48 1 1 1 16 3 1
49 1 1 1 1 4 1
50 1 1 1 2 4 1
51 1 1 1 3 4 1
52 1 1 1 4 4 1
53 1 1 1 5 4 1
54 1 1 1 6 4 1
55 1 1 1 7 4 1
56 1 1 1 8 4 1
57 1 1 1 9 4 1
58 1 1 1 10 4 1
59 1 1 1 11 4 1
60 1 1 1 12 4 1
61 1 1 1 13 4 1
62 1 1 1 14 4 1
63 1 1 1 15 4 1
64 1 1 1 16 4 1
65 1 1 1 1 5 1
66 1 1 1 2 5 1
67 1 1 1 3 5 1
68 1 1 1 4 5 1
69 1 1 1 5 5 1
70 1 1 1 6 5 1
71 1 1 1 7 5 1
72 1 1 1 8 5 1
73 1 1 1 9 5 1
74 1 1 1 10 5 1
75 1 1 1 11 5 1
76 1 1 1 12 5 1
77 1 1 1 13 5 1
78 1 1 1 14 5 1
79 1 1 1 15 5 1
80 1 1 1 16 5 1
81 1 1 1 1 6 1
82 1 1 1 2 6 1
83 1 1 1 3 6 1
84 1 1 1 4 6 1
85 1 1 1 5 6 1
86 1 1 1 6 6 1
87 1 1 1 7 6 1
88 1 1 1 8 6 1
89 1 1 1 9 6 1
90 1 1 1 10 6 1
91 1 1 1 11 6 1
92 1 1 1 12 6 1
93 1 1 1 13 6 1
94 1 1 1 14 6 1
95 1 1 1 15 6 1
96 1 1 1 16 6 1
97 1 1 1 1 7 1
98 1 1 1 2 7 1
99 1 1 1 3 7 1
100 1 1 1 4 7 1
101 1 1 1 5 7 1
102 1 1 1 6 7 1
103 1 1 1 7 7 1
104 1 1 1 8 7 1
105 1 1 1 9 7 1
106 1 1 1 10 7 1
107 1 1 1 11 7 1
108 1 1 1 12 7 1
109 1 1 1 13 7 1
110 1 1 1 14 7 1
111 1 1 1 15 7 1
112 1 1 1 16 7 1
113 1 1 1 1 8 1
114 1 1 1 2 8 1
115 1 1 1 3 8 1
116 1 1 1 4 8 1
117 1 1 1 5 8 1
118 1 1 1 6 8 1
119 1 1 1 7 8 1
120 1 1 1 8 8 1
121 1 1 1 9 8 1
122 1 1 1 10 8 1
123 1 1 1 11 8 1
124 1 1 1 12 8 1
125 1 1 1 13 8 1
126 1 1 1 14 8 1
127 1 1 1 15 8 1
128 1 1 1 16 8 1
129 1 1 1 1 9 1
130 1 1 1 2 9 1
131 1 1 1 3 9 1
132 1 1 1 4 9 1
133 1 1 1 5 9 1
134 1 1 1 6 9 1
135 1 1 1 7 9 1
136 1 1 1 8 9 1
137 1 1 1 9 9 1
138 1 1 1 10 9 1
139 1 1 1 11 9 1
140 1 1 1 12 9 1
141 1 1 1 13 9 1
142 1 1 1 14 9 1
143 1 1 1 15 9 1
144 1 1 1 16 9 1
145 1 1 1 1 10 1
146 1 1 1 2 10 1
147 1 1 1 3 10 1
148 1 1 1 4 10 1
149 1 1 1 5 10 1
150 1 1 1 6 10 1
151 1 1 1 7 10 1
152 1 1 1 8 10 1
153 1 1 1 9 10 1
154 1 1 1 10 10 1
155 1 1 1 11 10 1
156 1 1 1 12 10 1
157 1 1 1 13 10 1
158 1 1 1 14 10 1
159 1 1 1 15 10 1
160 1 1 1 16 10 1
161 1 1 1 1 11 1
162 1 1 1 2 11 1
163 1 1 1 3 11 1
164 1 1 1 4 11 1
165 1 1 1 5 11 1
166 1 1 1 6 11 1
167 1 1 1 7 11 1
168 1 1 1 8 11 1
169 1 1 1 9 11 1
170 1 1 1 10 11 1
171 1 1 1 11 11 1
172 1 1 1 12 11 1
173 1 1 1 13 11 1
174 1 1 1 14 11 1
175 1 1 1 15 11 1
176 1 1 1 16 11 1
177 1 1 1 1 12 1
178 1 1 1 2 12 1
179 1 1 1 3 12 1
180 1 1 1 4 12 1
181 1 1 1 5 12 1
182 1 1 1 6 12 1
183 1 1 1 7 12 1
184 1 1 1 8 12 1
185 1 1 1 9 12 1
186 1 1 1 10 12 1
187 1 1 1 11 12 1
188 1 1 1 12 12 1
189 1 1 1 13 12 1
190 1 1 1 14 12 1
191 1 1 1 15 12 1
192 1 1 1 16 12 1
193 1 1 1 1 13 1
194 1 1 1 2 13 1
195 1 1 1 3 13 1
196 1 1 1 4 13 1
197 1 1 1 5 13 1
198 1 1 1 6 13 1
199 1 1 1 7 13 1
200 1 1 1 8 13 1
201 1 1 1 9 13 1
202 1 1 1 10 13 1
203 1 1 1 11 13 1
204 1 1 1 12 13 1
205 1 1 1 13 13 1
206 1 1 1 14 13 1
207 1 1 1 15 13 1
208 1 1 1 16 13 1
209 1 1 1 1 14 1
210 1 1 1 2 14 1
211 1 1 1 3 14 1
212 1 1 1 4 14 1
213 1 1 1 5 14 1
214 1 1 1 6 14 1
215 1 1 1 7 14 1
216 1 1 1 8 14 1
217 1 1 1 9 14 1
218 1 1 1 10 14 1
219 1 1 1 11 14 1
220 1 1 1 12 14 1
221 1 1 1 13 14 1
222 1 1 1 14 14 1
223 1 1 1 15 14 1
224 1 1 1 16 14 1
225 1 1 1 1 15 1
226 1 1 1 2 15 1
227 1 1 1 3 15 1
228 1 1 1 4 15 1
229 1 1 1 5 15 1
230 1 1 1 6 15 1
231 1 1 1 7 15 1
232 1 1 1 8 15 1
233 1 1 1 9 15 1
234 1 1 1 10 15 1
235 1 1 1 11 15 1
236 1 1 1 12 15 1
237 1 1 1 13 15 1
238 1 1 1 14 15 1
239 1 1 1 15 15 1
240 1 1 1 16 15 1
241 1 1 1 1 16 1
242 1 1 1 2 16 1
243 1 1 1 3 16 1
244 1 1 1 4 16 1
245 1 1 1 5 16 1
246 1 1 1 6 16 1
247 1 1 1 7 16 1
248 1 1 1 8 16 1
249 1 1 1 9 16 1
250 1 1 1 10 16 1
251 1 1 1 11 16 1
252 1 1 1 12 16 1
253 1 1 1 13 16 1
254 1 1 1 14 16 1
255 1 1 1 15 16 1
256 1 1 1 16 16 1


%LOAD.CASE.NODAL.FORCE
1
400 0.000000000 -1000.000000000 0.000000000 0.000000000 0.000000000 0.000000000


%END
