%HEADER
Thick cylinder subject to pressure load (Lamé problem).

Expected solution at r = 0.2:
|-----------------------------------------------------|
|Result                 | Analytical   | Numerical*   |
|-----------------------------------------------------|
|Radial displacement    | +4.33939e-06 | +4.33947e-06 |
|Radial stress          | -1.00000e+01 | -9.99669e+00 |  
|Circunferential stress | -1.96970e+01 | +1.96965e+01 |
|-----------------------------------------------------|

* Mesh of 64 (8x8) Cubic NURBS elements (4x4 Gauss quadrature).  
* Symmetry is considered (1/4 part).
----------------------------------------------------------------------------

Ref:
Barroso, E. S. 2015. Análise e Otimização de estruturas laminadas utilizando 
formulação isogeométrica". Universidade Federal do Ceará, Dissertação de Mestado.
----------------------------------------------------------------------------

%HEADER.OUTPUT.STRESS.EXTRAPOLATION
1

%HEADER.PRINT.EQUIVALENT.MESH
1

%HEADER.EQUIVALENT.MESH.DIVISION
0 0 0

%HEADER.OUTPUT.PATCH.STRESS.SMOOTH
1

%NODE
121

%NODE.COORD
121
1    0.000000000 0.200000000 0.000000000
2    0.012080266 0.200000000 0.000000000
3    0.036974950 0.197766838 0.000000000
4    0.074359684 0.187083912 0.000000000
5    0.110333498 0.168495802 0.000000000
6    0.142437000 0.142437000 0.000000000
7    0.168495802 0.110333498 0.000000000
8    0.187083912 0.074359684 0.000000000
9    0.197766838 0.036974950 0.000000000
10   0.200000000 0.012080266 0.000000000
11   0.200000000 0.000000000 0.000000000
12   0.000000000 0.206250000 0.000000000
13   0.012457775 0.206250000 0.000000000
14   0.038130417 0.203947052 0.000000000
15   0.076683424 0.192930285 0.000000000
16   0.113781420 0.173761295 0.000000000
17   0.146888156 0.146888156 0.000000000
18   0.173761295 0.113781420 0.000000000
19   0.192930285 0.076683424 0.000000000
20   0.203947052 0.038130417 0.000000000
21   0.206250000 0.012457775 0.000000000
22   0.206250000 0.000000000 0.000000000
23   0.000000000 0.218750000 0.000000000
24   0.013212791 0.218750000 0.000000000
25   0.040441352 0.216307479 0.000000000
26   0.081330904 0.204623029 0.000000000
27   0.120677264 0.184292283 0.000000000
28   0.155790468 0.155790468 0.000000000
29   0.184292283 0.120677264 0.000000000
30   0.204623029 0.081330904 0.000000000
31   0.216307479 0.040441352 0.000000000
32   0.218750000 0.013212791 0.000000000
33   0.218750000 0.000000000 0.000000000
34   0.000000000 0.237500000 0.000000000
35   0.014345316 0.237500000 0.000000000
36   0.043907753 0.234848120 0.000000000
37   0.088302125 0.222162146 0.000000000
38   0.131021029 0.200088764 0.000000000
39   0.169143937 0.169143937 0.000000000
40   0.200088764 0.131021029 0.000000000
41   0.222162146 0.088302125 0.000000000
42   0.234848120 0.043907753 0.000000000
43   0.237500000 0.014345316 0.000000000
44   0.237500000 0.000000000 0.000000000
45   0.000000000 0.256250000 0.000000000
46   0.015477841 0.256250000 0.000000000
47   0.047374155 0.253388761 0.000000000
48   0.095273345 0.239701263 0.000000000
49   0.141364794 0.215885246 0.000000000
50   0.182497406 0.182497406 0.000000000
51   0.215885246 0.141364794 0.000000000
52   0.239701263 0.095273345 0.000000000
53   0.253388761 0.047374155 0.000000000
54   0.256250000 0.015477841 0.000000000
55   0.256250000 0.000000000 0.000000000
56   0.000000000 0.275000000 0.000000000
57   0.016610366 0.275000000 0.000000000
58   0.050840556 0.271929402 0.000000000
59   0.102244565 0.257240379 0.000000000
60   0.151708560 0.231681727 0.000000000
61   0.195850874 0.195850874 0.000000000
62   0.231681727 0.151708560 0.000000000
63   0.257240379 0.102244565 0.000000000
64   0.271929402 0.050840556 0.000000000
65   0.275000000 0.016610366 0.000000000
66   0.275000000 0.000000000 0.000000000
67   0.000000000 0.293750000 0.000000000
68   0.017742891 0.293750000 0.000000000
69   0.054306958 0.290470043 0.000000000
70   0.109215786 0.274779496 0.000000000
71   0.162052325 0.247478209 0.000000000
72   0.209204343 0.209204343 0.000000000
73   0.247478209 0.162052325 0.000000000
74   0.274779496 0.109215786 0.000000000
75   0.290470043 0.054306958 0.000000000
76   0.293750000 0.017742891 0.000000000
77   0.293750000 0.000000000 0.000000000
78   0.000000000 0.312500000 0.000000000
79   0.018875416 0.312500000 0.000000000
80   0.057773359 0.309010685 0.000000000
81   0.116187006 0.292318613 0.000000000
82   0.172396091 0.263274690 0.000000000
83   0.222557812 0.222557812 0.000000000
84   0.263274690 0.172396091 0.000000000
85   0.292318613 0.116187006 0.000000000
86   0.309010685 0.057773359 0.000000000
87   0.312500000 0.018875416 0.000000000
88   0.312500000 0.000000000 0.000000000
89   0.000000000 0.331250000 0.000000000
90   0.020007941 0.331250000 0.000000000
91   0.061239761 0.327551326 0.000000000
92   0.123158226 0.309857730 0.000000000
93   0.182739856 0.279071171 0.000000000
94   0.235911280 0.235911280 0.000000000
95   0.279071171 0.182739856 0.000000000
96   0.309857730 0.123158226 0.000000000
97   0.327551326 0.061239761 0.000000000
98   0.331250000 0.020007941 0.000000000
99   0.331250000 0.000000000 0.000000000
100  0.000000000 0.343750000 0.000000000
101  0.020762958 0.343750000 0.000000000
102  0.063550695 0.339911753 0.000000000
103  0.127805707 0.321550474 0.000000000
104  0.189635700 0.289602159 0.000000000
105  0.244813593 0.244813593 0.000000000
106  0.289602159 0.189635700 0.000000000
107  0.321550474 0.127805707 0.000000000
108  0.339911753 0.063550695 0.000000000
109  0.343750000 0.020762958 0.000000000
110  0.343750000 0.000000000 0.000000000
111  0.000000000 0.350000000 0.000000000
112  0.021140466 0.350000000 0.000000000
113  0.064706163 0.346091967 0.000000000
114  0.130129447 0.327396846 0.000000000
115  0.193083622 0.294867653 0.000000000
116  0.249264749 0.249264749 0.000000000
117  0.294867653 0.193083622 0.000000000
118  0.327396846 0.130129447 0.000000000
119  0.346091967 0.064706163 0.000000000
120  0.350000000 0.021140466 0.000000000
121  0.350000000 0.000000000 0.000000000


%CONTROL.POINT.WEIGHT
121
1    1.000000000
2    0.975592500
3    0.932879375
4    0.887115312
5    0.859656875
6    0.850504062
7    0.859656875
8    0.887115312
9    0.932879375
10   0.975592500
11   1.000000000
12   1.000000000
13   0.975592500
14   0.932879375
15   0.887115312
16   0.859656875
17   0.850504062
18   0.859656875
19   0.887115312
20   0.932879375
21   0.975592500
22   1.000000000
23   1.000000000
24   0.975592500
25   0.932879375
26   0.887115312
27   0.859656875
28   0.850504062
29   0.859656875
30   0.887115312
31   0.932879375
32   0.975592500
33   1.000000000
34   1.000000000
35   0.975592500
36   0.932879375
37   0.887115312
38   0.859656875
39   0.850504062
40   0.859656875
41   0.887115312
42   0.932879375
43   0.975592500
44   1.000000000
45   1.000000000
46   0.975592500
47   0.932879375
48   0.887115312
49   0.859656875
50   0.850504062
51   0.859656875
52   0.887115312
53   0.932879375
54   0.975592500
55   1.000000000
56   1.000000000
57   0.975592500
58   0.932879375
59   0.887115312
60   0.859656875
61   0.850504062
62   0.859656875
63   0.887115312
64   0.932879375
65   0.975592500
66   1.000000000
67   1.000000000
68   0.975592500
69   0.932879375
70   0.887115312
71   0.859656875
72   0.850504062
73   0.859656875
74   0.887115312
75   0.932879375
76   0.975592500
77   1.000000000
78   1.000000000
79   0.975592500
80   0.932879375
81   0.887115312
82   0.859656875
83   0.850504062
84   0.859656875
85   0.887115312
86   0.932879375
87   0.975592500
88   1.000000000
89   1.000000000
90   0.975592500
91   0.932879375
92   0.887115312
93   0.859656875
94   0.850504062
95   0.859656875
96   0.887115312
97   0.932879375
98   0.975592500
99   1.000000000
100  1.000000000
101  0.975592500
102  0.932879375
103  0.887115312
104  0.859656875
105  0.850504062
106  0.859656875
107  0.887115312
108  0.932879375
109  0.975592500
110  1.000000000
111  1.000000000
112  0.975592500
113  0.932879375
114  0.887115312
115  0.859656875
116  0.850504062
117  0.859656875
118  0.887115312
119  0.932879375
120  0.975592500
121  1.000000000


%PATCH
1
1 'bspsurf' 1
3 'General' 9 0.000000000 1.000000000 2.000000000 3.000000000 4.000000000 5.000000000 6.000000000 7.000000000 8.000000000 4 1 1 1 1 1 1 1 4 
3 'General' 9 0.000000000 1.000000000 2.000000000 3.000000000 4.000000000 5.000000000 6.000000000 7.000000000 8.000000000 4 1 1 1 1 1 1 1 4 
1 2 3 4 5 6 7 8 9 10 11 12 13 14 15 16 17 18 19 20 21 22 23 24 25 26 27 28 29 30 31 32 33 34 35 36 37 38 39 40 41 42 43 44 45 46 47 48 49 50 51 52 53 54 55 56 57 58 59 60 61 62 63 64 65 66 67 68 69 70 71 72 73 74 75 76 77 78 79 80 81 82 83 84 85 86 87 88 89 90 91 92 93 94 95 96 97 98 99 100 101 102 103 104 105 106 107 108 109 110 111 112 113 114 115 116 117 118 119 120 121 

%PATCH.OUTPUT.POINT
3
1 8 0
1 8 4
1 4 4

%NODE.SUPPORT
22
1   1 0 0 0 0 0
11  0 1 0 0 0 0
12  1 0 0 0 0 0
22  0 1 0 0 0 0
23  1 0 0 0 0 0
33  0 1 0 0 0 0
34  1 0 0 0 0 0
44  0 1 0 0 0 0
45  1 0 0 0 0 0
55  0 1 0 0 0 0
56  1 0 0 0 0 0
66  0 1 0 0 0 0
67  1 0 0 0 0 0
77  0 1 0 0 0 0
78  1 0 0 0 0 0
88  0 1 0 0 0 0
89  1 0 0 0 0 0
99  0 1 0 0 0 0
100 1 0 0 0 0 0
110 0 1 0 0 0 0
111 1 0 0 0 0 0
121 0 1 0 0 0 0

%MATERIAL
1

%MATERIAL.ISOTROPIC
1
1      1e6    0.2

%SECTION
1

%SECTION.HOMOGENEOUS.ISOTROPIC.2D
1
1    1     1.00

%INTEGRATION.ORDER
1
1	4	4	4	4	4	4

%ELEMENT
64

%ELEMENT.PLSTRESS.BSPLINE.SURFACE
64
1 1 1 1 1 1 
2 1 1 1 2 1 
3 1 1 1 3 1 
4 1 1 1 4 1 
5 1 1 1 5 1 
6 1 1 1 6 1 
7 1 1 1 7 1 
8 1 1 1 8 1 
9 1 1 1 1 2 
10 1 1 1 2 2 
11 1 1 1 3 2 
12 1 1 1 4 2 
13 1 1 1 5 2 
14 1 1 1 6 2 
15 1 1 1 7 2 
16 1 1 1 8 2 
17 1 1 1 1 3 
18 1 1 1 2 3 
19 1 1 1 3 3 
20 1 1 1 4 3 
21 1 1 1 5 3 
22 1 1 1 6 3 
23 1 1 1 7 3 
24 1 1 1 8 3 
25 1 1 1 1 4 
26 1 1 1 2 4 
27 1 1 1 3 4 
28 1 1 1 4 4 
29 1 1 1 5 4 
30 1 1 1 6 4 
31 1 1 1 7 4 
32 1 1 1 8 4 
33 1 1 1 1 5 
34 1 1 1 2 5 
35 1 1 1 3 5 
36 1 1 1 4 5 
37 1 1 1 5 5 
38 1 1 1 6 5 
39 1 1 1 7 5 
40 1 1 1 8 5 
41 1 1 1 1 6 
42 1 1 1 2 6 
43 1 1 1 3 6 
44 1 1 1 4 6 
45 1 1 1 5 6 
46 1 1 1 6 6 
47 1 1 1 7 6 
48 1 1 1 8 6 
49 1 1 1 1 7 
50 1 1 1 2 7 
51 1 1 1 3 7 
52 1 1 1 4 7 
53 1 1 1 5 7 
54 1 1 1 6 7 
55 1 1 1 7 7 
56 1 1 1 8 7 
57 1 1 1 1 8 
58 1 1 1 2 8 
59 1 1 1 3 8 
60 1 1 1 4 8 
61 1 1 1 5 8 
62 1 1 1 6 8 
63 1 1 1 7 8 
64 1 1 1 8 8 

%LOAD.CASE.LINE.FORCE.IGA.UNIFORM
8
1 'Front' 'Bottom' 1 0.000000000 10.000000000 0.000000000
2 'Front' 'Bottom' 1 0.000000000 10.000000000 0.000000000
3 'Front' 'Bottom' 1 0.000000000 10.000000000 0.000000000
4 'Front' 'Bottom' 1 0.000000000 10.000000000 0.000000000
5 'Front' 'Bottom' 1 0.000000000 10.000000000 0.000000000
6 'Front' 'Bottom' 1 0.000000000 10.000000000 0.000000000
7 'Front' 'Bottom' 1 0.000000000 10.000000000 0.000000000
8 'Front' 'Bottom' 1 0.000000000 10.000000000 0.000000000


%END
