%HEADER
Engasted Thin cylinder subject to pressure load. 

Expected radial displacements along length:
|--------------------------------------|
| x      | Analytical  | Numerical*    |
|--------------------------------------|
| 0.000  | 0.00000e+00 |  +0.00000e+00 |
| 0.025  | 8.24142e-05 |  +8.34105e-05 |
| 0.050  | 2.61043e-04 |  +2.58106e-04 |
| 0.075  | 4.61979e-04 |  +4.53964e-04 |
| 0.100  | 6.43393e-04 |  +6.31906e-04 |
| 0.125  | 7.86592e-04 |  +7.75013e-04 |
| 0.150  | 8.87783e-04 |  +8.79699e-04 |
| 0.175  | 9.51500e-04 |  +9.48523e-04 |
| 0.200  | 9.85899e-04 |  +9.87154e-04 |
| 0.225  | 9.99750e-04 |  +1.00299e-03 |
| 0.250  | 1.00079e-03 |  +1.00380e-03 |
| 0.275  | 9.95014e-04 |  +9.96434e-04 |
| 0.300  | 9.86597e-04 |  +9.85883e-04 |
| 0.325  | 9.78109e-04 |  +9.75279e-04 |
| 0.350  | 9.70899e-04 |  +9.66311e-04 |
| 0.375  | 9.65469e-04 |  +9.59637e-04 |
| 0.400  | 9.61803e-04 |  +9.55289e-04 |
| 0.425  | 9.59620e-04 |  +9.53017e-04 |
| 0.450  | 9.58546e-04 |  +9.52425e-04 |
| 0.475  | 9.58213e-04 |  +9.53043e-04 |
| 0.500  | 9.58317e-04 |  +9.54390e-04 |
| 0.525  | 9.58631e-04 |  +9.56038e-04 |
| 0.550  | 9.59006e-04 |  +9.57664e-04 |
| 0.575  | 9.59355e-04 |  +9.59044e-04 |
| 0.600  | 9.59636e-04 |  +9.60048e-04 |
| 0.625  | 9.59838e-04 |  +9.60619e-04 |
| 0.650  | 9.59968e-04 |  +9.60765e-04 |
| 0.675  | 9.60040e-04 |  +9.60536e-04 |
| 0.700  | 9.60072e-04 |  +9.60017e-04 |
|--------------------------------------|

* Mesh of 80 (4x1x20) Quintic NURBS elements (6x6x6 Gauss quadrature).
* Symmetry is considered (1/4 part).
----------------------------------------------------------------------------

Ref:
----------------------------------------------------------------------------
Hughes T.J.R., Cottrell J.A., Bazilevs Y. Isogeometric analysis: CAD, finite
elements, NURBS, exact geometry, and mesh refinement Comput. Methods Appl. Mech.
Engrg., 194 (2005), pp. 4135-4195.

Barroso, E. S. 2015. Análise e Otimização de estruturas laminadas utilizando 
formulação isogeométrica. Universidade Federal do Ceará, Dissertação de Mestado.
----------------------------------------------------------------------------

%HEADER.OUTPUT.STRESS.EXTRAPOLATION
0

%HEADER.PRINT.EQUIVALENT.MESH
0

%HEADER.ANALYSIS.TOLERANCE
1e-8

%NODE
675

%NODE.COORD
675
1    0.000000000 0.995000000 0.000000000
2    0.072480015 0.995000000 0.000000000
3    0.223958470 0.981472956 0.000000000
4    0.455513186 0.915875267 0.000000000
5    0.734411093 0.734411093 0.000000000
6    0.915875267 0.455513186 0.000000000
7    0.981472956 0.223958470 0.000000000
8    0.995000000 0.072480015 0.000000000
9    0.995000000 0.000000000 0.000000000
10   0.000000000 1.000000000 0.000000000
11   0.072844236 1.000000000 0.000000000
12   0.225083890 0.986404981 0.000000000
13   0.457802197 0.920477656 0.000000000
14   0.738101601 0.738101601 0.000000000
15   0.920477656 0.457802197 0.000000000
16   0.986404981 0.225083890 0.000000000
17   1.000000000 0.072844236 0.000000000
18   1.000000000 0.000000000 0.000000000
19   0.000000000 1.005000000 0.000000000
20   0.073208458 1.005000000 0.000000000
21   0.226209309 0.991337005 0.000000000
22   0.460091208 0.925080044 0.000000000
23   0.741792109 0.741792109 0.000000000
24   0.925080044 0.460091208 0.000000000
25   0.991337005 0.226209309 0.000000000
26   1.005000000 0.073208458 0.000000000
27   1.005000000 0.000000000 0.000000000
28   0.000000000 0.995000000 0.025000000
29   0.072480015 0.995000000 0.025000000
30   0.223958470 0.981472956 0.025000000
31   0.455513186 0.915875267 0.025000000
32   0.734411093 0.734411093 0.025000000
33   0.915875267 0.455513186 0.025000000
34   0.981472956 0.223958470 0.025000000
35   0.995000000 0.072480015 0.025000000
36   0.995000000 0.000000000 0.025000000
37   0.000000000 1.000000000 0.025000000
38   0.072844236 1.000000000 0.025000000
39   0.225083890 0.986404981 0.025000000
40   0.457802197 0.920477656 0.025000000
41   0.738101601 0.738101601 0.025000000
42   0.920477656 0.457802197 0.025000000
43   0.986404981 0.225083890 0.025000000
44   1.000000000 0.072844236 0.025000000
45   1.000000000 0.000000000 0.025000000
46   0.000000000 1.005000000 0.025000000
47   0.073208458 1.005000000 0.025000000
48   0.226209309 0.991337005 0.025000000
49   0.460091208 0.925080044 0.025000000
50   0.741792109 0.741792109 0.025000000
51   0.925080044 0.460091208 0.025000000
52   0.991337005 0.226209309 0.025000000
53   1.005000000 0.073208458 0.025000000
54   1.005000000 0.000000000 0.025000000
55   0.000000000 0.995000000 0.075000000
56   0.072480015 0.995000000 0.075000000
57   0.223958470 0.981472956 0.075000000
58   0.455513186 0.915875267 0.075000000
59   0.734411093 0.734411093 0.075000000
60   0.915875267 0.455513186 0.075000000
61   0.981472956 0.223958470 0.075000000
62   0.995000000 0.072480015 0.075000000
63   0.995000000 0.000000000 0.075000000
64   0.000000000 1.000000000 0.075000000
65   0.072844236 1.000000000 0.075000000
66   0.225083890 0.986404981 0.075000000
67   0.457802197 0.920477656 0.075000000
68   0.738101601 0.738101601 0.075000000
69   0.920477656 0.457802197 0.075000000
70   0.986404981 0.225083890 0.075000000
71   1.000000000 0.072844236 0.075000000
72   1.000000000 0.000000000 0.075000000
73   0.000000000 1.005000000 0.075000000
74   0.073208458 1.005000000 0.075000000
75   0.226209309 0.991337005 0.075000000
76   0.460091208 0.925080044 0.075000000
77   0.741792109 0.741792109 0.075000000
78   0.925080044 0.460091208 0.075000000
79   0.991337005 0.226209309 0.075000000
80   1.005000000 0.073208458 0.075000000
81   1.005000000 0.000000000 0.075000000
82   0.000000000 0.995000000 0.150000000
83   0.072480015 0.995000000 0.150000000
84   0.223958470 0.981472956 0.150000000
85   0.455513186 0.915875267 0.150000000
86   0.734411093 0.734411093 0.150000000
87   0.915875267 0.455513186 0.150000000
88   0.981472956 0.223958470 0.150000000
89   0.995000000 0.072480015 0.150000000
90   0.995000000 0.000000000 0.150000000
91   0.000000000 1.000000000 0.150000000
92   0.072844236 1.000000000 0.150000000
93   0.225083890 0.986404981 0.150000000
94   0.457802197 0.920477656 0.150000000
95   0.738101601 0.738101601 0.150000000
96   0.920477656 0.457802197 0.150000000
97   0.986404981 0.225083890 0.150000000
98   1.000000000 0.072844236 0.150000000
99   1.000000000 0.000000000 0.150000000
100  0.000000000 1.005000000 0.150000000
101  0.073208458 1.005000000 0.150000000
102  0.226209309 0.991337005 0.150000000
103  0.460091208 0.925080044 0.150000000
104  0.741792109 0.741792109 0.150000000
105  0.925080044 0.460091208 0.150000000
106  0.991337005 0.226209309 0.150000000
107  1.005000000 0.073208458 0.150000000
108  1.005000000 0.000000000 0.150000000
109  0.000000000 0.995000000 0.250000000
110  0.072480015 0.995000000 0.250000000
111  0.223958470 0.981472956 0.250000000
112  0.455513186 0.915875267 0.250000000
113  0.734411093 0.734411093 0.250000000
114  0.915875267 0.455513186 0.250000000
115  0.981472956 0.223958470 0.250000000
116  0.995000000 0.072480015 0.250000000
117  0.995000000 0.000000000 0.250000000
118  0.000000000 1.000000000 0.250000000
119  0.072844236 1.000000000 0.250000000
120  0.225083890 0.986404981 0.250000000
121  0.457802197 0.920477656 0.250000000
122  0.738101601 0.738101601 0.250000000
123  0.920477656 0.457802197 0.250000000
124  0.986404981 0.225083890 0.250000000
125  1.000000000 0.072844236 0.250000000
126  1.000000000 0.000000000 0.250000000
127  0.000000000 1.005000000 0.250000000
128  0.073208458 1.005000000 0.250000000
129  0.226209309 0.991337005 0.250000000
130  0.460091208 0.925080044 0.250000000
131  0.741792109 0.741792109 0.250000000
132  0.925080044 0.460091208 0.250000000
133  0.991337005 0.226209309 0.250000000
134  1.005000000 0.073208458 0.250000000
135  1.005000000 0.000000000 0.250000000
136  0.000000000 0.995000000 0.400000000
137  0.072480015 0.995000000 0.400000000
138  0.223958470 0.981472956 0.400000000
139  0.455513186 0.915875267 0.400000000
140  0.734411093 0.734411093 0.400000000
141  0.915875267 0.455513186 0.400000000
142  0.981472956 0.223958470 0.400000000
143  0.995000000 0.072480015 0.400000000
144  0.995000000 0.000000000 0.400000000
145  0.000000000 1.000000000 0.400000000
146  0.072844236 1.000000000 0.400000000
147  0.225083890 0.986404981 0.400000000
148  0.457802197 0.920477656 0.400000000
149  0.738101601 0.738101601 0.400000000
150  0.920477656 0.457802197 0.400000000
151  0.986404981 0.225083890 0.400000000
152  1.000000000 0.072844236 0.400000000
153  1.000000000 0.000000000 0.400000000
154  0.000000000 1.005000000 0.400000000
155  0.073208458 1.005000000 0.400000000
156  0.226209309 0.991337005 0.400000000
157  0.460091208 0.925080044 0.400000000
158  0.741792109 0.741792109 0.400000000
159  0.925080044 0.460091208 0.400000000
160  0.991337005 0.226209309 0.400000000
161  1.005000000 0.073208458 0.400000000
162  1.005000000 0.000000000 0.400000000
163  0.000000000 0.995000000 0.575000000
164  0.072480015 0.995000000 0.575000000
165  0.223958470 0.981472956 0.575000000
166  0.455513186 0.915875267 0.575000000
167  0.734411093 0.734411093 0.575000000
168  0.915875267 0.455513186 0.575000000
169  0.981472956 0.223958470 0.575000000
170  0.995000000 0.072480015 0.575000000
171  0.995000000 0.000000000 0.575000000
172  0.000000000 1.000000000 0.575000000
173  0.072844236 1.000000000 0.575000000
174  0.225083890 0.986404981 0.575000000
175  0.457802197 0.920477656 0.575000000
176  0.738101601 0.738101601 0.575000000
177  0.920477656 0.457802197 0.575000000
178  0.986404981 0.225083890 0.575000000
179  1.000000000 0.072844236 0.575000000
180  1.000000000 0.000000000 0.575000000
181  0.000000000 1.005000000 0.575000000
182  0.073208458 1.005000000 0.575000000
183  0.226209309 0.991337005 0.575000000
184  0.460091208 0.925080044 0.575000000
185  0.741792109 0.741792109 0.575000000
186  0.925080044 0.460091208 0.575000000
187  0.991337005 0.226209309 0.575000000
188  1.005000000 0.073208458 0.575000000
189  1.005000000 0.000000000 0.575000000
190  0.000000000 0.995000000 0.775000000
191  0.072480015 0.995000000 0.775000000
192  0.223958470 0.981472956 0.775000000
193  0.455513186 0.915875267 0.775000000
194  0.734411093 0.734411093 0.775000000
195  0.915875267 0.455513186 0.775000000
196  0.981472956 0.223958470 0.775000000
197  0.995000000 0.072480015 0.775000000
198  0.995000000 0.000000000 0.775000000
199  0.000000000 1.000000000 0.775000000
200  0.072844236 1.000000000 0.775000000
201  0.225083890 0.986404981 0.775000000
202  0.457802197 0.920477656 0.775000000
203  0.738101601 0.738101601 0.775000000
204  0.920477656 0.457802197 0.775000000
205  0.986404981 0.225083890 0.775000000
206  1.000000000 0.072844236 0.775000000
207  1.000000000 0.000000000 0.775000000
208  0.000000000 1.005000000 0.775000000
209  0.073208458 1.005000000 0.775000000
210  0.226209309 0.991337005 0.775000000
211  0.460091208 0.925080044 0.775000000
212  0.741792109 0.741792109 0.775000000
213  0.925080044 0.460091208 0.775000000
214  0.991337005 0.226209309 0.775000000
215  1.005000000 0.073208458 0.775000000
216  1.005000000 0.000000000 0.775000000
217  0.000000000 0.995000000 1.000000000
218  0.072480015 0.995000000 1.000000000
219  0.223958470 0.981472956 1.000000000
220  0.455513186 0.915875267 1.000000000
221  0.734411093 0.734411093 1.000000000
222  0.915875267 0.455513186 1.000000000
223  0.981472956 0.223958470 1.000000000
224  0.995000000 0.072480015 1.000000000
225  0.995000000 0.000000000 1.000000000
226  0.000000000 1.000000000 1.000000000
227  0.072844236 1.000000000 1.000000000
228  0.225083890 0.986404981 1.000000000
229  0.457802197 0.920477656 1.000000000
230  0.738101601 0.738101601 1.000000000
231  0.920477656 0.457802197 1.000000000
232  0.986404981 0.225083890 1.000000000
233  1.000000000 0.072844236 1.000000000
234  1.000000000 0.000000000 1.000000000
235  0.000000000 1.005000000 1.000000000
236  0.073208458 1.005000000 1.000000000
237  0.226209309 0.991337005 1.000000000
238  0.460091208 0.925080044 1.000000000
239  0.741792109 0.741792109 1.000000000
240  0.925080044 0.460091208 1.000000000
241  0.991337005 0.226209309 1.000000000
242  1.005000000 0.073208458 1.000000000
243  1.005000000 0.000000000 1.000000000
244  0.000000000 0.995000000 1.300000000
245  0.072480015 0.995000000 1.300000000
246  0.223958470 0.981472956 1.300000000
247  0.455513186 0.915875267 1.300000000
248  0.734411093 0.734411093 1.300000000
249  0.915875267 0.455513186 1.300000000
250  0.981472956 0.223958470 1.300000000
251  0.995000000 0.072480015 1.300000000
252  0.995000000 0.000000000 1.300000000
253  0.000000000 1.000000000 1.300000000
254  0.072844236 1.000000000 1.300000000
255  0.225083890 0.986404981 1.300000000
256  0.457802197 0.920477656 1.300000000
257  0.738101601 0.738101601 1.300000000
258  0.920477656 0.457802197 1.300000000
259  0.986404981 0.225083890 1.300000000
260  1.000000000 0.072844236 1.300000000
261  1.000000000 0.000000000 1.300000000
262  0.000000000 1.005000000 1.300000000
263  0.073208458 1.005000000 1.300000000
264  0.226209309 0.991337005 1.300000000
265  0.460091208 0.925080044 1.300000000
266  0.741792109 0.741792109 1.300000000
267  0.925080044 0.460091208 1.300000000
268  0.991337005 0.226209309 1.300000000
269  1.005000000 0.073208458 1.300000000
270  1.005000000 0.000000000 1.300000000
271  0.000000000 0.995000000 1.650000000
272  0.072480015 0.995000000 1.650000000
273  0.223958470 0.981472956 1.650000000
274  0.455513186 0.915875267 1.650000000
275  0.734411093 0.734411093 1.650000000
276  0.915875267 0.455513186 1.650000000
277  0.981472956 0.223958470 1.650000000
278  0.995000000 0.072480015 1.650000000
279  0.995000000 0.000000000 1.650000000
280  0.000000000 1.000000000 1.650000000
281  0.072844236 1.000000000 1.650000000
282  0.225083890 0.986404981 1.650000000
283  0.457802197 0.920477656 1.650000000
284  0.738101601 0.738101601 1.650000000
285  0.920477656 0.457802197 1.650000000
286  0.986404981 0.225083890 1.650000000
287  1.000000000 0.072844236 1.650000000
288  1.000000000 0.000000000 1.650000000
289  0.000000000 1.005000000 1.650000000
290  0.073208458 1.005000000 1.650000000
291  0.226209309 0.991337005 1.650000000
292  0.460091208 0.925080044 1.650000000
293  0.741792109 0.741792109 1.650000000
294  0.925080044 0.460091208 1.650000000
295  0.991337005 0.226209309 1.650000000
296  1.005000000 0.073208458 1.650000000
297  1.005000000 0.000000000 1.650000000
298  0.000000000 0.995000000 2.050000000
299  0.072480015 0.995000000 2.050000000
300  0.223958470 0.981472956 2.050000000
301  0.455513186 0.915875267 2.050000000
302  0.734411093 0.734411093 2.050000000
303  0.915875267 0.455513186 2.050000000
304  0.981472956 0.223958470 2.050000000
305  0.995000000 0.072480015 2.050000000
306  0.995000000 0.000000000 2.050000000
307  0.000000000 1.000000000 2.050000000
308  0.072844236 1.000000000 2.050000000
309  0.225083890 0.986404981 2.050000000
310  0.457802197 0.920477656 2.050000000
311  0.738101601 0.738101601 2.050000000
312  0.920477656 0.457802197 2.050000000
313  0.986404981 0.225083890 2.050000000
314  1.000000000 0.072844236 2.050000000
315  1.000000000 0.000000000 2.050000000
316  0.000000000 1.005000000 2.050000000
317  0.073208458 1.005000000 2.050000000
318  0.226209309 0.991337005 2.050000000
319  0.460091208 0.925080044 2.050000000
320  0.741792109 0.741792109 2.050000000
321  0.925080044 0.460091208 2.050000000
322  0.991337005 0.226209309 2.050000000
323  1.005000000 0.073208458 2.050000000
324  1.005000000 0.000000000 2.050000000
325  0.000000000 0.995000000 2.500000000
326  0.072480015 0.995000000 2.500000000
327  0.223958470 0.981472956 2.500000000
328  0.455513186 0.915875267 2.500000000
329  0.734411093 0.734411093 2.500000000
330  0.915875267 0.455513186 2.500000000
331  0.981472956 0.223958470 2.500000000
332  0.995000000 0.072480015 2.500000000
333  0.995000000 0.000000000 2.500000000
334  0.000000000 1.000000000 2.500000000
335  0.072844236 1.000000000 2.500000000
336  0.225083890 0.986404981 2.500000000
337  0.457802197 0.920477656 2.500000000
338  0.738101601 0.738101601 2.500000000
339  0.920477656 0.457802197 2.500000000
340  0.986404981 0.225083890 2.500000000
341  1.000000000 0.072844236 2.500000000
342  1.000000000 0.000000000 2.500000000
343  0.000000000 1.005000000 2.500000000
344  0.073208458 1.005000000 2.500000000
345  0.226209309 0.991337005 2.500000000
346  0.460091208 0.925080044 2.500000000
347  0.741792109 0.741792109 2.500000000
348  0.925080044 0.460091208 2.500000000
349  0.991337005 0.226209309 2.500000000
350  1.005000000 0.073208458 2.500000000
351  1.005000000 0.000000000 2.500000000
352  0.000000000 0.995000000 2.950000000
353  0.072480015 0.995000000 2.950000000
354  0.223958470 0.981472956 2.950000000
355  0.455513186 0.915875267 2.950000000
356  0.734411093 0.734411093 2.950000000
357  0.915875267 0.455513186 2.950000000
358  0.981472956 0.223958470 2.950000000
359  0.995000000 0.072480015 2.950000000
360  0.995000000 0.000000000 2.950000000
361  0.000000000 1.000000000 2.950000000
362  0.072844236 1.000000000 2.950000000
363  0.225083890 0.986404981 2.950000000
364  0.457802197 0.920477656 2.950000000
365  0.738101601 0.738101601 2.950000000
366  0.920477656 0.457802197 2.950000000
367  0.986404981 0.225083890 2.950000000
368  1.000000000 0.072844236 2.950000000
369  1.000000000 0.000000000 2.950000000
370  0.000000000 1.005000000 2.950000000
371  0.073208458 1.005000000 2.950000000
372  0.226209309 0.991337005 2.950000000
373  0.460091208 0.925080044 2.950000000
374  0.741792109 0.741792109 2.950000000
375  0.925080044 0.460091208 2.950000000
376  0.991337005 0.226209309 2.950000000
377  1.005000000 0.073208458 2.950000000
378  1.005000000 0.000000000 2.950000000
379  0.000000000 0.995000000 3.350000000
380  0.072480015 0.995000000 3.350000000
381  0.223958470 0.981472956 3.350000000
382  0.455513186 0.915875267 3.350000000
383  0.734411093 0.734411093 3.350000000
384  0.915875267 0.455513186 3.350000000
385  0.981472956 0.223958470 3.350000000
386  0.995000000 0.072480015 3.350000000
387  0.995000000 0.000000000 3.350000000
388  0.000000000 1.000000000 3.350000000
389  0.072844236 1.000000000 3.350000000
390  0.225083890 0.986404981 3.350000000
391  0.457802197 0.920477656 3.350000000
392  0.738101601 0.738101601 3.350000000
393  0.920477656 0.457802197 3.350000000
394  0.986404981 0.225083890 3.350000000
395  1.000000000 0.072844236 3.350000000
396  1.000000000 0.000000000 3.350000000
397  0.000000000 1.005000000 3.350000000
398  0.073208458 1.005000000 3.350000000
399  0.226209309 0.991337005 3.350000000
400  0.460091208 0.925080044 3.350000000
401  0.741792109 0.741792109 3.350000000
402  0.925080044 0.460091208 3.350000000
403  0.991337005 0.226209309 3.350000000
404  1.005000000 0.073208458 3.350000000
405  1.005000000 0.000000000 3.350000000
406  0.000000000 0.995000000 3.700000000
407  0.072480015 0.995000000 3.700000000
408  0.223958470 0.981472956 3.700000000
409  0.455513186 0.915875267 3.700000000
410  0.734411093 0.734411093 3.700000000
411  0.915875267 0.455513186 3.700000000
412  0.981472956 0.223958470 3.700000000
413  0.995000000 0.072480015 3.700000000
414  0.995000000 0.000000000 3.700000000
415  0.000000000 1.000000000 3.700000000
416  0.072844236 1.000000000 3.700000000
417  0.225083890 0.986404981 3.700000000
418  0.457802197 0.920477656 3.700000000
419  0.738101601 0.738101601 3.700000000
420  0.920477656 0.457802197 3.700000000
421  0.986404981 0.225083890 3.700000000
422  1.000000000 0.072844236 3.700000000
423  1.000000000 0.000000000 3.700000000
424  0.000000000 1.005000000 3.700000000
425  0.073208458 1.005000000 3.700000000
426  0.226209309 0.991337005 3.700000000
427  0.460091208 0.925080044 3.700000000
428  0.741792109 0.741792109 3.700000000
429  0.925080044 0.460091208 3.700000000
430  0.991337005 0.226209309 3.700000000
431  1.005000000 0.073208458 3.700000000
432  1.005000000 0.000000000 3.700000000
433  0.000000000 0.995000000 4.000000000
434  0.072480015 0.995000000 4.000000000
435  0.223958470 0.981472956 4.000000000
436  0.455513186 0.915875267 4.000000000
437  0.734411093 0.734411093 4.000000000
438  0.915875267 0.455513186 4.000000000
439  0.981472956 0.223958470 4.000000000
440  0.995000000 0.072480015 4.000000000
441  0.995000000 0.000000000 4.000000000
442  0.000000000 1.000000000 4.000000000
443  0.072844236 1.000000000 4.000000000
444  0.225083890 0.986404981 4.000000000
445  0.457802197 0.920477656 4.000000000
446  0.738101601 0.738101601 4.000000000
447  0.920477656 0.457802197 4.000000000
448  0.986404981 0.225083890 4.000000000
449  1.000000000 0.072844236 4.000000000
450  1.000000000 0.000000000 4.000000000
451  0.000000000 1.005000000 4.000000000
452  0.073208458 1.005000000 4.000000000
453  0.226209309 0.991337005 4.000000000
454  0.460091208 0.925080044 4.000000000
455  0.741792109 0.741792109 4.000000000
456  0.925080044 0.460091208 4.000000000
457  0.991337005 0.226209309 4.000000000
458  1.005000000 0.073208458 4.000000000
459  1.005000000 0.000000000 4.000000000
460  0.000000000 0.995000000 4.225000000
461  0.072480015 0.995000000 4.225000000
462  0.223958470 0.981472956 4.225000000
463  0.455513186 0.915875267 4.225000000
464  0.734411093 0.734411093 4.225000000
465  0.915875267 0.455513186 4.225000000
466  0.981472956 0.223958470 4.225000000
467  0.995000000 0.072480015 4.225000000
468  0.995000000 0.000000000 4.225000000
469  0.000000000 1.000000000 4.225000000
470  0.072844236 1.000000000 4.225000000
471  0.225083890 0.986404981 4.225000000
472  0.457802197 0.920477656 4.225000000
473  0.738101601 0.738101601 4.225000000
474  0.920477656 0.457802197 4.225000000
475  0.986404981 0.225083890 4.225000000
476  1.000000000 0.072844236 4.225000000
477  1.000000000 0.000000000 4.225000000
478  0.000000000 1.005000000 4.225000000
479  0.073208458 1.005000000 4.225000000
480  0.226209309 0.991337005 4.225000000
481  0.460091208 0.925080044 4.225000000
482  0.741792109 0.741792109 4.225000000
483  0.925080044 0.460091208 4.225000000
484  0.991337005 0.226209309 4.225000000
485  1.005000000 0.073208458 4.225000000
486  1.005000000 0.000000000 4.225000000
487  0.000000000 0.995000000 4.425000000
488  0.072480015 0.995000000 4.425000000
489  0.223958470 0.981472956 4.425000000
490  0.455513186 0.915875267 4.425000000
491  0.734411093 0.734411093 4.425000000
492  0.915875267 0.455513186 4.425000000
493  0.981472956 0.223958470 4.425000000
494  0.995000000 0.072480015 4.425000000
495  0.995000000 0.000000000 4.425000000
496  0.000000000 1.000000000 4.425000000
497  0.072844236 1.000000000 4.425000000
498  0.225083890 0.986404981 4.425000000
499  0.457802197 0.920477656 4.425000000
500  0.738101601 0.738101601 4.425000000
501  0.920477656 0.457802197 4.425000000
502  0.986404981 0.225083890 4.425000000
503  1.000000000 0.072844236 4.425000000
504  1.000000000 0.000000000 4.425000000
505  0.000000000 1.005000000 4.425000000
506  0.073208458 1.005000000 4.425000000
507  0.226209309 0.991337005 4.425000000
508  0.460091208 0.925080044 4.425000000
509  0.741792109 0.741792109 4.425000000
510  0.925080044 0.460091208 4.425000000
511  0.991337005 0.226209309 4.425000000
512  1.005000000 0.073208458 4.425000000
513  1.005000000 0.000000000 4.425000000
514  0.000000000 0.995000000 4.600000000
515  0.072480015 0.995000000 4.600000000
516  0.223958470 0.981472956 4.600000000
517  0.455513186 0.915875267 4.600000000
518  0.734411093 0.734411093 4.600000000
519  0.915875267 0.455513186 4.600000000
520  0.981472956 0.223958470 4.600000000
521  0.995000000 0.072480015 4.600000000
522  0.995000000 0.000000000 4.600000000
523  0.000000000 1.000000000 4.600000000
524  0.072844236 1.000000000 4.600000000
525  0.225083890 0.986404981 4.600000000
526  0.457802197 0.920477656 4.600000000
527  0.738101601 0.738101601 4.600000000
528  0.920477656 0.457802197 4.600000000
529  0.986404981 0.225083890 4.600000000
530  1.000000000 0.072844236 4.600000000
531  1.000000000 0.000000000 4.600000000
532  0.000000000 1.005000000 4.600000000
533  0.073208458 1.005000000 4.600000000
534  0.226209309 0.991337005 4.600000000
535  0.460091208 0.925080044 4.600000000
536  0.741792109 0.741792109 4.600000000
537  0.925080044 0.460091208 4.600000000
538  0.991337005 0.226209309 4.600000000
539  1.005000000 0.073208458 4.600000000
540  1.005000000 0.000000000 4.600000000
541  0.000000000 0.995000000 4.750000000
542  0.072480015 0.995000000 4.750000000
543  0.223958470 0.981472956 4.750000000
544  0.455513186 0.915875267 4.750000000
545  0.734411093 0.734411093 4.750000000
546  0.915875267 0.455513186 4.750000000
547  0.981472956 0.223958470 4.750000000
548  0.995000000 0.072480015 4.750000000
549  0.995000000 0.000000000 4.750000000
550  0.000000000 1.000000000 4.750000000
551  0.072844236 1.000000000 4.750000000
552  0.225083890 0.986404981 4.750000000
553  0.457802197 0.920477656 4.750000000
554  0.738101601 0.738101601 4.750000000
555  0.920477656 0.457802197 4.750000000
556  0.986404981 0.225083890 4.750000000
557  1.000000000 0.072844236 4.750000000
558  1.000000000 0.000000000 4.750000000
559  0.000000000 1.005000000 4.750000000
560  0.073208458 1.005000000 4.750000000
561  0.226209309 0.991337005 4.750000000
562  0.460091208 0.925080044 4.750000000
563  0.741792109 0.741792109 4.750000000
564  0.925080044 0.460091208 4.750000000
565  0.991337005 0.226209309 4.750000000
566  1.005000000 0.073208458 4.750000000
567  1.005000000 0.000000000 4.750000000
568  0.000000000 0.995000000 4.850000000
569  0.072480015 0.995000000 4.850000000
570  0.223958470 0.981472956 4.850000000
571  0.455513186 0.915875267 4.850000000
572  0.734411093 0.734411093 4.850000000
573  0.915875267 0.455513186 4.850000000
574  0.981472956 0.223958470 4.850000000
575  0.995000000 0.072480015 4.850000000
576  0.995000000 0.000000000 4.850000000
577  0.000000000 1.000000000 4.850000000
578  0.072844236 1.000000000 4.850000000
579  0.225083890 0.986404981 4.850000000
580  0.457802197 0.920477656 4.850000000
581  0.738101601 0.738101601 4.850000000
582  0.920477656 0.457802197 4.850000000
583  0.986404981 0.225083890 4.850000000
584  1.000000000 0.072844236 4.850000000
585  1.000000000 0.000000000 4.850000000
586  0.000000000 1.005000000 4.850000000
587  0.073208458 1.005000000 4.850000000
588  0.226209309 0.991337005 4.850000000
589  0.460091208 0.925080044 4.850000000
590  0.741792109 0.741792109 4.850000000
591  0.925080044 0.460091208 4.850000000
592  0.991337005 0.226209309 4.850000000
593  1.005000000 0.073208458 4.850000000
594  1.005000000 0.000000000 4.850000000
595  0.000000000 0.995000000 4.925000000
596  0.072480015 0.995000000 4.925000000
597  0.223958470 0.981472956 4.925000000
598  0.455513186 0.915875267 4.925000000
599  0.734411093 0.734411093 4.925000000
600  0.915875267 0.455513186 4.925000000
601  0.981472956 0.223958470 4.925000000
602  0.995000000 0.072480015 4.925000000
603  0.995000000 0.000000000 4.925000000
604  0.000000000 1.000000000 4.925000000
605  0.072844236 1.000000000 4.925000000
606  0.225083890 0.986404981 4.925000000
607  0.457802197 0.920477656 4.925000000
608  0.738101601 0.738101601 4.925000000
609  0.920477656 0.457802197 4.925000000
610  0.986404981 0.225083890 4.925000000
611  1.000000000 0.072844236 4.925000000
612  1.000000000 0.000000000 4.925000000
613  0.000000000 1.005000000 4.925000000
614  0.073208458 1.005000000 4.925000000
615  0.226209309 0.991337005 4.925000000
616  0.460091208 0.925080044 4.925000000
617  0.741792109 0.741792109 4.925000000
618  0.925080044 0.460091208 4.925000000
619  0.991337005 0.226209309 4.925000000
620  1.005000000 0.073208458 4.925000000
621  1.005000000 0.000000000 4.925000000
622  0.000000000 0.995000000 4.975000000
623  0.072480015 0.995000000 4.975000000
624  0.223958470 0.981472956 4.975000000
625  0.455513186 0.915875267 4.975000000
626  0.734411093 0.734411093 4.975000000
627  0.915875267 0.455513186 4.975000000
628  0.981472956 0.223958470 4.975000000
629  0.995000000 0.072480015 4.975000000
630  0.995000000 0.000000000 4.975000000
631  0.000000000 1.000000000 4.975000000
632  0.072844236 1.000000000 4.975000000
633  0.225083890 0.986404981 4.975000000
634  0.457802197 0.920477656 4.975000000
635  0.738101601 0.738101601 4.975000000
636  0.920477656 0.457802197 4.975000000
637  0.986404981 0.225083890 4.975000000
638  1.000000000 0.072844236 4.975000000
639  1.000000000 0.000000000 4.975000000
640  0.000000000 1.005000000 4.975000000
641  0.073208458 1.005000000 4.975000000
642  0.226209309 0.991337005 4.975000000
643  0.460091208 0.925080044 4.975000000
644  0.741792109 0.741792109 4.975000000
645  0.925080044 0.460091208 4.975000000
646  0.991337005 0.226209309 4.975000000
647  1.005000000 0.073208458 4.975000000
648  1.005000000 0.000000000 4.975000000
649  0.000000000 0.995000000 5.000000000
650  0.072480015 0.995000000 5.000000000
651  0.223958470 0.981472956 5.000000000
652  0.455513186 0.915875267 5.000000000
653  0.734411093 0.734411093 5.000000000
654  0.915875267 0.455513186 5.000000000
655  0.981472956 0.223958470 5.000000000
656  0.995000000 0.072480015 5.000000000
657  0.995000000 0.000000000 5.000000000
658  0.000000000 1.000000000 5.000000000
659  0.072844236 1.000000000 5.000000000
660  0.225083890 0.986404981 5.000000000
661  0.457802197 0.920477656 5.000000000
662  0.738101601 0.738101601 5.000000000
663  0.920477656 0.457802197 5.000000000
664  0.986404981 0.225083890 5.000000000
665  1.000000000 0.072844236 5.000000000
666  1.000000000 0.000000000 5.000000000
667  0.000000000 1.005000000 5.000000000
668  0.073208458 1.005000000 5.000000000
669  0.226209309 0.991337005 5.000000000
670  0.460091208 0.925080044 5.000000000
671  0.741792109 0.741792109 5.000000000
672  0.925080044 0.460091208 5.000000000
673  0.991337005 0.226209309 5.000000000
674  1.005000000 0.073208458 5.000000000
675  1.005000000 0.000000000 5.000000000

%CONTROL.POINT.WEIGHT
675
1	1.000000000
2	0.970710678
3	0.919454365
4	0.864536886
5	0.835247564
6	0.864536886
7	0.919454365
8	0.970710678
9	1.000000000
10	1.000000000
11	0.970710678
12	0.919454365
13	0.864536886
14	0.835247564
15	0.864536886
16	0.919454365
17	0.970710678
18	1.000000000
19	1.000000000
20	0.970710678
21	0.919454365
22	0.864536886
23	0.835247564
24	0.864536886
25	0.919454365
26	0.970710678
27	1.000000000
28	1.000000000
29	0.970710678
30	0.919454365
31	0.864536886
32	0.835247564
33	0.864536886
34	0.919454365
35	0.970710678
36	1.000000000
37	1.000000000
38	0.970710678
39	0.919454365
40	0.864536886
41	0.835247564
42	0.864536886
43	0.919454365
44	0.970710678
45	1.000000000
46	1.000000000
47	0.970710678
48	0.919454365
49	0.864536886
50	0.835247564
51	0.864536886
52	0.919454365
53	0.970710678
54	1.000000000
55	1.000000000
56	0.970710678
57	0.919454365
58	0.864536886
59	0.835247564
60	0.864536886
61	0.919454365
62	0.970710678
63	1.000000000
64	1.000000000
65	0.970710678
66	0.919454365
67	0.864536886
68	0.835247564
69	0.864536886
70	0.919454365
71	0.970710678
72	1.000000000
73	1.000000000
74	0.970710678
75	0.919454365
76	0.864536886
77	0.835247564
78	0.864536886
79	0.919454365
80	0.970710678
81	1.000000000
82	1.000000000
83	0.970710678
84	0.919454365
85	0.864536886
86	0.835247564
87	0.864536886
88	0.919454365
89	0.970710678
90	1.000000000
91	1.000000000
92	0.970710678
93	0.919454365
94	0.864536886
95	0.835247564
96	0.864536886
97	0.919454365
98	0.970710678
99	1.000000000
100	1.000000000
101	0.970710678
102	0.919454365
103	0.864536886
104	0.835247564
105	0.864536886
106	0.919454365
107	0.970710678
108	1.000000000
109	1.000000000
110	0.970710678
111	0.919454365
112	0.864536886
113	0.835247564
114	0.864536886
115	0.919454365
116	0.970710678
117	1.000000000
118	1.000000000
119	0.970710678
120	0.919454365
121	0.864536886
122	0.835247564
123	0.864536886
124	0.919454365
125	0.970710678
126	1.000000000
127	1.000000000
128	0.970710678
129	0.919454365
130	0.864536886
131	0.835247564
132	0.864536886
133	0.919454365
134	0.970710678
135	1.000000000
136	1.000000000
137	0.970710678
138	0.919454365
139	0.864536886
140	0.835247564
141	0.864536886
142	0.919454365
143	0.970710678
144	1.000000000
145	1.000000000
146	0.970710678
147	0.919454365
148	0.864536886
149	0.835247564
150	0.864536886
151	0.919454365
152	0.970710678
153	1.000000000
154	1.000000000
155	0.970710678
156	0.919454365
157	0.864536886
158	0.835247564
159	0.864536886
160	0.919454365
161	0.970710678
162	1.000000000
163	1.000000000
164	0.970710678
165	0.919454365
166	0.864536886
167	0.835247564
168	0.864536886
169	0.919454365
170	0.970710678
171	1.000000000
172	1.000000000
173	0.970710678
174	0.919454365
175	0.864536886
176	0.835247564
177	0.864536886
178	0.919454365
179	0.970710678
180	1.000000000
181	1.000000000
182	0.970710678
183	0.919454365
184	0.864536886
185	0.835247564
186	0.864536886
187	0.919454365
188	0.970710678
189	1.000000000
190	1.000000000
191	0.970710678
192	0.919454365
193	0.864536886
194	0.835247564
195	0.864536886
196	0.919454365
197	0.970710678
198	1.000000000
199	1.000000000
200	0.970710678
201	0.919454365
202	0.864536886
203	0.835247564
204	0.864536886
205	0.919454365
206	0.970710678
207	1.000000000
208	1.000000000
209	0.970710678
210	0.919454365
211	0.864536886
212	0.835247564
213	0.864536886
214	0.919454365
215	0.970710678
216	1.000000000
217	1.000000000
218	0.970710678
219	0.919454365
220	0.864536886
221	0.835247564
222	0.864536886
223	0.919454365
224	0.970710678
225	1.000000000
226	1.000000000
227	0.970710678
228	0.919454365
229	0.864536886
230	0.835247564
231	0.864536886
232	0.919454365
233	0.970710678
234	1.000000000
235	1.000000000
236	0.970710678
237	0.919454365
238	0.864536886
239	0.835247564
240	0.864536886
241	0.919454365
242	0.970710678
243	1.000000000
244	1.000000000
245	0.970710678
246	0.919454365
247	0.864536886
248	0.835247564
249	0.864536886
250	0.919454365
251	0.970710678
252	1.000000000
253	1.000000000
254	0.970710678
255	0.919454365
256	0.864536886
257	0.835247564
258	0.864536886
259	0.919454365
260	0.970710678
261	1.000000000
262	1.000000000
263	0.970710678
264	0.919454365
265	0.864536886
266	0.835247564
267	0.864536886
268	0.919454365
269	0.970710678
270	1.000000000
271	1.000000000
272	0.970710678
273	0.919454365
274	0.864536886
275	0.835247564
276	0.864536886
277	0.919454365
278	0.970710678
279	1.000000000
280	1.000000000
281	0.970710678
282	0.919454365
283	0.864536886
284	0.835247564
285	0.864536886
286	0.919454365
287	0.970710678
288	1.000000000
289	1.000000000
290	0.970710678
291	0.919454365
292	0.864536886
293	0.835247564
294	0.864536886
295	0.919454365
296	0.970710678
297	1.000000000
298	1.000000000
299	0.970710678
300	0.919454365
301	0.864536886
302	0.835247564
303	0.864536886
304	0.919454365
305	0.970710678
306	1.000000000
307	1.000000000
308	0.970710678
309	0.919454365
310	0.864536886
311	0.835247564
312	0.864536886
313	0.919454365
314	0.970710678
315	1.000000000
316	1.000000000
317	0.970710678
318	0.919454365
319	0.864536886
320	0.835247564
321	0.864536886
322	0.919454365
323	0.970710678
324	1.000000000
325	1.000000000
326	0.970710678
327	0.919454365
328	0.864536886
329	0.835247564
330	0.864536886
331	0.919454365
332	0.970710678
333	1.000000000
334	1.000000000
335	0.970710678
336	0.919454365
337	0.864536886
338	0.835247564
339	0.864536886
340	0.919454365
341	0.970710678
342	1.000000000
343	1.000000000
344	0.970710678
345	0.919454365
346	0.864536886
347	0.835247564
348	0.864536886
349	0.919454365
350	0.970710678
351	1.000000000
352	1.000000000
353	0.970710678
354	0.919454365
355	0.864536886
356	0.835247564
357	0.864536886
358	0.919454365
359	0.970710678
360	1.000000000
361	1.000000000
362	0.970710678
363	0.919454365
364	0.864536886
365	0.835247564
366	0.864536886
367	0.919454365
368	0.970710678
369	1.000000000
370	1.000000000
371	0.970710678
372	0.919454365
373	0.864536886
374	0.835247564
375	0.864536886
376	0.919454365
377	0.970710678
378	1.000000000
379	1.000000000
380	0.970710678
381	0.919454365
382	0.864536886
383	0.835247564
384	0.864536886
385	0.919454365
386	0.970710678
387	1.000000000
388	1.000000000
389	0.970710678
390	0.919454365
391	0.864536886
392	0.835247564
393	0.864536886
394	0.919454365
395	0.970710678
396	1.000000000
397	1.000000000
398	0.970710678
399	0.919454365
400	0.864536886
401	0.835247564
402	0.864536886
403	0.919454365
404	0.970710678
405	1.000000000
406	1.000000000
407	0.970710678
408	0.919454365
409	0.864536886
410	0.835247564
411	0.864536886
412	0.919454365
413	0.970710678
414	1.000000000
415	1.000000000
416	0.970710678
417	0.919454365
418	0.864536886
419	0.835247564
420	0.864536886
421	0.919454365
422	0.970710678
423	1.000000000
424	1.000000000
425	0.970710678
426	0.919454365
427	0.864536886
428	0.835247564
429	0.864536886
430	0.919454365
431	0.970710678
432	1.000000000
433	1.000000000
434	0.970710678
435	0.919454365
436	0.864536886
437	0.835247564
438	0.864536886
439	0.919454365
440	0.970710678
441	1.000000000
442	1.000000000
443	0.970710678
444	0.919454365
445	0.864536886
446	0.835247564
447	0.864536886
448	0.919454365
449	0.970710678
450	1.000000000
451	1.000000000
452	0.970710678
453	0.919454365
454	0.864536886
455	0.835247564
456	0.864536886
457	0.919454365
458	0.970710678
459	1.000000000
460	1.000000000
461	0.970710678
462	0.919454365
463	0.864536886
464	0.835247564
465	0.864536886
466	0.919454365
467	0.970710678
468	1.000000000
469	1.000000000
470	0.970710678
471	0.919454365
472	0.864536886
473	0.835247564
474	0.864536886
475	0.919454365
476	0.970710678
477	1.000000000
478	1.000000000
479	0.970710678
480	0.919454365
481	0.864536886
482	0.835247564
483	0.864536886
484	0.919454365
485	0.970710678
486	1.000000000
487	1.000000000
488	0.970710678
489	0.919454365
490	0.864536886
491	0.835247564
492	0.864536886
493	0.919454365
494	0.970710678
495	1.000000000
496	1.000000000
497	0.970710678
498	0.919454365
499	0.864536886
500	0.835247564
501	0.864536886
502	0.919454365
503	0.970710678
504	1.000000000
505	1.000000000
506	0.970710678
507	0.919454365
508	0.864536886
509	0.835247564
510	0.864536886
511	0.919454365
512	0.970710678
513	1.000000000
514	1.000000000
515	0.970710678
516	0.919454365
517	0.864536886
518	0.835247564
519	0.864536886
520	0.919454365
521	0.970710678
522	1.000000000
523	1.000000000
524	0.970710678
525	0.919454365
526	0.864536886
527	0.835247564
528	0.864536886
529	0.919454365
530	0.970710678
531	1.000000000
532	1.000000000
533	0.970710678
534	0.919454365
535	0.864536886
536	0.835247564
537	0.864536886
538	0.919454365
539	0.970710678
540	1.000000000
541	1.000000000
542	0.970710678
543	0.919454365
544	0.864536886
545	0.835247564
546	0.864536886
547	0.919454365
548	0.970710678
549	1.000000000
550	1.000000000
551	0.970710678
552	0.919454365
553	0.864536886
554	0.835247564
555	0.864536886
556	0.919454365
557	0.970710678
558	1.000000000
559	1.000000000
560	0.970710678
561	0.919454365
562	0.864536886
563	0.835247564
564	0.864536886
565	0.919454365
566	0.970710678
567	1.000000000
568	1.000000000
569	0.970710678
570	0.919454365
571	0.864536886
572	0.835247564
573	0.864536886
574	0.919454365
575	0.970710678
576	1.000000000
577	1.000000000
578	0.970710678
579	0.919454365
580	0.864536886
581	0.835247564
582	0.864536886
583	0.919454365
584	0.970710678
585	1.000000000
586	1.000000000
587	0.970710678
588	0.919454365
589	0.864536886
590	0.835247564
591	0.864536886
592	0.919454365
593	0.970710678
594	1.000000000
595	1.000000000
596	0.970710678
597	0.919454365
598	0.864536886
599	0.835247564
600	0.864536886
601	0.919454365
602	0.970710678
603	1.000000000
604	1.000000000
605	0.970710678
606	0.919454365
607	0.864536886
608	0.835247564
609	0.864536886
610	0.919454365
611	0.970710678
612	1.000000000
613	1.000000000
614	0.970710678
615	0.919454365
616	0.864536886
617	0.835247564
618	0.864536886
619	0.919454365
620	0.970710678
621	1.000000000
622	1.000000000
623	0.970710678
624	0.919454365
625	0.864536886
626	0.835247564
627	0.864536886
628	0.919454365
629	0.970710678
630	1.000000000
631	1.000000000
632	0.970710678
633	0.919454365
634	0.864536886
635	0.835247564
636	0.864536886
637	0.919454365
638	0.970710678
639	1.000000000
640	1.000000000
641	0.970710678
642	0.919454365
643	0.864536886
644	0.835247564
645	0.864536886
646	0.919454365
647	0.970710678
648	1.000000000
649	1.000000000
650	0.970710678
651	0.919454365
652	0.864536886
653	0.835247564
654	0.864536886
655	0.919454365
656	0.970710678
657	1.000000000
658	1.000000000
659	0.970710678
660	0.919454365
661	0.864536886
662	0.835247564
663	0.864536886
664	0.919454365
665	0.970710678
666	1.000000000
667	1.000000000
668	0.970710678
669	0.919454365
670	0.864536886
671	0.835247564
672	0.864536886
673	0.919454365
674	0.970710678
675	1.000000000




%PATCH
1
1 'bspsol' 1
5 'General' 5 0.000000000 4.000000000 8.000000000 12.000000000 16.000000000 6 1 1 1 6 
2 'General' 2 0.000000000 1.000000000 3 3 
5 'General' 21 0.000000000 0.125000000 0.250000000 0.375000000 0.500000000 0.750000000 1.000000000 1.250000000 1.500000000 2.000000000 2.500000000 3.000000000 3.500000000 3.750000000 4.000000000 4.250000000 4.500000000 4.625000000 4.750000000 4.875000000 5.000000000 6 1 1 1 1 1 1 1 1 1 1 1 1 1 1 1 1 1 1 1 6 
1 2 3 4 5 6 7 8 9 10 11 12 13 14 15 16 17 18 19 20 21 22 23 24 25 26 27 28 29 30 31 32 33 34 35 36 37 38 39 40 41 42 43 44 45 46 47 48 49 50 51 52 53 54 55 56 57 58 59 60 61 62 63 64 65 66 67 68 69 70 71 72 73 74 75 76 77 78 79 80 81 82 83 84 85 86 87 88 89 90 91 92 93 94 95 96 97 98 99 100 101 102 103 104 105 106 107 108 109 110 111 112 113 114 115 116 117 118 119 120 121 122 123 124 125 126 127 128 129 130 131 132 133 134 135 136 137 138 139 140 141 142 143 144 145 146 147 148 149 150 151 152 153 154 155 156 157 158 159 160 161 162 163 164 165 166 167 168 169 170 171 172 173 174 175 176 177 178 179 180 181 182 183 184 185 186 187 188 189 190 191 192 193 194 195 196 197 198 199 200 201 202 203 204 205 206 207 208 209 210 211 212 213 214 215 216 217 218 219 220 221 222 223 224 225 226 227 228 229 230 231 232 233 234 235 236 237 238 239 240 241 242 243 244 245 246 247 248 249 250 251 252 253 254 255 256 257 258 259 260 261 262 263 264 265 266 267 268 269 270 271 272 273 274 275 276 277 278 279 280 281 282 283 284 285 286 287 288 289 290 291 292 293 294 295 296 297 298 299 300 301 302 303 304 305 306 307 308 309 310 311 312 313 314 315 316 317 318 319 320 321 322 323 324 325 326 327 328 329 330 331 332 333 334 335 336 337 338 339 340 341 342 343 344 345 346 347 348 349 350 351 352 353 354 355 356 357 358 359 360 361 362 363 364 365 366 367 368 369 370 371 372 373 374 375 376 377 378 379 380 381 382 383 384 385 386 387 388 389 390 391 392 393 394 395 396 397 398 399 400 401 402 403 404 405 406 407 408 409 410 411 412 413 414 415 416 417 418 419 420 421 422 423 424 425 426 427 428 429 430 431 432 433 434 435 436 437 438 439 440 441 442 443 444 445 446 447 448 449 450 451 452 453 454 455 456 457 458 459 460 461 462 463 464 465 466 467 468 469 470 471 472 473 474 475 476 477 478 479 480 481 482 483 484 485 486 487 488 489 490 491 492 493 494 495 496 497 498 499 500 501 502 503 504 505 506 507 508 509 510 511 512 513 514 515 516 517 518 519 520 521 522 523 524 525 526 527 528 529 530 531 532 533 534 535 536 537 538 539 540 541 542 543 544 545 546 547 548 549 550 551 552 553 554 555 556 557 558 559 560 561 562 563 564 565 566 567 568 569 570 571 572 573 574 575 576 577 578 579 580 581 582 583 584 585 586 587 588 589 590 591 592 593 594 595 596 597 598 599 600 601 602 603 604 605 606 607 608 609 610 611 612 613 614 615 616 617 618 619 620 621 622 623 624 625 626 627 628 629 630 631 632 633 634 635 636 637 638 639 640 641 642 643 644 645 646 647 648 649 650 651 652 653 654 655 656 657 658 659 660 661 662 663 664 665 666 667 668 669 670 671 672 673 674 675 

%PATCH.OUTPUT.POINT
29
1	0.00	0.50	0.000
1	0.00	0.50	0.025
1	0.00	0.50	0.050
1	0.00	0.50	0.075
1	0.00	0.50	0.100
1	0.00	0.50	0.125
1	0.00	0.50	0.150
1	0.00	0.50	0.175
1	0.00	0.50	0.200
1	0.00	0.50	0.225
1	0.00	0.50	0.250
1	0.00	0.50	0.275
1	0.00	0.50	0.300
1	0.00	0.50	0.325
1	0.00	0.50	0.350
1	0.00	0.50	0.375
1	0.00	0.50	0.400
1	0.00	0.50	0.425
1	0.00	0.50	0.450
1	0.00	0.50	0.475
1	0.00	0.50	0.500
1	0.00	0.50    0.525
1	0.00	0.50    0.550
1	0.00	0.50    0.575
1	0.00	0.50    0.600
1	0.00	0.50    0.625
1	0.00	0.50    0.650
1	0.00	0.50    0.675
1	0.00	0.50    0.700

%NODE.SUPPORT
192
1 1 1 1 0 0 0
2 1 1 1 0 0 0
3 1 1 1 0 0 0
4 1 1 1 0 0 0
5 1 1 1 0 0 0
6 1 1 1 0 0 0
7 1 1 1 0 0 0
8 1 1 1 0 0 0
9 1 1 1 0 0 0
10 1 1 1 0 0 0
11 1 1 1 0 0 0
12 1 1 1 0 0 0
13 1 1 1 0 0 0
14 1 1 1 0 0 0
15 1 1 1 0 0 0
16 1 1 1 0 0 0
17 1 1 1 0 0 0
18 1 1 1 0 0 0
19 1 1 1 0 0 0
20 1 1 1 0 0 0
21 1 1 1 0 0 0
22 1 1 1 0 0 0
23 1 1 1 0 0 0
24 1 1 1 0 0 0
25 1 1 1 0 0 0
26 1 1 1 0 0 0
27 1 1 1 0 0 0
28 1 0 0 0 0 0
36 0 1 0 0 0 0
37 1 0 0 0 0 0
45 0 1 0 0 0 0
46 1 0 0 0 0 0
54 0 1 0 0 0 0
55 1 0 0 0 0 0
63 0 1 0 0 0 0
64 1 0 0 0 0 0
72 0 1 0 0 0 0
73 1 0 0 0 0 0
81 0 1 0 0 0 0
82 1 0 0 0 0 0
90 0 1 0 0 0 0
91 1 0 0 0 0 0
99 0 1 0 0 0 0
100 1 0 0 0 0 0
108 0 1 0 0 0 0
109 1 0 0 0 0 0
117 0 1 0 0 0 0
118 1 0 0 0 0 0
126 0 1 0 0 0 0
127 1 0 0 0 0 0
135 0 1 0 0 0 0
136 1 0 0 0 0 0
144 0 1 0 0 0 0
145 1 0 0 0 0 0
153 0 1 0 0 0 0
154 1 0 0 0 0 0
162 0 1 0 0 0 0
163 1 0 0 0 0 0
171 0 1 0 0 0 0
172 1 0 0 0 0 0
180 0 1 0 0 0 0
181 1 0 0 0 0 0
189 0 1 0 0 0 0
190 1 0 0 0 0 0
198 0 1 0 0 0 0
199 1 0 0 0 0 0
207 0 1 0 0 0 0
208 1 0 0 0 0 0
216 0 1 0 0 0 0
217 1 0 0 0 0 0
225 0 1 0 0 0 0
226 1 0 0 0 0 0
234 0 1 0 0 0 0
235 1 0 0 0 0 0
243 0 1 0 0 0 0
244 1 0 0 0 0 0
252 0 1 0 0 0 0
253 1 0 0 0 0 0
261 0 1 0 0 0 0
262 1 0 0 0 0 0
270 0 1 0 0 0 0
271 1 0 0 0 0 0
279 0 1 0 0 0 0
280 1 0 0 0 0 0
288 0 1 0 0 0 0
289 1 0 0 0 0 0
297 0 1 0 0 0 0
298 1 0 0 0 0 0
306 0 1 0 0 0 0
307 1 0 0 0 0 0
315 0 1 0 0 0 0
316 1 0 0 0 0 0
324 0 1 0 0 0 0
325 1 0 0 0 0 0
333 0 1 0 0 0 0
334 1 0 0 0 0 0
342 0 1 0 0 0 0
343 1 0 0 0 0 0
351 0 1 0 0 0 0
352 1 0 0 0 0 0
360 0 1 0 0 0 0
361 1 0 0 0 0 0
369 0 1 0 0 0 0
370 1 0 0 0 0 0
378 0 1 0 0 0 0
379 1 0 0 0 0 0
387 0 1 0 0 0 0
388 1 0 0 0 0 0
396 0 1 0 0 0 0
397 1 0 0 0 0 0
405 0 1 0 0 0 0
406 1 0 0 0 0 0
414 0 1 0 0 0 0
415 1 0 0 0 0 0
423 0 1 0 0 0 0
424 1 0 0 0 0 0
432 0 1 0 0 0 0
433 1 0 0 0 0 0
441 0 1 0 0 0 0
442 1 0 0 0 0 0
450 0 1 0 0 0 0
451 1 0 0 0 0 0
459 0 1 0 0 0 0
460 1 0 0 0 0 0
468 0 1 0 0 0 0
469 1 0 0 0 0 0
477 0 1 0 0 0 0
478 1 0 0 0 0 0
486 0 1 0 0 0 0
487 1 0 0 0 0 0
495 0 1 0 0 0 0
496 1 0 0 0 0 0
504 0 1 0 0 0 0
505 1 0 0 0 0 0
513 0 1 0 0 0 0
514 1 0 0 0 0 0
522 0 1 0 0 0 0
523 1 0 0 0 0 0
531 0 1 0 0 0 0
532 1 0 0 0 0 0
540 0 1 0 0 0 0
541 1 0 0 0 0 0
549 0 1 0 0 0 0
550 1 0 0 0 0 0
558 0 1 0 0 0 0
559 1 0 0 0 0 0
567 0 1 0 0 0 0
568 1 0 0 0 0 0
576 0 1 0 0 0 0
577 1 0 0 0 0 0
585 0 1 0 0 0 0
586 1 0 0 0 0 0
594 0 1 0 0 0 0
595 1 0 0 0 0 0
603 0 1 0 0 0 0
604 1 0 0 0 0 0
612 0 1 0 0 0 0
613 1 0 0 0 0 0
621 0 1 0 0 0 0
622 1 0 0 0 0 0
630 0 1 0 0 0 0
631 1 0 0 0 0 0
639 0 1 0 0 0 0
640 1 0 0 0 0 0
648 0 1 0 0 0 0
649 1 1 1 0 0 0
650 1 1 1 0 0 0
651 1 1 1 0 0 0
652 1 1 1 0 0 0
653 1 1 1 0 0 0
654 1 1 1 0 0 0
655 1 1 1 0 0 0
656 1 1 1 0 0 0
657 1 1 1 0 0 0
658 1 1 1 0 0 0
659 1 1 1 0 0 0
660 1 1 1 0 0 0
661 1 1 1 0 0 0
662 1 1 1 0 0 0
663 1 1 1 0 0 0
664 1 1 1 0 0 0
665 1 1 1 0 0 0
666 1 1 1 0 0 0
667 1 1 1 0 0 0
668 1 1 1 0 0 0
669 1 1 1 0 0 0
670 1 1 1 0 0 0
671 1 1 1 0 0 0
672 1 1 1 0 0 0
673 1 1 1 0 0 0
674 1 1 1 0 0 0
675 1 1 1 0 0 0

%MATERIAL
1

%MATERIAL.ISOTROPIC
1
1      1e5    0.20

%SECTION
1

%SECTION.HOMOGENEOUS.ISOTROPIC.3D
1
1    1


%INTEGRATION.ORDER
1
1	6	6	6	6	6	6

%ELEMENT
80


%ELEMENT.BSPLINE.SOLID
80
1 1 1 1 1 1 1
2 1 1 1 2 1 1
3 1 1 1 3 1 1
4 1 1 1 4 1 1
5 1 1 1 1 1 2
6 1 1 1 2 1 2
7 1 1 1 3 1 2
8 1 1 1 4 1 2
9 1 1 1 1 1 3
10 1 1 1 2 1 3
11 1 1 1 3 1 3
12 1 1 1 4 1 3
13 1 1 1 1 1 4
14 1 1 1 2 1 4
15 1 1 1 3 1 4
16 1 1 1 4 1 4
17 1 1 1 1 1 5
18 1 1 1 2 1 5
19 1 1 1 3 1 5
20 1 1 1 4 1 5
21 1 1 1 1 1 6
22 1 1 1 2 1 6
23 1 1 1 3 1 6
24 1 1 1 4 1 6
25 1 1 1 1 1 7
26 1 1 1 2 1 7
27 1 1 1 3 1 7
28 1 1 1 4 1 7
29 1 1 1 1 1 8
30 1 1 1 2 1 8
31 1 1 1 3 1 8
32 1 1 1 4 1 8
33 1 1 1 1 1 9
34 1 1 1 2 1 9
35 1 1 1 3 1 9
36 1 1 1 4 1 9
37 1 1 1 1 1 10
38 1 1 1 2 1 10
39 1 1 1 3 1 10
40 1 1 1 4 1 10
41 1 1 1 1 1 11
42 1 1 1 2 1 11
43 1 1 1 3 1 11
44 1 1 1 4 1 11
45 1 1 1 1 1 12
46 1 1 1 2 1 12
47 1 1 1 3 1 12
48 1 1 1 4 1 12
49 1 1 1 1 1 13
50 1 1 1 2 1 13
51 1 1 1 3 1 13
52 1 1 1 4 1 13
53 1 1 1 1 1 14
54 1 1 1 2 1 14
55 1 1 1 3 1 14
56 1 1 1 4 1 14
57 1 1 1 1 1 15
58 1 1 1 2 1 15
59 1 1 1 3 1 15
60 1 1 1 4 1 15
61 1 1 1 1 1 16
62 1 1 1 2 1 16
63 1 1 1 3 1 16
64 1 1 1 4 1 16
65 1 1 1 1 1 17
66 1 1 1 2 1 17
67 1 1 1 3 1 17
68 1 1 1 4 1 17
69 1 1 1 1 1 18
70 1 1 1 2 1 18
71 1 1 1 3 1 18
72 1 1 1 4 1 18
73 1 1 1 1 1 19
74 1 1 1 2 1 19
75 1 1 1 3 1 19
76 1 1 1 4 1 19
77 1 1 1 1 1 20
78 1 1 1 2 1 20
79 1 1 1 3 1 20
80 1 1 1 4 1 20


%LOAD.CASE.AREA.IGA.UNIFORM
80
1 'Below' 1 0.000000000 0.000000000 -1.000000000
2 'Below' 1 0.000000000 0.000000000 -1.000000000
3 'Below' 1 0.000000000 0.000000000 -1.000000000
4 'Below' 1 0.000000000 0.000000000 -1.000000000
5 'Below' 1 0.000000000 0.000000000 -1.000000000
6 'Below' 1 0.000000000 0.000000000 -1.000000000
7 'Below' 1 0.000000000 0.000000000 -1.000000000
8 'Below' 1 0.000000000 0.000000000 -1.000000000
9 'Below' 1 0.000000000 0.000000000 -1.000000000
10 'Below' 1 0.000000000 0.000000000 -1.000000000
11 'Below' 1 0.000000000 0.000000000 -1.000000000
12 'Below' 1 0.000000000 0.000000000 -1.000000000
13 'Below' 1 0.000000000 0.000000000 -1.000000000
14 'Below' 1 0.000000000 0.000000000 -1.000000000
15 'Below' 1 0.000000000 0.000000000 -1.000000000
16 'Below' 1 0.000000000 0.000000000 -1.000000000
17 'Below' 1 0.000000000 0.000000000 -1.000000000
18 'Below' 1 0.000000000 0.000000000 -1.000000000
19 'Below' 1 0.000000000 0.000000000 -1.000000000
20 'Below' 1 0.000000000 0.000000000 -1.000000000
21 'Below' 1 0.000000000 0.000000000 -1.000000000
22 'Below' 1 0.000000000 0.000000000 -1.000000000
23 'Below' 1 0.000000000 0.000000000 -1.000000000
24 'Below' 1 0.000000000 0.000000000 -1.000000000
25 'Below' 1 0.000000000 0.000000000 -1.000000000
26 'Below' 1 0.000000000 0.000000000 -1.000000000
27 'Below' 1 0.000000000 0.000000000 -1.000000000
28 'Below' 1 0.000000000 0.000000000 -1.000000000
29 'Below' 1 0.000000000 0.000000000 -1.000000000
30 'Below' 1 0.000000000 0.000000000 -1.000000000
31 'Below' 1 0.000000000 0.000000000 -1.000000000
32 'Below' 1 0.000000000 0.000000000 -1.000000000
33 'Below' 1 0.000000000 0.000000000 -1.000000000
34 'Below' 1 0.000000000 0.000000000 -1.000000000
35 'Below' 1 0.000000000 0.000000000 -1.000000000
36 'Below' 1 0.000000000 0.000000000 -1.000000000
37 'Below' 1 0.000000000 0.000000000 -1.000000000
38 'Below' 1 0.000000000 0.000000000 -1.000000000
39 'Below' 1 0.000000000 0.000000000 -1.000000000
40 'Below' 1 0.000000000 0.000000000 -1.000000000
41 'Below' 1 0.000000000 0.000000000 -1.000000000
42 'Below' 1 0.000000000 0.000000000 -1.000000000
43 'Below' 1 0.000000000 0.000000000 -1.000000000
44 'Below' 1 0.000000000 0.000000000 -1.000000000
45 'Below' 1 0.000000000 0.000000000 -1.000000000
46 'Below' 1 0.000000000 0.000000000 -1.000000000
47 'Below' 1 0.000000000 0.000000000 -1.000000000
48 'Below' 1 0.000000000 0.000000000 -1.000000000
49 'Below' 1 0.000000000 0.000000000 -1.000000000
50 'Below' 1 0.000000000 0.000000000 -1.000000000
51 'Below' 1 0.000000000 0.000000000 -1.000000000
52 'Below' 1 0.000000000 0.000000000 -1.000000000
53 'Below' 1 0.000000000 0.000000000 -1.000000000
54 'Below' 1 0.000000000 0.000000000 -1.000000000
55 'Below' 1 0.000000000 0.000000000 -1.000000000
56 'Below' 1 0.000000000 0.000000000 -1.000000000
57 'Below' 1 0.000000000 0.000000000 -1.000000000
58 'Below' 1 0.000000000 0.000000000 -1.000000000
59 'Below' 1 0.000000000 0.000000000 -1.000000000
60 'Below' 1 0.000000000 0.000000000 -1.000000000
61 'Below' 1 0.000000000 0.000000000 -1.000000000
62 'Below' 1 0.000000000 0.000000000 -1.000000000
63 'Below' 1 0.000000000 0.000000000 -1.000000000
64 'Below' 1 0.000000000 0.000000000 -1.000000000
65 'Below' 1 0.000000000 0.000000000 -1.000000000
66 'Below' 1 0.000000000 0.000000000 -1.000000000
67 'Below' 1 0.000000000 0.000000000 -1.000000000
68 'Below' 1 0.000000000 0.000000000 -1.000000000
69 'Below' 1 0.000000000 0.000000000 -1.000000000
70 'Below' 1 0.000000000 0.000000000 -1.000000000
71 'Below' 1 0.000000000 0.000000000 -1.000000000
72 'Below' 1 0.000000000 0.000000000 -1.000000000
73 'Below' 1 0.000000000 0.000000000 -1.000000000
74 'Below' 1 0.000000000 0.000000000 -1.000000000
75 'Below' 1 0.000000000 0.000000000 -1.000000000
76 'Below' 1 0.000000000 0.000000000 -1.000000000
77 'Below' 1 0.000000000 0.000000000 -1.000000000
78 'Below' 1 0.000000000 0.000000000 -1.000000000
79 'Below' 1 0.000000000 0.000000000 -1.000000000
80 'Below' 1 0.000000000 0.000000000 -1.000000000


%END
