%HEADER
----------------------------------------------------------------------------
Hinged cylindrical roof under concentrated load.
----------------------------------------------------------------------------
Limit load and associated displacement (Node 2):
h       Pref   wref     Plim    wlim    Step
6.35   585.9  12.892   583.23  13.077  27/85
12.7  2226.3  11.293  2213.20  10.595  26/52

The expected load-displacement curves are in the file BenchmarksSze2004.xlsx
----------------------------------------------------------------------------
Ref: Sze, K. Y.; Liu, X. H.; Lo, S. H. (2004) "Popular benchmark problems
for geometric nonlinear analysis of shells. Finite Element in Analysis and 
Design, v. 40, n. 11, p. 1551–1569.
----------------------------------------------------------------------------

%HEADER.ANALYSIS.ALGORITHM
'clal'

%HEADER.ANALYSIS.MAXIMUM.STEPS
85
52

%HEADER.ANALYSIS.STEP.FACTOR
10.0

%HEADER.ANALYSIS.MAXIMUM.ITERATIONS
30

%HEADER.ANALYSIS.TARGET.ITERATIONS
4

%HEADER.ANALYSIS.TOLERANCE
1.0e-05

%NODE
833

%NODE.COORD
833
1     +0.00000000e+00   +0.00000000e+00   +1.26894500e+01
2     +0.00000000e+00   +2.54000000e+02   +1.26894500e+01
3     -2.53576874e+02   +2.54000000e+02   +0.00000000e+00
4     -2.53576874e+02   +0.00000000e+00   +0.00000000e+00
5     +0.00000000e+00   +5.08000000e+02   +1.26894500e+01
6     +2.53576874e+02   +2.54000000e+02   +0.00000000e+00
7     +2.53576874e+02   +5.08000000e+02   +0.00000000e+00
8     -2.53576874e+02   +5.08000000e+02   +0.00000000e+00
9     +2.53576874e+02   +0.00000000e+00   +0.00000000e+00
10    +0.00000000e+00   +3.17500000e+01   +1.26894500e+01
11    +0.00000000e+00   +6.35000000e+01   +1.26894500e+01
12    +0.00000000e+00   +9.52500000e+01   +1.26894500e+01
13    +0.00000000e+00   +1.27000000e+02   +1.26894500e+01
14    +0.00000000e+00   +1.58750000e+02   +1.26894500e+01
15    +0.00000000e+00   +1.90500000e+02   +1.26894500e+01
16    +0.00000000e+00   +2.22250000e+02   +1.26894500e+01
17    -3.17491741e+01   +2.54000000e+02   +1.24909600e+01
18    -6.34933853e+01   +2.54000000e+02   +1.18957500e+01
19    -9.52276764e+01   +2.54000000e+02   +1.09038100e+01
20    -1.26947090e+02   +2.54000000e+02   +9.51513000e+00
21    -1.58646667e+02   +2.54000000e+02   +7.73022000e+00
22    -1.90321457e+02   +2.54000000e+02   +5.54907000e+00
23    -2.21966507e+02   +2.54000000e+02   +2.97216000e+00
24    -2.53576874e+02   +2.22250000e+02   +0.00000000e+00
25    -2.53576874e+02   +1.90500000e+02   +0.00000000e+00
26    -2.53576874e+02   +1.58750000e+02   +0.00000000e+00
27    -2.53576874e+02   +1.27000000e+02   +0.00000000e+00
28    -2.53576874e+02   +9.52500000e+01   +0.00000000e+00
29    -2.53576874e+02   +6.35000000e+01   +0.00000000e+00
30    -2.53576874e+02   +3.17500000e+01   +0.00000000e+00
31    -2.21966507e+02   +0.00000000e+00   +2.97216000e+00
32    -1.90321457e+02   +0.00000000e+00   +5.54907000e+00
33    -1.58646667e+02   +0.00000000e+00   +7.73022000e+00
34    -1.26947090e+02   +0.00000000e+00   +9.51513000e+00
35    -9.52276764e+01   +0.00000000e+00   +1.09038100e+01
36    -6.34933853e+01   +0.00000000e+00   +1.18957500e+01
37    -3.17491741e+01   +0.00000000e+00   +1.24909600e+01
38    +0.00000000e+00   +4.76250000e+02   +1.26894500e+01
39    +0.00000000e+00   +4.44500000e+02   +1.26894500e+01
40    +0.00000000e+00   +4.12750000e+02   +1.26894500e+01
41    +0.00000000e+00   +3.81000000e+02   +1.26894500e+01
42    +0.00000000e+00   +3.49250000e+02   +1.26894500e+01
43    +0.00000000e+00   +3.17500000e+02   +1.26894500e+01
44    +0.00000000e+00   +2.85750000e+02   +1.26894500e+01
45    +3.17491741e+01   +2.54000000e+02   +1.24909600e+01
46    +6.34933853e+01   +2.54000000e+02   +1.18957500e+01
47    +9.52276764e+01   +2.54000000e+02   +1.09038100e+01
48    +1.26947090e+02   +2.54000000e+02   +9.51513000e+00
49    +1.58646667e+02   +2.54000000e+02   +7.73022000e+00
50    +1.90321457e+02   +2.54000000e+02   +5.54907000e+00
51    +2.21966507e+02   +2.54000000e+02   +2.97216000e+00
52    +2.53576874e+02   +2.85750000e+02   +0.00000000e+00
53    +2.53576874e+02   +3.17500000e+02   +0.00000000e+00
54    +2.53576874e+02   +3.49250000e+02   +0.00000000e+00
55    +2.53576874e+02   +3.81000000e+02   +0.00000000e+00
56    +2.53576874e+02   +4.12750000e+02   +0.00000000e+00
57    +2.53576874e+02   +4.44500000e+02   +0.00000000e+00
58    +2.53576874e+02   +4.76250000e+02   +0.00000000e+00
59    +2.21966507e+02   +5.08000000e+02   +2.97216000e+00
60    +1.90321457e+02   +5.08000000e+02   +5.54907000e+00
61    +1.58646667e+02   +5.08000000e+02   +7.73022000e+00
62    +1.26947090e+02   +5.08000000e+02   +9.51513000e+00
63    +9.52276764e+01   +5.08000000e+02   +1.09038100e+01
64    +6.34933853e+01   +5.08000000e+02   +1.18957500e+01
65    +3.17491741e+01   +5.08000000e+02   +1.24909600e+01
66    -3.17491741e+01   +5.08000000e+02   +1.24909600e+01
67    -6.34933853e+01   +5.08000000e+02   +1.18957500e+01
68    -9.52276764e+01   +5.08000000e+02   +1.09038100e+01
69    -1.26947090e+02   +5.08000000e+02   +9.51513000e+00
70    -1.58646667e+02   +5.08000000e+02   +7.73022000e+00
71    -1.90321457e+02   +5.08000000e+02   +5.54907000e+00
72    -2.21966507e+02   +5.08000000e+02   +2.97216000e+00
73    -2.53576874e+02   +4.76250000e+02   +0.00000000e+00
74    -2.53576874e+02   +4.44500000e+02   +0.00000000e+00
75    -2.53576874e+02   +4.12750000e+02   +0.00000000e+00
76    -2.53576874e+02   +3.81000000e+02   +0.00000000e+00
77    -2.53576874e+02   +3.49250000e+02   +0.00000000e+00
78    -2.53576874e+02   +3.17500000e+02   +0.00000000e+00
79    -2.53576874e+02   +2.85750000e+02   +0.00000000e+00
80    +3.17491741e+01   +0.00000000e+00   +1.24909600e+01
81    +6.34933853e+01   +0.00000000e+00   +1.18957500e+01
82    +9.52276764e+01   +0.00000000e+00   +1.09038100e+01
83    +1.26947090e+02   +0.00000000e+00   +9.51513000e+00
84    +1.58646667e+02   +0.00000000e+00   +7.73022000e+00
85    +1.90321457e+02   +0.00000000e+00   +5.54907000e+00
86    +2.21966507e+02   +0.00000000e+00   +2.97216000e+00
87    +2.53576874e+02   +3.17500000e+01   +0.00000000e+00
88    +2.53576874e+02   +6.35000000e+01   +0.00000000e+00
89    +2.53576874e+02   +9.52500000e+01   +0.00000000e+00
90    +2.53576874e+02   +1.27000000e+02   +0.00000000e+00
91    +2.53576874e+02   +1.58750000e+02   +0.00000000e+00
92    +2.53576874e+02   +1.90500000e+02   +0.00000000e+00
93    +2.53576874e+02   +2.22250000e+02   +0.00000000e+00
94    -3.17491741e+01   +3.17500000e+01   +1.24909600e+01
95    -3.17491741e+01   +6.35000000e+01   +1.24909600e+01
96    -3.17491741e+01   +9.52500000e+01   +1.24909600e+01
97    -3.17491741e+01   +1.27000000e+02   +1.24909600e+01
98    -3.17491741e+01   +1.58750000e+02   +1.24909600e+01
99    -3.17491741e+01   +1.90500000e+02   +1.24909600e+01
100   -3.17491741e+01   +2.22250000e+02   +1.24909600e+01
101   -6.34933853e+01   +3.17500000e+01   +1.18957500e+01
102   -6.34933853e+01   +6.35000000e+01   +1.18957500e+01
103   -6.34933853e+01   +9.52500000e+01   +1.18957500e+01
104   -6.34933853e+01   +1.27000000e+02   +1.18957500e+01
105   -6.34933853e+01   +1.58750000e+02   +1.18957500e+01
106   -6.34933853e+01   +1.90500000e+02   +1.18957500e+01
107   -6.34933853e+01   +2.22250000e+02   +1.18957500e+01
108   -9.52276764e+01   +3.17500000e+01   +1.09038100e+01
109   -9.52276764e+01   +6.35000000e+01   +1.09038100e+01
110   -9.52276764e+01   +9.52500000e+01   +1.09038100e+01
111   -9.52276764e+01   +1.27000000e+02   +1.09038100e+01
112   -9.52276764e+01   +1.58750000e+02   +1.09038100e+01
113   -9.52276764e+01   +1.90500000e+02   +1.09038100e+01
114   -9.52276764e+01   +2.22250000e+02   +1.09038100e+01
115   -1.26947090e+02   +3.17500000e+01   +9.51513000e+00
116   -1.26947090e+02   +6.35000000e+01   +9.51513000e+00
117   -1.26947090e+02   +9.52500000e+01   +9.51513000e+00
118   -1.26947090e+02   +1.27000000e+02   +9.51513000e+00
119   -1.26947090e+02   +1.58750000e+02   +9.51513000e+00
120   -1.26947090e+02   +1.90500000e+02   +9.51513000e+00
121   -1.26947090e+02   +2.22250000e+02   +9.51513000e+00
122   -1.58646667e+02   +3.17500000e+01   +7.73022000e+00
123   -1.58646667e+02   +6.35000000e+01   +7.73022000e+00
124   -1.58646667e+02   +9.52500000e+01   +7.73022000e+00
125   -1.58646667e+02   +1.27000000e+02   +7.73022000e+00
126   -1.58646667e+02   +1.58750000e+02   +7.73022000e+00
127   -1.58646667e+02   +1.90500000e+02   +7.73022000e+00
128   -1.58646667e+02   +2.22250000e+02   +7.73022000e+00
129   -1.90321457e+02   +3.17500000e+01   +5.54907000e+00
130   -1.90321457e+02   +6.35000000e+01   +5.54907000e+00
131   -1.90321457e+02   +9.52500000e+01   +5.54907000e+00
132   -1.90321457e+02   +1.27000000e+02   +5.54907000e+00
133   -1.90321457e+02   +1.58750000e+02   +5.54907000e+00
134   -1.90321457e+02   +1.90500000e+02   +5.54907000e+00
135   -1.90321457e+02   +2.22250000e+02   +5.54907000e+00
136   -2.21966507e+02   +3.17500000e+01   +2.97216000e+00
137   -2.21966507e+02   +6.35000000e+01   +2.97216000e+00
138   -2.21966507e+02   +9.52500000e+01   +2.97216000e+00
139   -2.21966507e+02   +1.27000000e+02   +2.97216000e+00
140   -2.21966507e+02   +1.58750000e+02   +2.97216000e+00
141   -2.21966507e+02   +1.90500000e+02   +2.97216000e+00
142   -2.21966507e+02   +2.22250000e+02   +2.97216000e+00
143   +3.17491741e+01   +4.76250000e+02   +1.24909600e+01
144   +3.17491741e+01   +4.44500000e+02   +1.24909600e+01
145   +3.17491741e+01   +4.12750000e+02   +1.24909600e+01
146   +3.17491741e+01   +3.81000000e+02   +1.24909600e+01
147   +3.17491741e+01   +3.49250000e+02   +1.24909600e+01
148   +3.17491741e+01   +3.17500000e+02   +1.24909600e+01
149   +3.17491741e+01   +2.85750000e+02   +1.24909600e+01
150   +6.34933853e+01   +4.76250000e+02   +1.18957500e+01
151   +6.34933853e+01   +4.44500000e+02   +1.18957500e+01
152   +6.34933853e+01   +4.12750000e+02   +1.18957500e+01
153   +6.34933853e+01   +3.81000000e+02   +1.18957500e+01
154   +6.34933853e+01   +3.49250000e+02   +1.18957500e+01
155   +6.34933853e+01   +3.17500000e+02   +1.18957500e+01
156   +6.34933853e+01   +2.85750000e+02   +1.18957500e+01
157   +9.52276764e+01   +4.76250000e+02   +1.09038100e+01
158   +9.52276764e+01   +4.44500000e+02   +1.09038100e+01
159   +9.52276764e+01   +4.12750000e+02   +1.09038100e+01
160   +9.52276764e+01   +3.81000000e+02   +1.09038100e+01
161   +9.52276764e+01   +3.49250000e+02   +1.09038100e+01
162   +9.52276764e+01   +3.17500000e+02   +1.09038100e+01
163   +9.52276764e+01   +2.85750000e+02   +1.09038100e+01
164   +1.26947090e+02   +4.76250000e+02   +9.51513000e+00
165   +1.26947090e+02   +4.44500000e+02   +9.51513000e+00
166   +1.26947090e+02   +4.12750000e+02   +9.51513000e+00
167   +1.26947090e+02   +3.81000000e+02   +9.51513000e+00
168   +1.26947090e+02   +3.49250000e+02   +9.51513000e+00
169   +1.26947090e+02   +3.17500000e+02   +9.51513000e+00
170   +1.26947090e+02   +2.85750000e+02   +9.51513000e+00
171   +1.58646667e+02   +4.76250000e+02   +7.73022000e+00
172   +1.58646667e+02   +4.44500000e+02   +7.73022000e+00
173   +1.58646667e+02   +4.12750000e+02   +7.73022000e+00
174   +1.58646667e+02   +3.81000000e+02   +7.73022000e+00
175   +1.58646667e+02   +3.49250000e+02   +7.73022000e+00
176   +1.58646667e+02   +3.17500000e+02   +7.73022000e+00
177   +1.58646667e+02   +2.85750000e+02   +7.73022000e+00
178   +1.90321457e+02   +4.76250000e+02   +5.54907000e+00
179   +1.90321457e+02   +4.44500000e+02   +5.54907000e+00
180   +1.90321457e+02   +4.12750000e+02   +5.54907000e+00
181   +1.90321457e+02   +3.81000000e+02   +5.54907000e+00
182   +1.90321457e+02   +3.49250000e+02   +5.54907000e+00
183   +1.90321457e+02   +3.17500000e+02   +5.54907000e+00
184   +1.90321457e+02   +2.85750000e+02   +5.54907000e+00
185   +2.21966507e+02   +4.76250000e+02   +2.97216000e+00
186   +2.21966507e+02   +4.44500000e+02   +2.97216000e+00
187   +2.21966507e+02   +4.12750000e+02   +2.97216000e+00
188   +2.21966507e+02   +3.81000000e+02   +2.97216000e+00
189   +2.21966507e+02   +3.49250000e+02   +2.97216000e+00
190   +2.21966507e+02   +3.17500000e+02   +2.97216000e+00
191   +2.21966507e+02   +2.85750000e+02   +2.97216000e+00
192   -3.17491741e+01   +2.85750000e+02   +1.24909600e+01
193   -3.17491741e+01   +3.17500000e+02   +1.24909600e+01
194   -3.17491741e+01   +3.49250000e+02   +1.24909600e+01
195   -3.17491741e+01   +3.81000000e+02   +1.24909600e+01
196   -3.17491741e+01   +4.12750000e+02   +1.24909600e+01
197   -3.17491741e+01   +4.44500000e+02   +1.24909600e+01
198   -3.17491741e+01   +4.76250000e+02   +1.24909600e+01
199   -6.34933853e+01   +2.85750000e+02   +1.18957500e+01
200   -6.34933853e+01   +3.17500000e+02   +1.18957500e+01
201   -6.34933853e+01   +3.49250000e+02   +1.18957500e+01
202   -6.34933853e+01   +3.81000000e+02   +1.18957500e+01
203   -6.34933853e+01   +4.12750000e+02   +1.18957500e+01
204   -6.34933853e+01   +4.44500000e+02   +1.18957500e+01
205   -6.34933853e+01   +4.76250000e+02   +1.18957500e+01
206   -9.52276764e+01   +2.85750000e+02   +1.09038100e+01
207   -9.52276764e+01   +3.17500000e+02   +1.09038100e+01
208   -9.52276764e+01   +3.49250000e+02   +1.09038100e+01
209   -9.52276764e+01   +3.81000000e+02   +1.09038100e+01
210   -9.52276764e+01   +4.12750000e+02   +1.09038100e+01
211   -9.52276764e+01   +4.44500000e+02   +1.09038100e+01
212   -9.52276764e+01   +4.76250000e+02   +1.09038100e+01
213   -1.26947090e+02   +2.85750000e+02   +9.51513000e+00
214   -1.26947090e+02   +3.17500000e+02   +9.51513000e+00
215   -1.26947090e+02   +3.49250000e+02   +9.51513000e+00
216   -1.26947090e+02   +3.81000000e+02   +9.51513000e+00
217   -1.26947090e+02   +4.12750000e+02   +9.51513000e+00
218   -1.26947090e+02   +4.44500000e+02   +9.51513000e+00
219   -1.26947090e+02   +4.76250000e+02   +9.51513000e+00
220   -1.58646667e+02   +2.85750000e+02   +7.73022000e+00
221   -1.58646667e+02   +3.17500000e+02   +7.73022000e+00
222   -1.58646667e+02   +3.49250000e+02   +7.73022000e+00
223   -1.58646667e+02   +3.81000000e+02   +7.73022000e+00
224   -1.58646667e+02   +4.12750000e+02   +7.73022000e+00
225   -1.58646667e+02   +4.44500000e+02   +7.73022000e+00
226   -1.58646667e+02   +4.76250000e+02   +7.73022000e+00
227   -1.90321457e+02   +2.85750000e+02   +5.54907000e+00
228   -1.90321457e+02   +3.17500000e+02   +5.54907000e+00
229   -1.90321457e+02   +3.49250000e+02   +5.54907000e+00
230   -1.90321457e+02   +3.81000000e+02   +5.54907000e+00
231   -1.90321457e+02   +4.12750000e+02   +5.54907000e+00
232   -1.90321457e+02   +4.44500000e+02   +5.54907000e+00
233   -1.90321457e+02   +4.76250000e+02   +5.54907000e+00
234   -2.21966507e+02   +2.85750000e+02   +2.97216000e+00
235   -2.21966507e+02   +3.17500000e+02   +2.97216000e+00
236   -2.21966507e+02   +3.49250000e+02   +2.97216000e+00
237   -2.21966507e+02   +3.81000000e+02   +2.97216000e+00
238   -2.21966507e+02   +4.12750000e+02   +2.97216000e+00
239   -2.21966507e+02   +4.44500000e+02   +2.97216000e+00
240   -2.21966507e+02   +4.76250000e+02   +2.97216000e+00
241   +3.17491741e+01   +2.22250000e+02   +1.24909600e+01
242   +3.17491741e+01   +1.90500000e+02   +1.24909600e+01
243   +3.17491741e+01   +1.58750000e+02   +1.24909600e+01
244   +3.17491741e+01   +1.27000000e+02   +1.24909600e+01
245   +3.17491741e+01   +9.52500000e+01   +1.24909600e+01
246   +3.17491741e+01   +6.35000000e+01   +1.24909600e+01
247   +3.17491741e+01   +3.17500000e+01   +1.24909600e+01
248   +6.34933853e+01   +2.22250000e+02   +1.18957500e+01
249   +6.34933853e+01   +1.90500000e+02   +1.18957500e+01
250   +6.34933853e+01   +1.58750000e+02   +1.18957500e+01
251   +6.34933853e+01   +1.27000000e+02   +1.18957500e+01
252   +6.34933853e+01   +9.52500000e+01   +1.18957500e+01
253   +6.34933853e+01   +6.35000000e+01   +1.18957500e+01
254   +6.34933853e+01   +3.17500000e+01   +1.18957500e+01
255   +9.52276764e+01   +2.22250000e+02   +1.09038100e+01
256   +9.52276764e+01   +1.90500000e+02   +1.09038100e+01
257   +9.52276764e+01   +1.58750000e+02   +1.09038100e+01
258   +9.52276764e+01   +1.27000000e+02   +1.09038100e+01
259   +9.52276764e+01   +9.52500000e+01   +1.09038100e+01
260   +9.52276764e+01   +6.35000000e+01   +1.09038100e+01
261   +9.52276764e+01   +3.17500000e+01   +1.09038100e+01
262   +1.26947090e+02   +2.22250000e+02   +9.51513000e+00
263   +1.26947090e+02   +1.90500000e+02   +9.51513000e+00
264   +1.26947090e+02   +1.58750000e+02   +9.51513000e+00
265   +1.26947090e+02   +1.27000000e+02   +9.51513000e+00
266   +1.26947090e+02   +9.52500000e+01   +9.51513000e+00
267   +1.26947090e+02   +6.35000000e+01   +9.51513000e+00
268   +1.26947090e+02   +3.17500000e+01   +9.51513000e+00
269   +1.58646667e+02   +2.22250000e+02   +7.73022000e+00
270   +1.58646667e+02   +1.90500000e+02   +7.73022000e+00
271   +1.58646667e+02   +1.58750000e+02   +7.73022000e+00
272   +1.58646667e+02   +1.27000000e+02   +7.73022000e+00
273   +1.58646667e+02   +9.52500000e+01   +7.73022000e+00
274   +1.58646667e+02   +6.35000000e+01   +7.73022000e+00
275   +1.58646667e+02   +3.17500000e+01   +7.73022000e+00
276   +1.90321457e+02   +2.22250000e+02   +5.54907000e+00
277   +1.90321457e+02   +1.90500000e+02   +5.54907000e+00
278   +1.90321457e+02   +1.58750000e+02   +5.54907000e+00
279   +1.90321457e+02   +1.27000000e+02   +5.54907000e+00
280   +1.90321457e+02   +9.52500000e+01   +5.54907000e+00
281   +1.90321457e+02   +6.35000000e+01   +5.54907000e+00
282   +1.90321457e+02   +3.17500000e+01   +5.54907000e+00
283   +2.21966507e+02   +2.22250000e+02   +2.97216000e+00
284   +2.21966507e+02   +1.90500000e+02   +2.97216000e+00
285   +2.21966507e+02   +1.58750000e+02   +2.97216000e+00
286   +2.21966507e+02   +1.27000000e+02   +2.97216000e+00
287   +2.21966507e+02   +9.52500000e+01   +2.97216000e+00
288   +2.21966507e+02   +6.35000000e+01   +2.97216000e+00
289   +2.21966507e+02   +3.17500000e+01   +2.97216000e+00
290   +0.00000000e+00   +1.58750000e+01   +1.26894500e+01
291   -1.58748960e+01   +3.17500000e+01   +1.26398900e+01
292   -3.17491741e+01   +1.58750000e+01   +1.24909600e+01
293   -1.58748970e+01   +0.00000000e+00   +1.26398900e+01
294   +0.00000000e+00   +4.76250000e+01   +1.26894500e+01
295   -1.58748960e+01   +6.35000000e+01   +1.26398900e+01
296   -3.17491741e+01   +4.76250000e+01   +1.24909600e+01
297   +0.00000000e+00   +7.93750000e+01   +1.26894500e+01
298   -1.58748960e+01   +9.52500000e+01   +1.26398900e+01
299   -3.17491741e+01   +7.93750000e+01   +1.24909600e+01
300   +0.00000000e+00   +1.11125000e+02   +1.26894500e+01
301   -1.58748960e+01   +1.27000000e+02   +1.26398900e+01
302   -3.17491741e+01   +1.11125000e+02   +1.24909600e+01
303   +0.00000000e+00   +1.42875000e+02   +1.26894500e+01
304   -1.58748960e+01   +1.58750000e+02   +1.26398900e+01
305   -3.17491741e+01   +1.42875000e+02   +1.24909600e+01
306   +0.00000000e+00   +1.74625000e+02   +1.26894500e+01
307   -1.58748960e+01   +1.90500000e+02   +1.26398900e+01
308   -3.17491741e+01   +1.74625000e+02   +1.24909600e+01
309   +0.00000000e+00   +2.06375000e+02   +1.26894500e+01
310   -1.58748960e+01   +2.22250000e+02   +1.26398900e+01
311   -3.17491741e+01   +2.06375000e+02   +1.24909600e+01
312   +0.00000000e+00   +2.38125000e+02   +1.26894500e+01
313   -1.58748970e+01   +2.54000000e+02   +1.26398900e+01
314   -3.17491741e+01   +2.38125000e+02   +1.24909600e+01
315   -4.76222115e+01   +3.17500000e+01   +1.22429200e+01
316   -6.34933853e+01   +1.58750000e+01   +1.18957500e+01
317   -4.76222115e+01   +0.00000000e+00   +1.22429200e+01
318   -4.76222115e+01   +6.35000000e+01   +1.22429200e+01
319   -6.34933853e+01   +4.76250000e+01   +1.18957500e+01
320   -4.76222115e+01   +9.52500000e+01   +1.22429200e+01
321   -6.34933853e+01   +7.93750000e+01   +1.18957500e+01
322   -4.76222115e+01   +1.27000000e+02   +1.22429200e+01
323   -6.34933853e+01   +1.11125000e+02   +1.18957500e+01
324   -4.76222115e+01   +1.58750000e+02   +1.22429200e+01
325   -6.34933853e+01   +1.42875000e+02   +1.18957500e+01
326   -4.76222115e+01   +1.90500000e+02   +1.22429200e+01
327   -6.34933853e+01   +1.74625000e+02   +1.18957500e+01
328   -4.76222115e+01   +2.22250000e+02   +1.22429200e+01
329   -6.34933853e+01   +2.06375000e+02   +1.18957500e+01
330   -4.76222115e+01   +2.54000000e+02   +1.22429200e+01
331   -6.34933853e+01   +2.38125000e+02   +1.18957500e+01
332   -7.93620758e+01   +3.17500000e+01   +1.14492200e+01
333   -9.52276764e+01   +1.58750000e+01   +1.09038100e+01
334   -7.93620758e+01   +0.00000000e+00   +1.14492200e+01
335   -7.93620758e+01   +6.35000000e+01   +1.14492200e+01
336   -9.52276764e+01   +4.76250000e+01   +1.09038100e+01
337   -7.93620758e+01   +9.52500000e+01   +1.14492200e+01
338   -9.52276764e+01   +7.93750000e+01   +1.09038100e+01
339   -7.93620758e+01   +1.27000000e+02   +1.14492200e+01
340   -9.52276764e+01   +1.11125000e+02   +1.09038100e+01
341   -7.93620758e+01   +1.58750000e+02   +1.14492200e+01
342   -9.52276764e+01   +1.42875000e+02   +1.09038100e+01
343   -7.93620758e+01   +1.90500000e+02   +1.14492200e+01
344   -9.52276764e+01   +1.74625000e+02   +1.09038100e+01
345   -7.93620758e+01   +2.22250000e+02   +1.14492200e+01
346   -9.52276764e+01   +2.06375000e+02   +1.09038100e+01
347   -7.93620758e+01   +2.54000000e+02   +1.14492200e+01
348   -9.52276764e+01   +2.38125000e+02   +1.09038100e+01
349   -1.11089554e+02   +3.17500000e+01   +1.02590300e+01
350   -1.26947090e+02   +1.58750000e+01   +9.51513000e+00
351   -1.11089554e+02   +0.00000000e+00   +1.02590300e+01
352   -1.11089554e+02   +6.35000000e+01   +1.02590300e+01
353   -1.26947090e+02   +4.76250000e+01   +9.51513000e+00
354   -1.11089554e+02   +9.52500000e+01   +1.02590300e+01
355   -1.26947090e+02   +7.93750000e+01   +9.51513000e+00
356   -1.11089554e+02   +1.27000000e+02   +1.02590300e+01
357   -1.26947090e+02   +1.11125000e+02   +9.51513000e+00
358   -1.11089554e+02   +1.58750000e+02   +1.02590300e+01
359   -1.26947090e+02   +1.42875000e+02   +9.51513000e+00
360   -1.11089554e+02   +1.90500000e+02   +1.02590300e+01
361   -1.26947090e+02   +1.74625000e+02   +9.51513000e+00
362   -1.11089554e+02   +2.22250000e+02   +1.02590300e+01
363   -1.26947090e+02   +2.06375000e+02   +9.51513000e+00
364   -1.11089554e+02   +2.54000000e+02   +1.02590300e+01
365   -1.26947090e+02   +2.38125000e+02   +9.51513000e+00
366   -1.42799667e+02   +3.17500000e+01   +8.67212000e+00
367   -1.58646667e+02   +1.58750000e+01   +7.73022000e+00
368   -1.42799667e+02   +0.00000000e+00   +8.67212000e+00
369   -1.42799667e+02   +6.35000000e+01   +8.67212000e+00
370   -1.58646667e+02   +4.76250000e+01   +7.73022000e+00
371   -1.42799667e+02   +9.52500000e+01   +8.67212000e+00
372   -1.58646667e+02   +7.93750000e+01   +7.73022000e+00
373   -1.42799667e+02   +1.27000000e+02   +8.67212000e+00
374   -1.58646667e+02   +1.11125000e+02   +7.73022000e+00
375   -1.42799667e+02   +1.58750000e+02   +8.67212000e+00
376   -1.58646667e+02   +1.42875000e+02   +7.73022000e+00
377   -1.42799667e+02   +1.90500000e+02   +8.67212000e+00
378   -1.58646667e+02   +1.74625000e+02   +7.73022000e+00
379   -1.42799667e+02   +2.22250000e+02   +8.67212000e+00
380   -1.58646667e+02   +2.06375000e+02   +7.73022000e+00
381   -1.42799667e+02   +2.54000000e+02   +8.67212000e+00
382   -1.58646667e+02   +2.38125000e+02   +7.73022000e+00
383   -1.74487473e+02   +3.17500000e+01   +6.68896000e+00
384   -1.90321457e+02   +1.58750000e+01   +5.54907000e+00
385   -1.74487473e+02   +0.00000000e+00   +6.68896000e+00
386   -1.74487473e+02   +6.35000000e+01   +6.68896000e+00
387   -1.90321457e+02   +4.76250000e+01   +5.54907000e+00
388   -1.74487473e+02   +9.52500000e+01   +6.68896000e+00
389   -1.90321457e+02   +7.93750000e+01   +5.54907000e+00
390   -1.74487473e+02   +1.27000000e+02   +6.68896000e+00
391   -1.90321457e+02   +1.11125000e+02   +5.54907000e+00
392   -1.74487473e+02   +1.58750000e+02   +6.68896000e+00
393   -1.90321457e+02   +1.42875000e+02   +5.54907000e+00
394   -1.74487473e+02   +1.90500000e+02   +6.68896000e+00
395   -1.90321457e+02   +1.74625000e+02   +5.54907000e+00
396   -1.74487473e+02   +2.22250000e+02   +6.68896000e+00
397   -1.90321457e+02   +2.06375000e+02   +5.54907000e+00
398   -1.74487473e+02   +2.54000000e+02   +6.68896000e+00
399   -1.90321457e+02   +2.38125000e+02   +5.54907000e+00
400   -2.06147995e+02   +3.17500000e+01   +4.31006000e+00
401   -2.21966507e+02   +1.58750000e+01   +2.97216000e+00
402   -2.06148010e+02   +0.00000000e+00   +4.31006000e+00
403   -2.06147995e+02   +6.35000000e+01   +4.31006000e+00
404   -2.21966507e+02   +4.76250000e+01   +2.97216000e+00
405   -2.06147995e+02   +9.52500000e+01   +4.31006000e+00
406   -2.21966507e+02   +7.93750000e+01   +2.97216000e+00
407   -2.06147995e+02   +1.27000000e+02   +4.31006000e+00
408   -2.21966507e+02   +1.11125000e+02   +2.97216000e+00
409   -2.06147995e+02   +1.58750000e+02   +4.31006000e+00
410   -2.21966507e+02   +1.42875000e+02   +2.97216000e+00
411   -2.06147995e+02   +1.90500000e+02   +4.31006000e+00
412   -2.21966507e+02   +1.74625000e+02   +2.97216000e+00
413   -2.06147995e+02   +2.22250000e+02   +4.31006000e+00
414   -2.21966507e+02   +2.06375000e+02   +2.97216000e+00
415   -2.06148010e+02   +2.54000000e+02   +4.31006000e+00
416   -2.21966507e+02   +2.38125000e+02   +2.97216000e+00
417   -2.37776352e+02   +3.17500000e+01   +1.53540000e+00
418   -2.53576874e+02   +1.58750000e+01   +0.00000000e+00
419   -2.37776337e+02   +0.00000000e+00   +1.53540000e+00
420   -2.37776352e+02   +6.35000000e+01   +1.53540000e+00
421   -2.53576874e+02   +4.76250000e+01   +0.00000000e+00
422   -2.37776352e+02   +9.52500000e+01   +1.53540000e+00
423   -2.53576874e+02   +7.93750000e+01   +0.00000000e+00
424   -2.37776352e+02   +1.27000000e+02   +1.53540000e+00
425   -2.53576874e+02   +1.11125000e+02   +0.00000000e+00
426   -2.37776352e+02   +1.58750000e+02   +1.53540000e+00
427   -2.53576874e+02   +1.42875000e+02   +0.00000000e+00
428   -2.37776352e+02   +1.90500000e+02   +1.53540000e+00
429   -2.53576874e+02   +1.74625000e+02   +0.00000000e+00
430   -2.37776352e+02   +2.22250000e+02   +1.53540000e+00
431   -2.53576874e+02   +2.06375000e+02   +0.00000000e+00
432   -2.37776337e+02   +2.54000000e+02   +1.53540000e+00
433   -2.53576874e+02   +2.38125000e+02   +0.00000000e+00
434   +0.00000000e+00   +4.92125000e+02   +1.26894500e+01
435   +1.58748960e+01   +4.76250000e+02   +1.26398900e+01
436   +3.17491741e+01   +4.92125000e+02   +1.24909600e+01
437   +1.58748970e+01   +5.08000000e+02   +1.26398900e+01
438   +0.00000000e+00   +4.60375000e+02   +1.26894500e+01
439   +1.58748960e+01   +4.44500000e+02   +1.26398900e+01
440   +3.17491741e+01   +4.60375000e+02   +1.24909600e+01
441   +0.00000000e+00   +4.28625000e+02   +1.26894500e+01
442   +1.58748960e+01   +4.12750000e+02   +1.26398900e+01
443   +3.17491741e+01   +4.28625000e+02   +1.24909600e+01
444   +0.00000000e+00   +3.96875000e+02   +1.26894500e+01
445   +1.58748960e+01   +3.81000000e+02   +1.26398900e+01
446   +3.17491741e+01   +3.96875000e+02   +1.24909600e+01
447   +0.00000000e+00   +3.65125000e+02   +1.26894500e+01
448   +1.58748960e+01   +3.49250000e+02   +1.26398900e+01
449   +3.17491741e+01   +3.65125000e+02   +1.24909600e+01
450   +0.00000000e+00   +3.33375000e+02   +1.26894500e+01
451   +1.58748960e+01   +3.17500000e+02   +1.26398900e+01
452   +3.17491741e+01   +3.33375000e+02   +1.24909600e+01
453   +0.00000000e+00   +3.01625000e+02   +1.26894500e+01
454   +1.58748960e+01   +2.85750000e+02   +1.26398900e+01
455   +3.17491741e+01   +3.01625000e+02   +1.24909600e+01
456   +0.00000000e+00   +2.69875000e+02   +1.26894500e+01
457   +1.58748970e+01   +2.54000000e+02   +1.26398900e+01
458   +3.17491741e+01   +2.69875000e+02   +1.24909600e+01
459   +4.76222115e+01   +4.76250000e+02   +1.22429200e+01
460   +6.34933853e+01   +4.92125000e+02   +1.18957500e+01
461   +4.76222115e+01   +5.08000000e+02   +1.22429200e+01
462   +4.76222115e+01   +4.44500000e+02   +1.22429200e+01
463   +6.34933853e+01   +4.60375000e+02   +1.18957500e+01
464   +4.76222115e+01   +4.12750000e+02   +1.22429200e+01
465   +6.34933853e+01   +4.28625000e+02   +1.18957500e+01
466   +4.76222115e+01   +3.81000000e+02   +1.22429200e+01
467   +6.34933853e+01   +3.96875000e+02   +1.18957500e+01
468   +4.76222115e+01   +3.49250000e+02   +1.22429200e+01
469   +6.34933853e+01   +3.65125000e+02   +1.18957500e+01
470   +4.76222115e+01   +3.17500000e+02   +1.22429200e+01
471   +6.34933853e+01   +3.33375000e+02   +1.18957500e+01
472   +4.76222115e+01   +2.85750000e+02   +1.22429200e+01
473   +6.34933853e+01   +3.01625000e+02   +1.18957500e+01
474   +4.76222115e+01   +2.54000000e+02   +1.22429200e+01
475   +6.34933853e+01   +2.69875000e+02   +1.18957500e+01
476   +7.93620758e+01   +4.76250000e+02   +1.14492200e+01
477   +9.52276764e+01   +4.92125000e+02   +1.09038100e+01
478   +7.93620758e+01   +5.08000000e+02   +1.14492200e+01
479   +7.93620758e+01   +4.44500000e+02   +1.14492200e+01
480   +9.52276764e+01   +4.60375000e+02   +1.09038100e+01
481   +7.93620758e+01   +4.12750000e+02   +1.14492200e+01
482   +9.52276764e+01   +4.28625000e+02   +1.09038100e+01
483   +7.93620758e+01   +3.81000000e+02   +1.14492200e+01
484   +9.52276764e+01   +3.96875000e+02   +1.09038100e+01
485   +7.93620758e+01   +3.49250000e+02   +1.14492200e+01
486   +9.52276764e+01   +3.65125000e+02   +1.09038100e+01
487   +7.93620758e+01   +3.17500000e+02   +1.14492200e+01
488   +9.52276764e+01   +3.33375000e+02   +1.09038100e+01
489   +7.93620758e+01   +2.85750000e+02   +1.14492200e+01
490   +9.52276764e+01   +3.01625000e+02   +1.09038100e+01
491   +7.93620758e+01   +2.54000000e+02   +1.14492200e+01
492   +9.52276764e+01   +2.69875000e+02   +1.09038100e+01
493   +1.11089554e+02   +4.76250000e+02   +1.02590300e+01
494   +1.26947090e+02   +4.92125000e+02   +9.51513000e+00
495   +1.11089554e+02   +5.08000000e+02   +1.02590300e+01
496   +1.11089554e+02   +4.44500000e+02   +1.02590300e+01
497   +1.26947090e+02   +4.60375000e+02   +9.51513000e+00
498   +1.11089554e+02   +4.12750000e+02   +1.02590300e+01
499   +1.26947090e+02   +4.28625000e+02   +9.51513000e+00
500   +1.11089554e+02   +3.81000000e+02   +1.02590300e+01
501   +1.26947090e+02   +3.96875000e+02   +9.51513000e+00
502   +1.11089554e+02   +3.49250000e+02   +1.02590300e+01
503   +1.26947090e+02   +3.65125000e+02   +9.51513000e+00
504   +1.11089554e+02   +3.17500000e+02   +1.02590300e+01
505   +1.26947090e+02   +3.33375000e+02   +9.51513000e+00
506   +1.11089554e+02   +2.85750000e+02   +1.02590300e+01
507   +1.26947090e+02   +3.01625000e+02   +9.51513000e+00
508   +1.11089554e+02   +2.54000000e+02   +1.02590300e+01
509   +1.26947090e+02   +2.69875000e+02   +9.51513000e+00
510   +1.42799667e+02   +4.76250000e+02   +8.67212000e+00
511   +1.58646667e+02   +4.92125000e+02   +7.73022000e+00
512   +1.42799667e+02   +5.08000000e+02   +8.67212000e+00
513   +1.42799667e+02   +4.44500000e+02   +8.67212000e+00
514   +1.58646667e+02   +4.60375000e+02   +7.73022000e+00
515   +1.42799667e+02   +4.12750000e+02   +8.67212000e+00
516   +1.58646667e+02   +4.28625000e+02   +7.73022000e+00
517   +1.42799667e+02   +3.81000000e+02   +8.67212000e+00
518   +1.58646667e+02   +3.96875000e+02   +7.73022000e+00
519   +1.42799667e+02   +3.49250000e+02   +8.67212000e+00
520   +1.58646667e+02   +3.65125000e+02   +7.73022000e+00
521   +1.42799667e+02   +3.17500000e+02   +8.67212000e+00
522   +1.58646667e+02   +3.33375000e+02   +7.73022000e+00
523   +1.42799667e+02   +2.85750000e+02   +8.67212000e+00
524   +1.58646667e+02   +3.01625000e+02   +7.73022000e+00
525   +1.42799667e+02   +2.54000000e+02   +8.67212000e+00
526   +1.58646667e+02   +2.69875000e+02   +7.73022000e+00
527   +1.74487473e+02   +4.76250000e+02   +6.68896000e+00
528   +1.90321457e+02   +4.92125000e+02   +5.54907000e+00
529   +1.74487473e+02   +5.08000000e+02   +6.68896000e+00
530   +1.74487473e+02   +4.44500000e+02   +6.68896000e+00
531   +1.90321457e+02   +4.60375000e+02   +5.54907000e+00
532   +1.74487473e+02   +4.12750000e+02   +6.68896000e+00
533   +1.90321457e+02   +4.28625000e+02   +5.54907000e+00
534   +1.74487473e+02   +3.81000000e+02   +6.68896000e+00
535   +1.90321457e+02   +3.96875000e+02   +5.54907000e+00
536   +1.74487473e+02   +3.49250000e+02   +6.68896000e+00
537   +1.90321457e+02   +3.65125000e+02   +5.54907000e+00
538   +1.74487473e+02   +3.17500000e+02   +6.68896000e+00
539   +1.90321457e+02   +3.33375000e+02   +5.54907000e+00
540   +1.74487473e+02   +2.85750000e+02   +6.68896000e+00
541   +1.90321457e+02   +3.01625000e+02   +5.54907000e+00
542   +1.74487473e+02   +2.54000000e+02   +6.68896000e+00
543   +1.90321457e+02   +2.69875000e+02   +5.54907000e+00
544   +2.06147995e+02   +4.76250000e+02   +4.31006000e+00
545   +2.21966507e+02   +4.92125000e+02   +2.97216000e+00
546   +2.06148010e+02   +5.08000000e+02   +4.31006000e+00
547   +2.06147995e+02   +4.44500000e+02   +4.31006000e+00
548   +2.21966507e+02   +4.60375000e+02   +2.97216000e+00
549   +2.06147995e+02   +4.12750000e+02   +4.31006000e+00
550   +2.21966507e+02   +4.28625000e+02   +2.97216000e+00
551   +2.06147995e+02   +3.81000000e+02   +4.31006000e+00
552   +2.21966507e+02   +3.96875000e+02   +2.97216000e+00
553   +2.06147995e+02   +3.49250000e+02   +4.31006000e+00
554   +2.21966507e+02   +3.65125000e+02   +2.97216000e+00
555   +2.06147995e+02   +3.17500000e+02   +4.31006000e+00
556   +2.21966507e+02   +3.33375000e+02   +2.97216000e+00
557   +2.06147995e+02   +2.85750000e+02   +4.31006000e+00
558   +2.21966507e+02   +3.01625000e+02   +2.97216000e+00
559   +2.06148010e+02   +2.54000000e+02   +4.31006000e+00
560   +2.21966507e+02   +2.69875000e+02   +2.97216000e+00
561   +2.37776352e+02   +4.76250000e+02   +1.53540000e+00
562   +2.53576874e+02   +4.92125000e+02   +0.00000000e+00
563   +2.37776337e+02   +5.08000000e+02   +1.53540000e+00
564   +2.37776352e+02   +4.44500000e+02   +1.53540000e+00
565   +2.53576874e+02   +4.60375000e+02   +0.00000000e+00
566   +2.37776352e+02   +4.12750000e+02   +1.53540000e+00
567   +2.53576874e+02   +4.28625000e+02   +0.00000000e+00
568   +2.37776352e+02   +3.81000000e+02   +1.53540000e+00
569   +2.53576874e+02   +3.96875000e+02   +0.00000000e+00
570   +2.37776352e+02   +3.49250000e+02   +1.53540000e+00
571   +2.53576874e+02   +3.65125000e+02   +0.00000000e+00
572   +2.37776352e+02   +3.17500000e+02   +1.53540000e+00
573   +2.53576874e+02   +3.33375000e+02   +0.00000000e+00
574   +2.37776352e+02   +2.85750000e+02   +1.53540000e+00
575   +2.53576874e+02   +3.01625000e+02   +0.00000000e+00
576   +2.37776337e+02   +2.54000000e+02   +1.53540000e+00
577   +2.53576874e+02   +2.69875000e+02   +0.00000000e+00
578   -1.58748960e+01   +2.85750000e+02   +1.26398900e+01
579   -3.17491741e+01   +2.69875000e+02   +1.24909600e+01
580   -1.58748960e+01   +3.17500000e+02   +1.26398900e+01
581   -3.17491741e+01   +3.01625000e+02   +1.24909600e+01
582   -1.58748960e+01   +3.49250000e+02   +1.26398900e+01
583   -3.17491741e+01   +3.33375000e+02   +1.24909600e+01
584   -1.58748960e+01   +3.81000000e+02   +1.26398900e+01
585   -3.17491741e+01   +3.65125000e+02   +1.24909600e+01
586   -1.58748960e+01   +4.12750000e+02   +1.26398900e+01
587   -3.17491741e+01   +3.96875000e+02   +1.24909600e+01
588   -1.58748960e+01   +4.44500000e+02   +1.26398900e+01
589   -3.17491741e+01   +4.28625000e+02   +1.24909600e+01
590   -1.58748960e+01   +4.76250000e+02   +1.26398900e+01
591   -3.17491741e+01   +4.60375000e+02   +1.24909600e+01
592   -1.58748970e+01   +5.08000000e+02   +1.26398900e+01
593   -3.17491741e+01   +4.92125000e+02   +1.24909600e+01
594   -4.76222115e+01   +2.85750000e+02   +1.22429200e+01
595   -6.34933853e+01   +2.69875000e+02   +1.18957500e+01
596   -4.76222115e+01   +3.17500000e+02   +1.22429200e+01
597   -6.34933853e+01   +3.01625000e+02   +1.18957500e+01
598   -4.76222115e+01   +3.49250000e+02   +1.22429200e+01
599   -6.34933853e+01   +3.33375000e+02   +1.18957500e+01
600   -4.76222115e+01   +3.81000000e+02   +1.22429200e+01
601   -6.34933853e+01   +3.65125000e+02   +1.18957500e+01
602   -4.76222115e+01   +4.12750000e+02   +1.22429200e+01
603   -6.34933853e+01   +3.96875000e+02   +1.18957500e+01
604   -4.76222115e+01   +4.44500000e+02   +1.22429200e+01
605   -6.34933853e+01   +4.28625000e+02   +1.18957500e+01
606   -4.76222115e+01   +4.76250000e+02   +1.22429200e+01
607   -6.34933853e+01   +4.60375000e+02   +1.18957500e+01
608   -4.76222115e+01   +5.08000000e+02   +1.22429200e+01
609   -6.34933853e+01   +4.92125000e+02   +1.18957500e+01
610   -7.93620758e+01   +2.85750000e+02   +1.14492200e+01
611   -9.52276764e+01   +2.69875000e+02   +1.09038100e+01
612   -7.93620758e+01   +3.17500000e+02   +1.14492200e+01
613   -9.52276764e+01   +3.01625000e+02   +1.09038100e+01
614   -7.93620758e+01   +3.49250000e+02   +1.14492200e+01
615   -9.52276764e+01   +3.33375000e+02   +1.09038100e+01
616   -7.93620758e+01   +3.81000000e+02   +1.14492200e+01
617   -9.52276764e+01   +3.65125000e+02   +1.09038100e+01
618   -7.93620758e+01   +4.12750000e+02   +1.14492200e+01
619   -9.52276764e+01   +3.96875000e+02   +1.09038100e+01
620   -7.93620758e+01   +4.44500000e+02   +1.14492200e+01
621   -9.52276764e+01   +4.28625000e+02   +1.09038100e+01
622   -7.93620758e+01   +4.76250000e+02   +1.14492200e+01
623   -9.52276764e+01   +4.60375000e+02   +1.09038100e+01
624   -7.93620758e+01   +5.08000000e+02   +1.14492200e+01
625   -9.52276764e+01   +4.92125000e+02   +1.09038100e+01
626   -1.11089554e+02   +2.85750000e+02   +1.02590300e+01
627   -1.26947090e+02   +2.69875000e+02   +9.51513000e+00
628   -1.11089554e+02   +3.17500000e+02   +1.02590300e+01
629   -1.26947090e+02   +3.01625000e+02   +9.51513000e+00
630   -1.11089554e+02   +3.49250000e+02   +1.02590300e+01
631   -1.26947090e+02   +3.33375000e+02   +9.51513000e+00
632   -1.11089554e+02   +3.81000000e+02   +1.02590300e+01
633   -1.26947090e+02   +3.65125000e+02   +9.51513000e+00
634   -1.11089554e+02   +4.12750000e+02   +1.02590300e+01
635   -1.26947090e+02   +3.96875000e+02   +9.51513000e+00
636   -1.11089554e+02   +4.44500000e+02   +1.02590300e+01
637   -1.26947090e+02   +4.28625000e+02   +9.51513000e+00
638   -1.11089554e+02   +4.76250000e+02   +1.02590300e+01
639   -1.26947090e+02   +4.60375000e+02   +9.51513000e+00
640   -1.11089554e+02   +5.08000000e+02   +1.02590300e+01
641   -1.26947090e+02   +4.92125000e+02   +9.51513000e+00
642   -1.42799667e+02   +2.85750000e+02   +8.67212000e+00
643   -1.58646667e+02   +2.69875000e+02   +7.73022000e+00
644   -1.42799667e+02   +3.17500000e+02   +8.67212000e+00
645   -1.58646667e+02   +3.01625000e+02   +7.73022000e+00
646   -1.42799667e+02   +3.49250000e+02   +8.67212000e+00
647   -1.58646667e+02   +3.33375000e+02   +7.73022000e+00
648   -1.42799667e+02   +3.81000000e+02   +8.67212000e+00
649   -1.58646667e+02   +3.65125000e+02   +7.73022000e+00
650   -1.42799667e+02   +4.12750000e+02   +8.67212000e+00
651   -1.58646667e+02   +3.96875000e+02   +7.73022000e+00
652   -1.42799667e+02   +4.44500000e+02   +8.67212000e+00
653   -1.58646667e+02   +4.28625000e+02   +7.73022000e+00
654   -1.42799667e+02   +4.76250000e+02   +8.67212000e+00
655   -1.58646667e+02   +4.60375000e+02   +7.73022000e+00
656   -1.42799667e+02   +5.08000000e+02   +8.67212000e+00
657   -1.58646667e+02   +4.92125000e+02   +7.73022000e+00
658   -1.74487473e+02   +2.85750000e+02   +6.68896000e+00
659   -1.90321457e+02   +2.69875000e+02   +5.54907000e+00
660   -1.74487473e+02   +3.17500000e+02   +6.68896000e+00
661   -1.90321457e+02   +3.01625000e+02   +5.54907000e+00
662   -1.74487473e+02   +3.49250000e+02   +6.68896000e+00
663   -1.90321457e+02   +3.33375000e+02   +5.54907000e+00
664   -1.74487473e+02   +3.81000000e+02   +6.68896000e+00
665   -1.90321457e+02   +3.65125000e+02   +5.54907000e+00
666   -1.74487473e+02   +4.12750000e+02   +6.68896000e+00
667   -1.90321457e+02   +3.96875000e+02   +5.54907000e+00
668   -1.74487473e+02   +4.44500000e+02   +6.68896000e+00
669   -1.90321457e+02   +4.28625000e+02   +5.54907000e+00
670   -1.74487473e+02   +4.76250000e+02   +6.68896000e+00
671   -1.90321457e+02   +4.60375000e+02   +5.54907000e+00
672   -1.74487473e+02   +5.08000000e+02   +6.68896000e+00
673   -1.90321457e+02   +4.92125000e+02   +5.54907000e+00
674   -2.06147995e+02   +2.85750000e+02   +4.31006000e+00
675   -2.21966507e+02   +2.69875000e+02   +2.97216000e+00
676   -2.06147995e+02   +3.17500000e+02   +4.31006000e+00
677   -2.21966507e+02   +3.01625000e+02   +2.97216000e+00
678   -2.06147995e+02   +3.49250000e+02   +4.31006000e+00
679   -2.21966507e+02   +3.33375000e+02   +2.97216000e+00
680   -2.06147995e+02   +3.81000000e+02   +4.31006000e+00
681   -2.21966507e+02   +3.65125000e+02   +2.97216000e+00
682   -2.06147995e+02   +4.12750000e+02   +4.31006000e+00
683   -2.21966507e+02   +3.96875000e+02   +2.97216000e+00
684   -2.06147995e+02   +4.44500000e+02   +4.31006000e+00
685   -2.21966507e+02   +4.28625000e+02   +2.97216000e+00
686   -2.06147995e+02   +4.76250000e+02   +4.31006000e+00
687   -2.21966507e+02   +4.60375000e+02   +2.97216000e+00
688   -2.06148010e+02   +5.08000000e+02   +4.31006000e+00
689   -2.21966507e+02   +4.92125000e+02   +2.97216000e+00
690   -2.37776352e+02   +2.85750000e+02   +1.53540000e+00
691   -2.53576874e+02   +2.69875000e+02   +0.00000000e+00
692   -2.37776352e+02   +3.17500000e+02   +1.53540000e+00
693   -2.53576874e+02   +3.01625000e+02   +0.00000000e+00
694   -2.37776352e+02   +3.49250000e+02   +1.53540000e+00
695   -2.53576874e+02   +3.33375000e+02   +0.00000000e+00
696   -2.37776352e+02   +3.81000000e+02   +1.53540000e+00
697   -2.53576874e+02   +3.65125000e+02   +0.00000000e+00
698   -2.37776352e+02   +4.12750000e+02   +1.53540000e+00
699   -2.53576874e+02   +3.96875000e+02   +0.00000000e+00
700   -2.37776352e+02   +4.44500000e+02   +1.53540000e+00
701   -2.53576874e+02   +4.28625000e+02   +0.00000000e+00
702   -2.37776352e+02   +4.76250000e+02   +1.53540000e+00
703   -2.53576874e+02   +4.60375000e+02   +0.00000000e+00
704   -2.37776337e+02   +5.08000000e+02   +1.53540000e+00
705   -2.53576874e+02   +4.92125000e+02   +0.00000000e+00
706   +1.58748960e+01   +2.22250000e+02   +1.26398900e+01
707   +3.17491741e+01   +2.38125000e+02   +1.24909600e+01
708   +1.58748960e+01   +1.90500000e+02   +1.26398900e+01
709   +3.17491741e+01   +2.06375000e+02   +1.24909600e+01
710   +1.58748960e+01   +1.58750000e+02   +1.26398900e+01
711   +3.17491741e+01   +1.74625000e+02   +1.24909600e+01
712   +1.58748960e+01   +1.27000000e+02   +1.26398900e+01
713   +3.17491741e+01   +1.42875000e+02   +1.24909600e+01
714   +1.58748960e+01   +9.52500000e+01   +1.26398900e+01
715   +3.17491741e+01   +1.11125000e+02   +1.24909600e+01
716   +1.58748960e+01   +6.35000000e+01   +1.26398900e+01
717   +3.17491741e+01   +7.93750000e+01   +1.24909600e+01
718   +1.58748960e+01   +3.17500000e+01   +1.26398900e+01
719   +3.17491741e+01   +4.76250000e+01   +1.24909600e+01
720   +1.58748970e+01   +0.00000000e+00   +1.26398900e+01
721   +3.17491741e+01   +1.58750000e+01   +1.24909600e+01
722   +4.76222115e+01   +2.22250000e+02   +1.22429200e+01
723   +6.34933853e+01   +2.38125000e+02   +1.18957500e+01
724   +4.76222115e+01   +1.90500000e+02   +1.22429200e+01
725   +6.34933853e+01   +2.06375000e+02   +1.18957500e+01
726   +4.76222115e+01   +1.58750000e+02   +1.22429200e+01
727   +6.34933853e+01   +1.74625000e+02   +1.18957500e+01
728   +4.76222115e+01   +1.27000000e+02   +1.22429200e+01
729   +6.34933853e+01   +1.42875000e+02   +1.18957500e+01
730   +4.76222115e+01   +9.52500000e+01   +1.22429200e+01
731   +6.34933853e+01   +1.11125000e+02   +1.18957500e+01
732   +4.76222115e+01   +6.35000000e+01   +1.22429200e+01
733   +6.34933853e+01   +7.93750000e+01   +1.18957500e+01
734   +4.76222115e+01   +3.17500000e+01   +1.22429200e+01
735   +6.34933853e+01   +4.76250000e+01   +1.18957500e+01
736   +4.76222115e+01   +0.00000000e+00   +1.22429200e+01
737   +6.34933853e+01   +1.58750000e+01   +1.18957500e+01
738   +7.93620758e+01   +2.22250000e+02   +1.14492200e+01
739   +9.52276764e+01   +2.38125000e+02   +1.09038100e+01
740   +7.93620758e+01   +1.90500000e+02   +1.14492200e+01
741   +9.52276764e+01   +2.06375000e+02   +1.09038100e+01
742   +7.93620758e+01   +1.58750000e+02   +1.14492200e+01
743   +9.52276764e+01   +1.74625000e+02   +1.09038100e+01
744   +7.93620758e+01   +1.27000000e+02   +1.14492200e+01
745   +9.52276764e+01   +1.42875000e+02   +1.09038100e+01
746   +7.93620758e+01   +9.52500000e+01   +1.14492200e+01
747   +9.52276764e+01   +1.11125000e+02   +1.09038100e+01
748   +7.93620758e+01   +6.35000000e+01   +1.14492200e+01
749   +9.52276764e+01   +7.93750000e+01   +1.09038100e+01
750   +7.93620758e+01   +3.17500000e+01   +1.14492200e+01
751   +9.52276764e+01   +4.76250000e+01   +1.09038100e+01
752   +7.93620758e+01   +0.00000000e+00   +1.14492200e+01
753   +9.52276764e+01   +1.58750000e+01   +1.09038100e+01
754   +1.11089554e+02   +2.22250000e+02   +1.02590300e+01
755   +1.26947090e+02   +2.38125000e+02   +9.51513000e+00
756   +1.11089554e+02   +1.90500000e+02   +1.02590300e+01
757   +1.26947090e+02   +2.06375000e+02   +9.51513000e+00
758   +1.11089554e+02   +1.58750000e+02   +1.02590300e+01
759   +1.26947090e+02   +1.74625000e+02   +9.51513000e+00
760   +1.11089554e+02   +1.27000000e+02   +1.02590300e+01
761   +1.26947090e+02   +1.42875000e+02   +9.51513000e+00
762   +1.11089554e+02   +9.52500000e+01   +1.02590300e+01
763   +1.26947090e+02   +1.11125000e+02   +9.51513000e+00
764   +1.11089554e+02   +6.35000000e+01   +1.02590300e+01
765   +1.26947090e+02   +7.93750000e+01   +9.51513000e+00
766   +1.11089554e+02   +3.17500000e+01   +1.02590300e+01
767   +1.26947090e+02   +4.76250000e+01   +9.51513000e+00
768   +1.11089554e+02   +0.00000000e+00   +1.02590300e+01
769   +1.26947090e+02   +1.58750000e+01   +9.51513000e+00
770   +1.42799667e+02   +2.22250000e+02   +8.67212000e+00
771   +1.58646667e+02   +2.38125000e+02   +7.73022000e+00
772   +1.42799667e+02   +1.90500000e+02   +8.67212000e+00
773   +1.58646667e+02   +2.06375000e+02   +7.73022000e+00
774   +1.42799667e+02   +1.58750000e+02   +8.67212000e+00
775   +1.58646667e+02   +1.74625000e+02   +7.73022000e+00
776   +1.42799667e+02   +1.27000000e+02   +8.67212000e+00
777   +1.58646667e+02   +1.42875000e+02   +7.73022000e+00
778   +1.42799667e+02   +9.52500000e+01   +8.67212000e+00
779   +1.58646667e+02   +1.11125000e+02   +7.73022000e+00
780   +1.42799667e+02   +6.35000000e+01   +8.67212000e+00
781   +1.58646667e+02   +7.93750000e+01   +7.73022000e+00
782   +1.42799667e+02   +3.17500000e+01   +8.67212000e+00
783   +1.58646667e+02   +4.76250000e+01   +7.73022000e+00
784   +1.42799667e+02   +0.00000000e+00   +8.67212000e+00
785   +1.58646667e+02   +1.58750000e+01   +7.73022000e+00
786   +1.74487473e+02   +2.22250000e+02   +6.68896000e+00
787   +1.90321457e+02   +2.38125000e+02   +5.54907000e+00
788   +1.74487473e+02   +1.90500000e+02   +6.68896000e+00
789   +1.90321457e+02   +2.06375000e+02   +5.54907000e+00
790   +1.74487473e+02   +1.58750000e+02   +6.68896000e+00
791   +1.90321457e+02   +1.74625000e+02   +5.54907000e+00
792   +1.74487473e+02   +1.27000000e+02   +6.68896000e+00
793   +1.90321457e+02   +1.42875000e+02   +5.54907000e+00
794   +1.74487473e+02   +9.52500000e+01   +6.68896000e+00
795   +1.90321457e+02   +1.11125000e+02   +5.54907000e+00
796   +1.74487473e+02   +6.35000000e+01   +6.68896000e+00
797   +1.90321457e+02   +7.93750000e+01   +5.54907000e+00
798   +1.74487473e+02   +3.17500000e+01   +6.68896000e+00
799   +1.90321457e+02   +4.76250000e+01   +5.54907000e+00
800   +1.74487473e+02   +0.00000000e+00   +6.68896000e+00
801   +1.90321457e+02   +1.58750000e+01   +5.54907000e+00
802   +2.06147995e+02   +2.22250000e+02   +4.31006000e+00
803   +2.21966507e+02   +2.38125000e+02   +2.97216000e+00
804   +2.06147995e+02   +1.90500000e+02   +4.31006000e+00
805   +2.21966507e+02   +2.06375000e+02   +2.97216000e+00
806   +2.06147995e+02   +1.58750000e+02   +4.31006000e+00
807   +2.21966507e+02   +1.74625000e+02   +2.97216000e+00
808   +2.06147995e+02   +1.27000000e+02   +4.31006000e+00
809   +2.21966507e+02   +1.42875000e+02   +2.97216000e+00
810   +2.06147995e+02   +9.52500000e+01   +4.31006000e+00
811   +2.21966507e+02   +1.11125000e+02   +2.97216000e+00
812   +2.06147995e+02   +6.35000000e+01   +4.31006000e+00
813   +2.21966507e+02   +7.93750000e+01   +2.97216000e+00
814   +2.06147995e+02   +3.17500000e+01   +4.31006000e+00
815   +2.21966507e+02   +4.76250000e+01   +2.97216000e+00
816   +2.06148010e+02   +0.00000000e+00   +4.31006000e+00
817   +2.21966507e+02   +1.58750000e+01   +2.97216000e+00
818   +2.37776352e+02   +2.22250000e+02   +1.53540000e+00
819   +2.53576874e+02   +2.38125000e+02   +0.00000000e+00
820   +2.37776352e+02   +1.90500000e+02   +1.53540000e+00
821   +2.53576874e+02   +2.06375000e+02   +0.00000000e+00
822   +2.37776352e+02   +1.58750000e+02   +1.53540000e+00
823   +2.53576874e+02   +1.74625000e+02   +0.00000000e+00
824   +2.37776352e+02   +1.27000000e+02   +1.53540000e+00
825   +2.53576874e+02   +1.42875000e+02   +0.00000000e+00
826   +2.37776352e+02   +9.52500000e+01   +1.53540000e+00
827   +2.53576874e+02   +1.11125000e+02   +0.00000000e+00
828   +2.37776352e+02   +6.35000000e+01   +1.53540000e+00
829   +2.53576874e+02   +7.93750000e+01   +0.00000000e+00
830   +2.37776352e+02   +3.17500000e+01   +1.53540000e+00
831   +2.53576874e+02   +4.76250000e+01   +0.00000000e+00
832   +2.37776337e+02   +0.00000000e+00   +1.53540000e+00
833   +2.53576874e+02   +1.58750000e+01   +0.00000000e+00

%NODE.SOLVER.ORDER
833
25    610   630   1     659   332   439   830   49    76
127   176   227   288   483   558   612   615   618   621
624   627   631   578   503   308   248   196   146   51
4     7     10    13    16    19    22    660   654   648
645   641   638   637   585   533   475   345   342   338
335   346   361   376   391   406   421   436   442   447
451   458   522   555   608   696   733   764   789   808
825   832   826   816   800   778   750   716   676   28
31    34    37    40    43    46    96    103   153   203
253   264   317   73    130   179   228   290   485   560
70    133   182   231   293   488   563   67    136   185
234   296   491   566   64    139   188   237   299   494
569   61    142   191   240   302   497   572   58    144
194   243   305   500   575   54    147   200   246   309
504   579   606   601   599   596   594   591   588   556
551   547   544   542   539   536   524   517   516   512
508   480   477   460   434   419   404   389   375   359
454   432   417   402   387   372   357   449   428   413
398   383   368   354   444   425   410   395   380   365
350   651   682   684   687   690   693   697   661   703
721   724   727   730   734   664   705   739   755   759
762   765   668   707   741   770   783   787   792   670
710   744   773   796   806   809   673   713   748   776
797   815   823   677   717   751   779   804   817   827
530   468   285   224   173   124   79    526   465   282
221   170   121   82    472   463   279   218   167   118
85    330   315   276   215   164   115   88    327   274
262   212   161   112   91    324   271   259   209   158
109   94    321   267   256   205   156   106   100   26
74    23    24    75    126   72    125   175   128   177
225   180   226   287   230   289   482   292   484   557
487   559   609   562   71    20    21    129   69    178
131   229   183   291   233   486   295   561   490   613
565   68    17    18    132   66    181   134   232   186
294   236   489   298   564   493   616   568   65    14
15    135   63    184   137   235   189   297   239   492
301   567   496   619   571   62    11    12    138   60
187   140   238   192   300   242   495   304   570   499
622   574   59    8     9     141   57    190   145   241
195   303   245   498   307   573   502   625   577   56
5     6     143   55    193   149   244   198   306   250
501   312   576   507   628   582   52    2     3     148
53    199   150   247   197   310   249   505   311   580
506   632   581   656   605   607   604   655   603   602
649   600   598   646   595   597   643   593   592   640
589   590   636   586   587   611   583   584   553   554
552   549   550   546   548   543   545   540   541   537
538   534   535   531   532   520   523   521   519   518
515   514   511   513   510   509   481   479   478   476
474   473   456   457   459   433   435   418   420   403
405   388   390   374   373   358   360   343   344   453
455   452   430   431   415   416   400   401   385   386
370   371   355   356   341   340   446   450   448   427
429   412   414   397   399   382   384   367   369   352
353   337   339   441   445   443   424   426   409   411
394   396   379   381   364   366   349   351   334   336
437   438   440   422   423   407   408   392   393   377
378   362   363   347   348   331   333   635   614   639
650   642   681   644   685   647   688   653   691   657
695   658   699   652   617   683   662   686   702   689
722   692   725   694   728   698   732   700   737   663
620   701   666   723   704   726   740   729   756   731
758   736   761   735   766   665   623   706   667   738
709   757   742   760   771   763   785   768   788   767
793   669   626   708   672   743   712   769   745   784
772   786   794   791   807   790   811   671   629   711
675   746   715   774   747   795   775   805   799   812
814   810   822   674   634   714   679   749   720   777
753   798   781   813   801   824   819   821   833   678
633   718   680   752   719   780   754   803   782   818
802   829   820   828   831   528   529   467   469   284
286   222   223   172   174   123   122   77    78    27
29    525   527   464   466   281   283   219   220   169
171   120   119   80    81    30    32    470   471   461
462   278   280   216   217   166   168   117   116   83
84    33    35    328   329   313   314   275   277   213
214   163   165   114   113   86    87    36    38    326
325   273   272   261   260   210   211   160   162   111
110   89    90    39    41    323   322   269   270   257
258   207   208   157   159   108   107   92    93    42
44    319   320   266   268   255   254   206   204   155
154   105   104   95    97    45    47    318   316   263
265   251   252   201   202   151   152   102   101   99
98    48    50

%NODE.SUPPORT
66
3     1 1 1 0 0 0
4     1 1 1 0 0 0
6     1 1 1 0 0 0
7     1 1 1 0 0 0
8     1 1 1 0 0 0
9     1 1 1 0 0 0
24    1 1 1 0 0 0
25    1 1 1 0 0 0
26    1 1 1 0 0 0
27    1 1 1 0 0 0
28    1 1 1 0 0 0
29    1 1 1 0 0 0
30    1 1 1 0 0 0
52    1 1 1 0 0 0
53    1 1 1 0 0 0
54    1 1 1 0 0 0
55    1 1 1 0 0 0
56    1 1 1 0 0 0
57    1 1 1 0 0 0
58    1 1 1 0 0 0
73    1 1 1 0 0 0
74    1 1 1 0 0 0
75    1 1 1 0 0 0
76    1 1 1 0 0 0
77    1 1 1 0 0 0
78    1 1 1 0 0 0
79    1 1 1 0 0 0
87    1 1 1 0 0 0
88    1 1 1 0 0 0
89    1 1 1 0 0 0
90    1 1 1 0 0 0
91    1 1 1 0 0 0
92    1 1 1 0 0 0
93    1 1 1 0 0 0
418   1 1 1 0 0 0
421   1 1 1 0 0 0
423   1 1 1 0 0 0
425   1 1 1 0 0 0
427   1 1 1 0 0 0
429   1 1 1 0 0 0
431   1 1 1 0 0 0
433   1 1 1 0 0 0
562   1 1 1 0 0 0
565   1 1 1 0 0 0
567   1 1 1 0 0 0
569   1 1 1 0 0 0
571   1 1 1 0 0 0
573   1 1 1 0 0 0
575   1 1 1 0 0 0
577   1 1 1 0 0 0
691   1 1 1 0 0 0
693   1 1 1 0 0 0
695   1 1 1 0 0 0
697   1 1 1 0 0 0
699   1 1 1 0 0 0
701   1 1 1 0 0 0
703   1 1 1 0 0 0
705   1 1 1 0 0 0
819   1 1 1 0 0 0
821   1 1 1 0 0 0
823   1 1 1 0 0 0
825   1 1 1 0 0 0
827   1 1 1 0 0 0
829   1 1 1 0 0 0
831   1 1 1 0 0 0
833   1 1 1 0 0 0

%NODE.DEFAULT.THICKNESS
6.35
12.7

%MATERIAL
1

%MATERIAL.ISOTROPIC
1
1   3102.75   0.3

%SECTION
1

%SECTION.HOMOGENEOUS.ISOTROPIC.3D
1
1   1

%INTEGRATION.ORDER
1
1   2   2   2   2   2   2

%ELEMENT
256

%ELEMENT.SHELL.Q8TL
256
1     1  1    94   292    37   293     1   290    10   291
2     1  1    95   296    94   291    10   294    11   295
3     1  1    96   299    95   295    11   297    12   298
4     1  1    97   302    96   298    12   300    13   301
5     1  1    98   305    97   301    13   303    14   304
6     1  1    99   308    98   304    14   306    15   307
7     1  1   100   311    99   307    15   309    16   310
8     1  1    17   314   100   310    16   312     2   313
9     1  1   101   316    36   317    37   292    94   315
10    1  1   102   319   101   315    94   296    95   318
11    1  1   103   321   102   318    95   299    96   320
12    1  1   104   323   103   320    96   302    97   322
13    1  1   105   325   104   322    97   305    98   324
14    1  1   106   327   105   324    98   308    99   326
15    1  1   107   329   106   326    99   311   100   328
16    1  1    18   331   107   328   100   314    17   330
17    1  1   108   333    35   334    36   316   101   332
18    1  1   109   336   108   332   101   319   102   335
19    1  1   110   338   109   335   102   321   103   337
20    1  1   111   340   110   337   103   323   104   339
21    1  1   112   342   111   339   104   325   105   341
22    1  1   113   344   112   341   105   327   106   343
23    1  1   114   346   113   343   106   329   107   345
24    1  1    19   348   114   345   107   331    18   347
25    1  1   115   350    34   351    35   333   108   349
26    1  1   116   353   115   349   108   336   109   352
27    1  1   117   355   116   352   109   338   110   354
28    1  1   118   357   117   354   110   340   111   356
29    1  1   119   359   118   356   111   342   112   358
30    1  1   120   361   119   358   112   344   113   360
31    1  1   121   363   120   360   113   346   114   362
32    1  1    20   365   121   362   114   348    19   364
33    1  1   122   367    33   368    34   350   115   366
34    1  1   123   370   122   366   115   353   116   369
35    1  1   124   372   123   369   116   355   117   371
36    1  1   125   374   124   371   117   357   118   373
37    1  1   126   376   125   373   118   359   119   375
38    1  1   127   378   126   375   119   361   120   377
39    1  1   128   380   127   377   120   363   121   379
40    1  1    21   382   128   379   121   365    20   381
41    1  1   129   384    32   385    33   367   122   383
42    1  1   130   387   129   383   122   370   123   386
43    1  1   131   389   130   386   123   372   124   388
44    1  1   132   391   131   388   124   374   125   390
45    1  1   133   393   132   390   125   376   126   392
46    1  1   134   395   133   392   126   378   127   394
47    1  1   135   397   134   394   127   380   128   396
48    1  1    22   399   135   396   128   382    21   398
49    1  1   136   401    31   402    32   384   129   400
50    1  1   137   404   136   400   129   387   130   403
51    1  1   138   406   137   403   130   389   131   405
52    1  1   139   408   138   405   131   391   132   407
53    1  1   140   410   139   407   132   393   133   409
54    1  1   141   412   140   409   133   395   134   411
55    1  1   142   414   141   411   134   397   135   413
56    1  1    23   416   142   413   135   399    22   415
57    1  1    30   418     4   419    31   401   136   417
58    1  1    29   421    30   417   136   404   137   420
59    1  1    28   423    29   420   137   406   138   422
60    1  1    27   425    28   422   138   408   139   424
61    1  1    26   427    27   424   139   410   140   426
62    1  1    25   429    26   426   140   412   141   428
63    1  1    24   431    25   428   141   414   142   430
64    1  1     3   433    24   430   142   416    23   432
65    1  1   143   436    65   437     5   434    38   435
66    1  1   144   440   143   435    38   438    39   439
67    1  1   145   443   144   439    39   441    40   442
68    1  1   146   446   145   442    40   444    41   445
69    1  1   147   449   146   445    41   447    42   448
70    1  1   148   452   147   448    42   450    43   451
71    1  1   149   455   148   451    43   453    44   454
72    1  1    45   458   149   454    44   456     2   457
73    1  1   150   460    64   461    65   436   143   459
74    1  1   151   463   150   459   143   440   144   462
75    1  1   152   465   151   462   144   443   145   464
76    1  1   153   467   152   464   145   446   146   466
77    1  1   154   469   153   466   146   449   147   468
78    1  1   155   471   154   468   147   452   148   470
79    1  1   156   473   155   470   148   455   149   472
80    1  1    46   475   156   472   149   458    45   474
81    1  1   157   477    63   478    64   460   150   476
82    1  1   158   480   157   476   150   463   151   479
83    1  1   159   482   158   479   151   465   152   481
84    1  1   160   484   159   481   152   467   153   483
85    1  1   161   486   160   483   153   469   154   485
86    1  1   162   488   161   485   154   471   155   487
87    1  1   163   490   162   487   155   473   156   489
88    1  1    47   492   163   489   156   475    46   491
89    1  1   164   494    62   495    63   477   157   493
90    1  1   165   497   164   493   157   480   158   496
91    1  1   166   499   165   496   158   482   159   498
92    1  1   167   501   166   498   159   484   160   500
93    1  1   168   503   167   500   160   486   161   502
94    1  1   169   505   168   502   161   488   162   504
95    1  1   170   507   169   504   162   490   163   506
96    1  1    48   509   170   506   163   492    47   508
97    1  1   171   511    61   512    62   494   164   510
98    1  1   172   514   171   510   164   497   165   513
99    1  1   173   516   172   513   165   499   166   515
100   1  1   174   518   173   515   166   501   167   517
101   1  1   175   520   174   517   167   503   168   519
102   1  1   176   522   175   519   168   505   169   521
103   1  1   177   524   176   521   169   507   170   523
104   1  1    49   526   177   523   170   509    48   525
105   1  1   178   528    60   529    61   511   171   527
106   1  1   179   531   178   527   171   514   172   530
107   1  1   180   533   179   530   172   516   173   532
108   1  1   181   535   180   532   173   518   174   534
109   1  1   182   537   181   534   174   520   175   536
110   1  1   183   539   182   536   175   522   176   538
111   1  1   184   541   183   538   176   524   177   540
112   1  1    50   543   184   540   177   526    49   542
113   1  1   185   545    59   546    60   528   178   544
114   1  1   186   548   185   544   178   531   179   547
115   1  1   187   550   186   547   179   533   180   549
116   1  1   188   552   187   549   180   535   181   551
117   1  1   189   554   188   551   181   537   182   553
118   1  1   190   556   189   553   182   539   183   555
119   1  1   191   558   190   555   183   541   184   557
120   1  1    51   560   191   557   184   543    50   559
121   1  1    58   562     7   563    59   545   185   561
122   1  1    57   565    58   561   185   548   186   564
123   1  1    56   567    57   564   186   550   187   566
124   1  1    55   569    56   566   187   552   188   568
125   1  1    54   571    55   568   188   554   189   570
126   1  1    53   573    54   570   189   556   190   572
127   1  1    52   575    53   572   190   558   191   574
128   1  1     6   577    52   574   191   560    51   576
129   1  1   192   579    17   313     2   456    44   578
130   1  1   193   581   192   578    44   453    43   580
131   1  1   194   583   193   580    43   450    42   582
132   1  1   195   585   194   582    42   447    41   584
133   1  1   196   587   195   584    41   444    40   586
134   1  1   197   589   196   586    40   441    39   588
135   1  1   198   591   197   588    39   438    38   590
136   1  1    66   593   198   590    38   434     5   592
137   1  1   199   595    18   330    17   579   192   594
138   1  1   200   597   199   594   192   581   193   596
139   1  1   201   599   200   596   193   583   194   598
140   1  1   202   601   201   598   194   585   195   600
141   1  1   203   603   202   600   195   587   196   602
142   1  1   204   605   203   602   196   589   197   604
143   1  1   205   607   204   604   197   591   198   606
144   1  1    67   609   205   606   198   593    66   608
145   1  1   206   611    19   347    18   595   199   610
146   1  1   207   613   206   610   199   597   200   612
147   1  1   208   615   207   612   200   599   201   614
148   1  1   209   617   208   614   201   601   202   616
149   1  1   210   619   209   616   202   603   203   618
150   1  1   211   621   210   618   203   605   204   620
151   1  1   212   623   211   620   204   607   205   622
152   1  1    68   625   212   622   205   609    67   624
153   1  1   213   627    20   364    19   611   206   626
154   1  1   214   629   213   626   206   613   207   628
155   1  1   215   631   214   628   207   615   208   630
156   1  1   216   633   215   630   208   617   209   632
157   1  1   217   635   216   632   209   619   210   634
158   1  1   218   637   217   634   210   621   211   636
159   1  1   219   639   218   636   211   623   212   638
160   1  1    69   641   219   638   212   625    68   640
161   1  1   220   643    21   381    20   627   213   642
162   1  1   221   645   220   642   213   629   214   644
163   1  1   222   647   221   644   214   631   215   646
164   1  1   223   649   222   646   215   633   216   648
165   1  1   224   651   223   648   216   635   217   650
166   1  1   225   653   224   650   217   637   218   652
167   1  1   226   655   225   652   218   639   219   654
168   1  1    70   657   226   654   219   641    69   656
169   1  1   227   659    22   398    21   643   220   658
170   1  1   228   661   227   658   220   645   221   660
171   1  1   229   663   228   660   221   647   222   662
172   1  1   230   665   229   662   222   649   223   664
173   1  1   231   667   230   664   223   651   224   666
174   1  1   232   669   231   666   224   653   225   668
175   1  1   233   671   232   668   225   655   226   670
176   1  1    71   673   233   670   226   657    70   672
177   1  1   234   675    23   415    22   659   227   674
178   1  1   235   677   234   674   227   661   228   676
179   1  1   236   679   235   676   228   663   229   678
180   1  1   237   681   236   678   229   665   230   680
181   1  1   238   683   237   680   230   667   231   682
182   1  1   239   685   238   682   231   669   232   684
183   1  1   240   687   239   684   232   671   233   686
184   1  1    72   689   240   686   233   673    71   688
185   1  1    79   691     3   432    23   675   234   690
186   1  1    78   693    79   690   234   677   235   692
187   1  1    77   695    78   692   235   679   236   694
188   1  1    76   697    77   694   236   681   237   696
189   1  1    75   699    76   696   237   683   238   698
190   1  1    74   701    75   698   238   685   239   700
191   1  1    73   703    74   700   239   687   240   702
192   1  1     8   705    73   702   240   689    72   704
193   1  1   241   707    45   457     2   312    16   706
194   1  1   242   709   241   706    16   309    15   708
195   1  1   243   711   242   708    15   306    14   710
196   1  1   244   713   243   710    14   303    13   712
197   1  1   245   715   244   712    13   300    12   714
198   1  1   246   717   245   714    12   297    11   716
199   1  1   247   719   246   716    11   294    10   718
200   1  1    80   721   247   718    10   290     1   720
201   1  1   248   723    46   474    45   707   241   722
202   1  1   249   725   248   722   241   709   242   724
203   1  1   250   727   249   724   242   711   243   726
204   1  1   251   729   250   726   243   713   244   728
205   1  1   252   731   251   728   244   715   245   730
206   1  1   253   733   252   730   245   717   246   732
207   1  1   254   735   253   732   246   719   247   734
208   1  1    81   737   254   734   247   721    80   736
209   1  1   255   739    47   491    46   723   248   738
210   1  1   256   741   255   738   248   725   249   740
211   1  1   257   743   256   740   249   727   250   742
212   1  1   258   745   257   742   250   729   251   744
213   1  1   259   747   258   744   251   731   252   746
214   1  1   260   749   259   746   252   733   253   748
215   1  1   261   751   260   748   253   735   254   750
216   1  1    82   753   261   750   254   737    81   752
217   1  1   262   755    48   508    47   739   255   754
218   1  1   263   757   262   754   255   741   256   756
219   1  1   264   759   263   756   256   743   257   758
220   1  1   265   761   264   758   257   745   258   760
221   1  1   266   763   265   760   258   747   259   762
222   1  1   267   765   266   762   259   749   260   764
223   1  1   268   767   267   764   260   751   261   766
224   1  1    83   769   268   766   261   753    82   768
225   1  1   269   771    49   525    48   755   262   770
226   1  1   270   773   269   770   262   757   263   772
227   1  1   271   775   270   772   263   759   264   774
228   1  1   272   777   271   774   264   761   265   776
229   1  1   273   779   272   776   265   763   266   778
230   1  1   274   781   273   778   266   765   267   780
231   1  1   275   783   274   780   267   767   268   782
232   1  1    84   785   275   782   268   769    83   784
233   1  1   276   787    50   542    49   771   269   786
234   1  1   277   789   276   786   269   773   270   788
235   1  1   278   791   277   788   270   775   271   790
236   1  1   279   793   278   790   271   777   272   792
237   1  1   280   795   279   792   272   779   273   794
238   1  1   281   797   280   794   273   781   274   796
239   1  1   282   799   281   796   274   783   275   798
240   1  1    85   801   282   798   275   785    84   800
241   1  1   283   803    51   559    50   787   276   802
242   1  1   284   805   283   802   276   789   277   804
243   1  1   285   807   284   804   277   791   278   806
244   1  1   286   809   285   806   278   793   279   808
245   1  1   287   811   286   808   279   795   280   810
246   1  1   288   813   287   810   280   797   281   812
247   1  1   289   815   288   812   281   799   282   814
248   1  1    86   817   289   814   282   801    85   816
249   1  1    93   819     6   576    51   803   283   818
250   1  1    92   821    93   818   283   805   284   820
251   1  1    91   823    92   820   284   807   285   822
252   1  1    90   825    91   822   285   809   286   824
253   1  1    89   827    90   824   286   811   287   826
254   1  1    88   829    89   826   287   813   288   828
255   1  1    87   831    88   828   288   815   289   830
256   1  1     9   833    87   830   289   817    86   832

%LOAD.CASE.NODAL.FORCE
1
2   0.0   0.0   -1.0   0.0   0.0   0.0

%END

