%HEADER
----------------------------------------------------------------------------
Hemispherical shell subjected to alternating radial forces.
----------------------------------------------------------------------------
Point A = Node 17
Point B = Node 289
The expected load-displacement curves are in the file BenchmarksSze2004.xlsx
----------------------------------------------------------------------------
Ref: Sze, K. Y.; Liu, X. H.; Lo, S. H. (2004) "Popular benchmark problems
for geometric nonlinear analysis of shells. Finite Element in Analysis and 
Design, v. 40, n. 11, p. 1551–1569.
----------------------------------------------------------------------------

%HEADER.ANALYSIS.ALGORITHM
'lcm'

%HEADER.ANALYSIS.MAXIMUM.STEPS
40

%HEADER.ANALYSIS.STEP.FACTOR
0.025

%HEADER.ANALYSIS.MAXIMUM.ITERATIONS
20

%HEADER.ANALYSIS.TOLERANCE
1.0e-06

%NODE
833

%NODE.COORD
833
1        +0.0000000000000000e+00    +9.5100307500000003e+00    +3.0918147600000001e+00
2        +0.0000000000000000e+00    +9.2381744399999999e+00    +3.8283324200000002e+00
3        +0.0000000000000000e+00    +8.9093780500000008e+00    +4.5412535700000003e+00
4        +0.0000000000000000e+00    +8.5256671900000001e+00    +5.2261838899999997e+00
5        +0.0000000000000000e+00    +8.0894069700000006e+00    +5.8789019600000003e+00
6        +0.0000000000000000e+00    +7.6032872200000003e+00    +6.4953846899999998e+00
7        +0.0000000000000000e+00    +7.0703034400000000e+00    +7.0718321800000004e+00
8        +0.0000000000000000e+00    +6.4937405600000000e+00    +7.6046915100000003e+00
9        +0.0000000000000000e+00    +5.8771529200000003e+00    +8.0906782199999991e+00
10       +0.0000000000000000e+00    +5.2243404399999998e+00    +8.5267972899999993e+00
11       +0.0000000000000000e+00    +4.5393271400000001e+00    +8.9103593799999992e+00
12       +0.0000000000000000e+00    +3.8263349500000001e+00    +9.2390022300000005e+00
13       +0.0000000000000000e+00    +3.0897586300000000e+00    +9.5106983199999995e+00
14       +0.0000000000000000e+00    +2.3341383900000001e+00    +9.7237749099999995e+00
15       +0.0000000000000000e+00    +1.5641311400000000e+00    +9.8769168900000004e+00
16       +0.0000000000000000e+00    +7.8448319399999999e-01    +9.9691820100000008e+00
17       +0.0000000000000000e+00    +0.0000000000000000e+00    +1.0000000000000000e+01
18       +3.0305084599999998e-01    +9.5100307500000003e+00    +3.0769269499999998e+00
19       +3.6467650499999998e-01    +9.2447242700000007e+00    +3.7950069900000001e+00
20       +4.2499637600000001e-01    +8.9237766300000008e+00    +4.4928369500000001e+00
21       +4.8373925699999998e-01    +8.5483837099999995e+00    +5.1663455999999996e+00
22       +5.4062485699999996e-01    +8.1200676000000005e+00    +5.8113884899999997e+00
23       +5.9536558399999995e-01    +7.6407222700000004e+00    +6.4237766299999999e+00
24       +6.4766925600000003e-01    +7.1126685099999998e+00    +6.9993190800000002e+00
25       +6.9724333299999997e-01    +6.5386905700000000e+00    +7.5338821400000002e+00
26       +7.4380022300000004e-01    +5.9220657299999999e+00    +8.0234594300000008e+00
27       +7.8706377699999996e-01    +5.2665777199999999e+00    +8.4642601000000006e+00
28       +8.2677626599999998e-01    +4.5765085200000000e+00    +8.8527965500000008e+00
29       +8.6270606500000002e-01    +3.8566067199999998e+00    +9.1859855699999997e+00
30       +8.9465439300000005e-01    +3.1120350399999999e+00    +9.4612274200000002e+00
31       +9.2246300000000003e-01    +2.3482935399999998e+00    +9.6764965099999998e+00
32       +9.4601893400000003e-01    +1.5711230000000000e+00    +9.8303928400000000e+00
33       +9.6525883700000004e-01    +7.8639650299999997e-01    +9.9221897099999996e+00
34       +9.8017138199999998e-01    +0.0000000000000000e+00    +9.9518470800000003e+00
35       +6.0318315000000000e-01    +9.5100307500000003e+00    +3.0324065700000000e+00
36       +7.2650075000000003e-01    +9.2507877300000008e+00    +3.7276158300000000e+00
37       +8.4751629799999995e-01    +8.9370975500000007e+00    +4.4056778000000003e+00
38       +9.6569681200000002e-01    +8.5694208100000004e+00    +5.0628514300000003e+00
39       +1.0804555400000000e+00    +8.1485137900000009e+00    +5.6951146100000001e+00
40       +1.1911541200000000e+00    +7.6755428300000004e+00    +6.2981896400000004e+00
41       +1.2971088900000001e+00    +7.1521840100000000e+00    +6.8675885200000000e+00
42       +1.3976037500000000e+00    +6.5807309199999997e+00    +7.3986949900000001e+00
43       +1.4919072400000000e+00    +5.9641733199999996e+00    +7.8868780100000002e+00
44       +1.5792961100000000e+00    +5.3062524800000004e+00    +8.3276348099999993e+00
45       +1.6590813400000000e+00    +4.6114754700000002e+00    +8.7167510999999998e+00
46       +1.7306375500000000e+00    +3.8850848700000000e+00    +9.0504703499999994e+00
47       +1.7934317600000000e+00    +3.1329782000000002e+00    +9.3256664300000001e+00
48       +1.8470505500000001e+00    +2.3615796599999999e+00    +9.5399866099999997e+00
49       +1.8912205700000000e+00    +1.5776680700000001e+00    +9.6919679599999995e+00
50       +1.9258240499999999e+00    +7.8818106700000001e-01    +9.7811031300000000e+00
51       +1.9509031800000001e+00    +0.0000000000000000e+00    +9.8078527500000003e+00
52       +8.9750647500000003e-01    +9.5100307500000003e+00    +2.9586823000000000e+00
53       +1.0820900200000001e+00    +9.2562065100000002e+00    +3.6265313600000000e+00
54       +1.2636278900000000e+00    +8.9489993999999999e+00    +4.2800288200000001e+00
55       +1.4413371100000001e+00    +8.5882377600000002e+00    +4.9157628999999998e+00
56       +1.6143075200000001e+00    +8.1740093199999997e+00    +5.5298809999999996e+00
57       +1.7815020100000001e+00    +7.7068252599999996e+00    +6.1180958700000003e+00
58       +1.9417657900000000e+00    +7.1877765699999996e+00    +6.6757335700000002e+00
59       +2.0938491799999999e+00    +6.6186923999999996e+00    +7.1978263900000004e+00
60       +2.2364432800000000e+00    +6.0022797600000004e+00    +7.6792550100000003e+00
61       +2.3682274799999998e+00    +5.3422179200000004e+00    +8.1149377800000000e+00
62       +2.4879281500000001e+00    +4.6432046900000001e+00    +8.5000505400000002e+00
63       +2.5943851499999999e+00    +3.9109303999999998e+00    +8.8302764899999993e+00
64       +2.6866159399999998e+00    +3.1519706200000002e+00    +9.1020421999999996e+00
65       +2.7638771499999999e+00    +2.3736069199999998e+00    +9.3127317400000003e+00
66       +2.8257107700000001e+00    +1.5835770400000000e+00    +9.4608478500000004e+00
67       +2.8719744700000001e+00    +7.8978639799999995e-01    +9.5460987100000008e+00
68       +2.9028468100000002e+00    +0.0000000000000000e+00    +9.5694036499999999e+00
69       +1.1831862900000001e+00    +9.5100307500000003e+00    +2.8564643900000002e+00
70       +1.4280985600000000e+00    +9.2608394599999997e+00    +3.4924745599999998e+00
71       +1.6694010500000001e+00    +8.9591798800000007e+00    +4.1165752400000004e+00
72       +1.9060716600000001e+00    +8.6043500900000005e+00    +4.7256789200000000e+00
73       +2.1368684800000000e+00    +8.1958799399999993e+00    +5.3161401699999997e+00
74       +2.3603243800000002e+00    +7.7337188699999997e+00    +5.8837456699999997e+00
75       +2.5747575800000000e+00    +7.2184457799999997e+00    +6.4237575500000004e+00
76       +2.7783048199999998e+00    +6.6514768599999998e+00    +6.9310088199999997e+00
77       +2.9689784000000001e+00    +6.0352525699999999e+00    +7.4000601799999997e+00
78       +3.1447470200000001e+00    +5.3733835200000000e+00    +7.8254275299999998e+00
79       +3.3036355999999998e+00    +4.6707224800000002e+00    +8.2018499400000007e+00
80       +3.4438407400000002e+00    +3.9333465099999998e+00    +8.5245962100000003e+00
81       +3.5638477800000001e+00    +3.1684298499999999e+00    +8.7897691699999996e+00
82       +3.6625363800000001e+00    +2.3840124600000001e+00    +8.9945716900000008e+00
83       +3.7392597200000002e+00    +1.5886759800000001e+00    +9.1375074400000003e+00
84       +3.7938926199999998e+00    +7.9116684199999998e-01    +9.2184829700000002e+00
85       +3.8268344399999998e+00    +0.0000000000000000e+00    +9.2387952799999997e+00
86       +1.4574714900000001e+00    +9.5100307500000003e+00    +2.7267372600000002e+00
87       +1.7612568099999999e+00    +9.2645711899999998e+00    +3.3265144800000002e+00
88       +2.0609624400000000e+00    +8.9673795700000003e+00    +3.9164452600000002e+00
89       +2.3553352400000001e+00    +8.6173420000000007e+00    +4.4937529600000001e+00
90       +2.6427996199999999e+00    +8.2135410300000000e+00    +5.0550327299999998e+00
91       +2.9214432200000000e+00    +7.7554764699999996e+00    +5.5962266899999999e+00
92       +3.1890285000000000e+00    +7.2433066400000001e+00    +6.1126594499999998e+00
93       +3.4430351300000002e+00    +6.6781015400000001e+00    +6.5991263399999998e+00
94       +3.6807398800000000e+00    +6.0620741799999998e+00    +7.0500645600000000e+00
95       +3.8993339499999999e+00    +5.3987655600000002e+00    +7.4597935700000004e+00
96       +4.0960736300000002e+00    +4.6931486099999997e+00    +7.8228216200000000e+00
97       +4.2684526399999996e+00    +3.9516148599999998e+00    +8.1341905600000004e+00
98       +4.4143810300000004e+00    +3.1818337400000001e+00    +8.3898258200000004e+00
99       +4.5323414800000004e+00    +2.3924734600000002e+00    +8.5868473099999996e+00
100      +4.6215119400000004e+00    +1.5928126600000001e+00    +8.7237939799999999e+00
101      +4.6818251599999998e+00    +7.9228341599999996e-01    +8.8007268900000000e+00
102      +4.7139673200000001e+00    +0.0000000000000000e+00    +8.8192129099999992e+00
103      +1.7177202700000000e+00    +9.5100307500000003e+00    +2.5707499999999999e+00
104      +2.0784108600000000e+00    +9.2673053700000008e+00    +3.1300582900000000e+00
105      +2.4345531500000002e+00    +8.9733896299999998e+00    +3.6812000299999998e+00
106      +2.7846665399999999e+00    +8.6268730199999997e+00    +4.2216939900000003e+00
107      +3.1268446399999998e+00    +8.2265138600000007e+00    +4.7484011700000002e+00
108      +3.4587309400000001e+00    +7.7714815100000001e+00    +5.2574949300000000e+00
109      +3.7775318599999999e+00    +7.2616229099999998e+00    +5.7444829899999998e+00
110      +4.0800662000000001e+00    +6.6977462799999996e+00    +6.2042932500000001e+00
111      +4.3628687900000003e+00    +6.0818886799999996e+00    +6.6314406400000001e+00
112      +4.6223449700000003e+00    +5.4175343500000004e+00    +7.0202736899999998e+00
113      +4.8549747500000002e+00    +4.7097396900000001e+00    +7.3652949300000001e+00
114      +5.0575447100000002e+00    +3.9651293800000000e+00    +7.6615266799999997e+00
115      +5.2273902899999998e+00    +3.1917433700000002e+00    +7.9048824299999998e+00
116      +5.3626098600000001e+00    +2.3987212200000001e+00    +8.0924997300000001e+00
117      +5.4622249600000004e+00    +1.5958616699999999e+00    +8.2229757299999999e+00
118      +5.5262546500000003e+00    +7.9310452899999995e-01    +8.2964744600000007e+00
119      +5.5557022099999998e+00    +0.0000000000000000e+00    +8.3146963100000004e+00
120      +1.9614266199999999e+00    +9.5100307500000003e+00    +2.3900051100000002e+00
121      +2.3765609300000001e+00    +9.2689733499999996e+00    +2.9048387999999998e+00
122      +2.7865862799999999e+00    +8.9770574599999993e+00    +3.4128248700000001e+00
123      +3.1897921600000001e+00    +8.6326932900000006e+00    +3.9117557999999999e+00
124      +3.5839464699999999e+00    +8.2344436600000002e+00    +4.3987803500000000e+00
125      +3.9662668700000001e+00    +7.7812748000000003e+00    +4.8703689600000004e+00
126      +4.3334298100000002e+00    +7.2728419300000002e+00    +5.3223261800000001e+00
127      +4.6816315700000004e+00    +6.7097907100000000e+00    +5.7498722100000004e+00
128      +5.0067124400000003e+00    +6.0940480199999998e+00    +6.1477966300000002e+00
129      +5.3043460800000002e+00    +5.4290595100000001e+00    +6.5107007000000001e+00
130      +5.5702910399999999e+00    +4.7199301699999996e+00    +6.8333091699999997e+00
131      +5.8006811100000002e+00    +3.9734306300000002e+00    +7.1108331700000003e+00
132      +5.9923272100000000e+00    +3.1978273399999999e+00    +7.3393402099999996e+00
133      +6.1429796200000002e+00    +2.4025538000000002e+00    +7.5160856200000001e+00
134      +6.2515244499999998e+00    +1.5977295600000001e+00    +7.6397447600000001e+00
135      +6.3180732700000002e+00    +7.9360669900000003e-01    +7.7105212200000004e+00
136      +6.3439326300000003e+00    +0.0000000000000000e+00    +7.7301044499999998e+00
137      +2.1862433000000001e+00    +9.5100307500000003e+00    +2.1862433000000001e+00
138      +2.6528978300000001e+00    +9.2695341100000004e+00    +2.6528978300000001e+00
139      +3.1137030100000000e+00    +8.9782905599999996e+00    +3.1137030100000000e+00
140      +3.5667076099999999e+00    +8.6346511800000005e+00    +3.5667076099999999e+00
141      +4.0093641299999998e+00    +8.2371110900000009e+00    +4.0093641299999998e+00
142      +4.4384937300000002e+00    +7.7845711700000004e+00    +4.4384937300000002e+00
143      +4.8502988800000004e+00    +7.2766203899999997e+00    +4.8502988800000004e+00
144      +5.2404308300000002e+00    +6.7138495400000000e+00    +5.2404308300000002e+00
145      +5.6041326500000004e+00    +6.0981473900000003e+00    +5.6041326500000004e+00
146      +5.9364595400000004e+00    +5.4329457300000001e+00    +5.9364595400000004e+00
147      +6.2325677900000001e+00    +4.7233676899999999e+00    +6.2325677900000001e+00
148      +6.4880504600000002e+00    +3.9762301400000002e+00    +6.4880504600000002e+00
149      +6.6992826499999998e+00    +3.1998789300000001e+00    +6.6992826499999998e+00
150      +6.8637280499999997e+00    +2.4038453099999999e+00    +6.8637280499999997e+00
151      +6.9801592799999996e+00    +1.5983586299999999e+00    +6.9801592799999996e+00
152      +7.0487561200000002e+00    +7.9377573700000004e-01    +7.0487561200000002e+00
153      +7.0710678099999997e+00    +0.0000000000000000e+00    +7.0710678099999997e+00
154      +2.3900051100000002e+00    +9.5100307500000003e+00    +1.9614266199999999e+00
155      +2.9048387999999998e+00    +9.2689733499999996e+00    +2.3765609300000001e+00
156      +3.4128248700000001e+00    +8.9770574599999993e+00    +2.7865862799999999e+00
157      +3.9117557999999999e+00    +8.6326932900000006e+00    +3.1897921600000001e+00
158      +4.3987803500000000e+00    +8.2344436600000002e+00    +3.5839464699999999e+00
159      +4.8703689600000004e+00    +7.7812748000000003e+00    +3.9662668700000001e+00
160      +5.3223261800000001e+00    +7.2728419300000002e+00    +4.3334298100000002e+00
161      +5.7498722100000004e+00    +6.7097907100000000e+00    +4.6816315700000004e+00
162      +6.1477966300000002e+00    +6.0940480199999998e+00    +5.0067124400000003e+00
163      +6.5107007000000001e+00    +5.4290595100000001e+00    +5.3043460800000002e+00
164      +6.8333091699999997e+00    +4.7199301699999996e+00    +5.5702910399999999e+00
165      +7.1108331700000003e+00    +3.9734306300000002e+00    +5.8006811100000002e+00
166      +7.3393402099999996e+00    +3.1978273399999999e+00    +5.9923272100000000e+00
167      +7.5160856200000001e+00    +2.4025538000000002e+00    +6.1429796200000002e+00
168      +7.6397447600000001e+00    +1.5977295600000001e+00    +6.2515244499999998e+00
169      +7.7105212200000004e+00    +7.9360669900000003e-01    +6.3180732700000002e+00
170      +7.7301044499999998e+00    +0.0000000000000000e+00    +6.3439326300000003e+00
171      +2.5707499999999999e+00    +9.5100307500000003e+00    +1.7177202700000000e+00
172      +3.1300582900000000e+00    +9.2673053700000008e+00    +2.0784108600000000e+00
173      +3.6812000299999998e+00    +8.9733896299999998e+00    +2.4345531500000002e+00
174      +4.2216939900000003e+00    +8.6268730199999997e+00    +2.7846665399999999e+00
175      +4.7484011700000002e+00    +8.2265138600000007e+00    +3.1268446399999998e+00
176      +5.2574949300000000e+00    +7.7714815100000001e+00    +3.4587309400000001e+00
177      +5.7444829899999998e+00    +7.2616229099999998e+00    +3.7775318599999999e+00
178      +6.2042932500000001e+00    +6.6977462799999996e+00    +4.0800662000000001e+00
179      +6.6314406400000001e+00    +6.0818886799999996e+00    +4.3628687900000003e+00
180      +7.0202736899999998e+00    +5.4175343500000004e+00    +4.6223449700000003e+00
181      +7.3652949300000001e+00    +4.7097396900000001e+00    +4.8549747500000002e+00
182      +7.6615266799999997e+00    +3.9651293800000000e+00    +5.0575447100000002e+00
183      +7.9048824299999998e+00    +3.1917433700000002e+00    +5.2273902899999998e+00
184      +8.0924997300000001e+00    +2.3987212200000001e+00    +5.3626098600000001e+00
185      +8.2229757299999999e+00    +1.5958616699999999e+00    +5.4622249600000004e+00
186      +8.2964744600000007e+00    +7.9310452899999995e-01    +5.5262546500000003e+00
187      +8.3146963100000004e+00    +0.0000000000000000e+00    +5.5557022099999998e+00
188      +2.7267372600000002e+00    +9.5100307500000003e+00    +1.4574714900000001e+00
189      +3.3265144800000002e+00    +9.2645711899999998e+00    +1.7612568099999999e+00
190      +3.9164452600000002e+00    +8.9673795700000003e+00    +2.0609624400000000e+00
191      +4.4937529600000001e+00    +8.6173420000000007e+00    +2.3553352400000001e+00
192      +5.0550327299999998e+00    +8.2135410300000000e+00    +2.6427996199999999e+00
193      +5.5962266899999999e+00    +7.7554764699999996e+00    +2.9214432200000000e+00
194      +6.1126594499999998e+00    +7.2433066400000001e+00    +3.1890285000000000e+00
195      +6.5991263399999998e+00    +6.6781015400000001e+00    +3.4430351300000002e+00
196      +7.0500645600000000e+00    +6.0620741799999998e+00    +3.6807398800000000e+00
197      +7.4597935700000004e+00    +5.3987655600000002e+00    +3.8993339499999999e+00
198      +7.8228216200000000e+00    +4.6931486099999997e+00    +4.0960736300000002e+00
199      +8.1341905600000004e+00    +3.9516148599999998e+00    +4.2684526399999996e+00
200      +8.3898258200000004e+00    +3.1818337400000001e+00    +4.4143810300000004e+00
201      +8.5868473099999996e+00    +2.3924734600000002e+00    +4.5323414800000004e+00
202      +8.7237939799999999e+00    +1.5928126600000001e+00    +4.6215119400000004e+00
203      +8.8007268900000000e+00    +7.9228341599999996e-01    +4.6818251599999998e+00
204      +8.8192129099999992e+00    +0.0000000000000000e+00    +4.7139673200000001e+00
205      +2.8564643900000002e+00    +9.5100307500000003e+00    +1.1831862900000001e+00
206      +3.4924745599999998e+00    +9.2608394599999997e+00    +1.4280985600000000e+00
207      +4.1165752400000004e+00    +8.9591798800000007e+00    +1.6694010500000001e+00
208      +4.7256789200000000e+00    +8.6043500900000005e+00    +1.9060716600000001e+00
209      +5.3161401699999997e+00    +8.1958799399999993e+00    +2.1368684800000000e+00
210      +5.8837456699999997e+00    +7.7337188699999997e+00    +2.3603243800000002e+00
211      +6.4237575500000004e+00    +7.2184457799999997e+00    +2.5747575800000000e+00
212      +6.9310088199999997e+00    +6.6514768599999998e+00    +2.7783048199999998e+00
213      +7.4000601799999997e+00    +6.0352525699999999e+00    +2.9689784000000001e+00
214      +7.8254275299999998e+00    +5.3733835200000000e+00    +3.1447470200000001e+00
215      +8.2018499400000007e+00    +4.6707224800000002e+00    +3.3036355999999998e+00
216      +8.5245962100000003e+00    +3.9333465099999998e+00    +3.4438407400000002e+00
217      +8.7897691699999996e+00    +3.1684298499999999e+00    +3.5638477800000001e+00
218      +8.9945716900000008e+00    +2.3840124600000001e+00    +3.6625363800000001e+00
219      +9.1375074400000003e+00    +1.5886759800000001e+00    +3.7392597200000002e+00
220      +9.2184829700000002e+00    +7.9116684199999998e-01    +3.7938926199999998e+00
221      +9.2387952799999997e+00    +0.0000000000000000e+00    +3.8268344399999998e+00
222      +2.9586823000000000e+00    +9.5100307500000003e+00    +8.9750647500000003e-01
223      +3.6265313600000000e+00    +9.2562065100000002e+00    +1.0820900200000001e+00
224      +4.2800288200000001e+00    +8.9489993999999999e+00    +1.2636278900000000e+00
225      +4.9157628999999998e+00    +8.5882377600000002e+00    +1.4413371100000001e+00
226      +5.5298809999999996e+00    +8.1740093199999997e+00    +1.6143075200000001e+00
227      +6.1180958700000003e+00    +7.7068252599999996e+00    +1.7815020100000001e+00
228      +6.6757335700000002e+00    +7.1877765699999996e+00    +1.9417657900000000e+00
229      +7.1978263900000004e+00    +6.6186923999999996e+00    +2.0938491799999999e+00
230      +7.6792550100000003e+00    +6.0022797600000004e+00    +2.2364432800000000e+00
231      +8.1149377800000000e+00    +5.3422179200000004e+00    +2.3682274799999998e+00
232      +8.5000505400000002e+00    +4.6432046900000001e+00    +2.4879281500000001e+00
233      +8.8302764899999993e+00    +3.9109303999999998e+00    +2.5943851499999999e+00
234      +9.1020421999999996e+00    +3.1519706200000002e+00    +2.6866159399999998e+00
235      +9.3127317400000003e+00    +2.3736069199999998e+00    +2.7638771499999999e+00
236      +9.4608478500000004e+00    +1.5835770400000000e+00    +2.8257107700000001e+00
237      +9.5460987100000008e+00    +7.8978639799999995e-01    +2.8719744700000001e+00
238      +9.5694036499999999e+00    +0.0000000000000000e+00    +2.9028468100000002e+00
239      +3.0324065700000000e+00    +9.5100307500000003e+00    +6.0318315000000000e-01
240      +3.7276158300000000e+00    +9.2507877300000008e+00    +7.2650075000000003e-01
241      +4.4056778000000003e+00    +8.9370975500000007e+00    +8.4751629799999995e-01
242      +5.0628514300000003e+00    +8.5694208100000004e+00    +9.6569681200000002e-01
243      +5.6951146100000001e+00    +8.1485137900000009e+00    +1.0804555400000000e+00
244      +6.2981896400000004e+00    +7.6755428300000004e+00    +1.1911541200000000e+00
245      +6.8675885200000000e+00    +7.1521840100000000e+00    +1.2971088900000001e+00
246      +7.3986949900000001e+00    +6.5807309199999997e+00    +1.3976037500000000e+00
247      +7.8868780100000002e+00    +5.9641733199999996e+00    +1.4919072400000000e+00
248      +8.3276348099999993e+00    +5.3062524800000004e+00    +1.5792961100000000e+00
249      +8.7167510999999998e+00    +4.6114754700000002e+00    +1.6590813400000000e+00
250      +9.0504703499999994e+00    +3.8850848700000000e+00    +1.7306375500000000e+00
251      +9.3256664300000001e+00    +3.1329782000000002e+00    +1.7934317600000000e+00
252      +9.5399866099999997e+00    +2.3615796599999999e+00    +1.8470505500000001e+00
253      +9.6919679599999995e+00    +1.5776680700000001e+00    +1.8912205700000000e+00
254      +9.7811031300000000e+00    +7.8818106700000001e-01    +1.9258240499999999e+00
255      +9.8078527500000003e+00    +0.0000000000000000e+00    +1.9509031800000001e+00
256      +3.0769269499999998e+00    +9.5100307500000003e+00    +3.0305084599999998e-01
257      +3.7950069900000001e+00    +9.2447242700000007e+00    +3.6467650499999998e-01
258      +4.4928369500000001e+00    +8.9237766300000008e+00    +4.2499637600000001e-01
259      +5.1663455999999996e+00    +8.5483837099999995e+00    +4.8373925699999998e-01
260      +5.8113884899999997e+00    +8.1200676000000005e+00    +5.4062485699999996e-01
261      +6.4237766299999999e+00    +7.6407222700000004e+00    +5.9536558399999995e-01
262      +6.9993190800000002e+00    +7.1126685099999998e+00    +6.4766925600000003e-01
263      +7.5338821400000002e+00    +6.5386905700000000e+00    +6.9724333299999997e-01
264      +8.0234594300000008e+00    +5.9220657299999999e+00    +7.4380022300000004e-01
265      +8.4642601000000006e+00    +5.2665777199999999e+00    +7.8706377699999996e-01
266      +8.8527965500000008e+00    +4.5765085200000000e+00    +8.2677626599999998e-01
267      +9.1859855699999997e+00    +3.8566067199999998e+00    +8.6270606500000002e-01
268      +9.4612274200000002e+00    +3.1120350399999999e+00    +8.9465439300000005e-01
269      +9.6764965099999998e+00    +2.3482935399999998e+00    +9.2246300000000003e-01
270      +9.8303928400000000e+00    +1.5711230000000000e+00    +9.4601893400000003e-01
271      +9.9221897099999996e+00    +7.8639650299999997e-01    +9.6525883700000004e-01
272      +9.9518470800000003e+00    +0.0000000000000000e+00    +9.8017138199999998e-01
273      +3.0918147600000001e+00    +9.5100307500000003e+00    +0.0000000000000000e+00
274      +3.8283324200000002e+00    +9.2381744399999999e+00    +0.0000000000000000e+00
275      +4.5412535700000003e+00    +8.9093780500000008e+00    +0.0000000000000000e+00
276      +5.2261838899999997e+00    +8.5256671900000001e+00    +0.0000000000000000e+00
277      +5.8789019600000003e+00    +8.0894069700000006e+00    +0.0000000000000000e+00
278      +6.4953846899999998e+00    +7.6032872200000003e+00    +0.0000000000000000e+00
279      +7.0718321800000004e+00    +7.0703034400000000e+00    +0.0000000000000000e+00
280      +7.6046915100000003e+00    +6.4937405600000000e+00    +0.0000000000000000e+00
281      +8.0906782199999991e+00    +5.8771529200000003e+00    +0.0000000000000000e+00
282      +8.5267972899999993e+00    +5.2243404399999998e+00    +0.0000000000000000e+00
283      +8.9103593799999992e+00    +4.5393271400000001e+00    +0.0000000000000000e+00
284      +9.2390022300000005e+00    +3.8263349500000001e+00    +0.0000000000000000e+00
285      +9.5106983199999995e+00    +3.0897586300000000e+00    +0.0000000000000000e+00
286      +9.7237749099999995e+00    +2.3341383900000001e+00    +0.0000000000000000e+00
287      +9.8769168900000004e+00    +1.5641311400000000e+00    +0.0000000000000000e+00
288      +9.9691820100000008e+00    +7.8448319399999999e-01    +0.0000000000000000e+00
289      +1.0000000000000000e+01    +0.0000000000000000e+00    +0.0000000000000000e+00
290      +0.0000000000000000e+00    +9.3813333500000002e+00    +3.4627425700000001e+00
291      +1.8236884500000000e-01    +9.2429990800000006e+00    +3.8123092700000001e+00
292      +3.3411011099999999e-01    +9.3842992800000005e+00    +3.4385030300000001e+00
293      +1.5170815600000001e-01    +9.5100307500000003e+00    +3.0880906600000002e+00
294      +0.0000000000000000e+00    +9.0807752599999993e+00    +4.1880207100000000e+00
295      +2.1254687000000000e-01    +8.9186201100000009e+00    +4.5180797600000000e+00
296      +3.9512974000000001e-01    +9.0909986499999995e+00    +4.1470003100000001e+00
297      +0.0000000000000000e+00    +8.7242469800000002e+00    +4.8874859800000001e+00
298      +2.4194164600000001e-01    +8.5395679500000004e+00    +5.1978120800000003e+00
299      +4.5470783100000001e-01    +8.7426176099999999e+00    +4.8332056999999997e+00
300      +0.0000000000000000e+00    +8.3139448199999997e+00    +5.5568261100000003e+00
301      +2.7041310099999999e-01    +8.1077556600000005e+00    +5.8473219900000002e+00
302      +5.1256841399999997e-01    +8.3405122800000004e+00    +5.4930071800000002e+00
303      +0.0000000000000000e+00    +7.8523993499999998e+00    +6.1919159900000000e+00
304      +2.9781722999999999e-01    +7.6254463200000000e+00    +6.4624972300000003e+00
305      +5.6842720499999999e-01    +7.8863887799999999e+00    +6.1222352999999998e+00
306      +0.0000000000000000e+00    +7.3424544300000001e+00    +6.7888407700000002e+00
307      +3.2400742199999999e-01    +7.0952696800000004e+00    +7.0393300099999996e+00
308      +6.2199407799999995e-01    +7.3823528300000003e+00    +6.7166948299999998e+00
309      +0.0000000000000000e+00    +6.7872533800000001e+00    +7.3439221400000001e+00
310      +3.4883678000000001e-01    +6.5202360199999996e+00    +7.5739574400000000e+00
311      +6.7297607699999995e-01    +6.8309559799999997e+00    +7.2722172699999996e+00
312      +0.0000000000000000e+00    +6.1902179700000000e+00    +7.8537383099999998e+00
313      +3.7216061400000000e-01    +5.9037418400000004e+00    +8.0627126699999998e+00
314      +7.2108274699999997e-01    +6.2352285399999996e+00    +7.7847266199999998e+00
315      +0.0000000000000000e+00    +5.5550279600000003e+00    +8.3151464500000003e+00
316      +3.9383974700000002e-01    +5.2495627400000000e+00    +8.5021753300000000e+00
317      +7.6603144400000001e-01    +5.5987029100000001e+00    +8.2503166199999995e+00
318      +0.0000000000000000e+00    +4.8855991400000001e+00    +8.7253036500000007e+00
319      +4.1374424100000001e-01    +4.5618438699999997e+00    +8.8892288199999996e+00
320      +8.0755496000000004e-01    +4.9254155199999996e+00    +8.6653413799999992e+00
321      +0.0000000000000000e+00    +4.1860575700000000e+00    +9.0816803000000004e+00
322      +4.3175691399999999e-01    +3.8450674999999999e+00    +9.2211189299999994e+00
323      +8.4540778400000005e-01    +4.2198848699999996e+00    +9.0265083300000004e+00
324      +0.0000000000000000e+00    +3.4607141000000001e+00    +9.3820819899999996e+00
325      +4.4777709199999999e-01    +3.1040155899999999e+00    +9.4955034299999994e+00
326      +8.7937426600000002e-01    +3.4870731799999999e+00    +9.3309707599999996e+00
327      +0.0000000000000000e+00    +2.7140405200000002e+00    +9.6246547699999994e+00
328      +4.6172425200000000e-01    +2.3437173400000000e+00    +9.7104997599999994e+00
329      +9.0927553200000000e-01    +2.7323181600000002e+00    +9.5764112499999996e+00
330      +0.0000000000000000e+00    +1.9506382900000001e+00    +9.8079052000000004e+00
331      +4.7354081300000000e-01    +1.5693880300000000e+00    +9.8647241599999997e+00
332      +9.3497544499999996e-01    +1.9612489900000001e+00    +9.7611131699999998e+00
333      +0.0000000000000000e+00    +1.1752129800000000e+00    +9.9307031600000002e+00
334      +4.8319381500000003e-01    +7.8635835600000004e-01    +9.9573173500000003e+00
335      +9.5638585099999995e-01    +1.1796811800000000e+00    +9.8840112700000002e+00
336      +0.0000000000000000e+00    +3.9254414999999998e-01    +9.9922924000000002e+00
337      +4.9067673099999998e-01    +0.0000000000000000e+00    +9.9879541399999994e+00
338      +9.7346931699999995e-01    +3.9350309999999999e-01    +9.9447231299999999e+00
339      +5.4568105899999997e-01    +9.2493228900000002e+00    +3.7619488200000002e+00
340      +6.6531258800000004e-01    +9.3870496699999997e+00    +3.3824038500000002e+00
341      +4.5366343900000000e-01    +9.5100307500000003e+00    +3.0583505600000001e+00
342      +6.3640457399999995e-01    +8.9325180100000008e+00    +4.4502940200000003e+00
343      +7.8757268199999997e-01    +9.1004610100000001e+00    +4.0695614800000000e+00
344      +7.2493863100000000e-01    +8.5615081800000006e+00    +5.1161551500000000e+00
345      +9.0726572299999997e-01    +8.7596235300000007e+00    +4.7377061800000000e+00
346      +8.1085014300000002e-01    +8.1374015800000006e+00    +5.7554516800000002e+00
347      +1.0238317299999999e+00    +8.3651399600000005e+00    +5.3829550700000004e+00
348      +8.9367550600000001e-01    +7.6616954799999997e+00    +6.3639426200000004e+00
349      +1.1366572399999999e+00    +7.9179658899999996e+00    +6.0011520400000000e+00
350      +9.7292524599999997e-01    +7.1363587400000004e+00    +6.9372763600000003e+00
351      +1.2450803500000001e+00    +7.4195170399999997e+00    +6.5879092200000002e+00
352      +1.0480927200000001e+00    +6.5639009499999998e+00    +7.4710578900000000e+00
353      +1.3483996400000000e+00    +6.8717741999999999e+00    +7.1386647200000004e+00
354      +1.1186652200000000e+00    +5.9474334700000000e+00    +7.9609432199999999e+00
355      +1.4458898300000000e+00    +6.2773771299999996e+00    +7.6487870200000003e+00
356      +1.1841393700000000e+00    +5.2907013899999997e+00    +8.4027547800000004e+00
357      +1.5368215999999999e+00    +5.6396899200000004e+00    +8.1136970500000007e+00
358      +1.2440371500000000e+00    +4.5980887399999997e+00    +8.7926073099999993e+00
359      +1.6204866200000001e+00    +4.9628391299999999e+00    +8.5290241200000008e+00
360      +1.2979257099999999e+00    +3.8745887300000001e+00    +9.1270446799999991e+00
361      +1.6962257599999999e+00    +4.2517046900000004e+00    +8.8907718700000000e+00
362      +1.3454339500000001e+00    +3.1257381400000002e+00    +9.4031677200000008e+00
363      +1.7634577800000000e+00    +3.5118656200000000e+00    +9.1954889299999998e+00
364      +1.3862714800000000e+00    +2.3575124700000001e+00    +9.6187515300000008e+00
365      +1.8217078400000000e+00    +2.7494926500000001e+00    +9.4404277800000003e+00
366      +1.4202407600000000e+00    +1.5761945200000000e+00    +9.7723350500000006e+00
367      +1.8706316900000000e+00    +1.9712003499999999e+00    +9.6236743899999997e+00
368      +1.4472476200000000e+00    +7.8821802100000005e-01    +9.8632745699999997e+00
369      +1.9100328700000000e+00    +1.1838606599999999e+00    +9.7442417100000007e+00
370      +1.4673047100000001e+00    +0.0000000000000000e+00    +9.8917646399999999e+00
371      +1.9398738099999999e+00    +3.9439758699999999e-01    +9.8021087599999994e+00
372      +9.0444994000000001e-01    +9.2550783200000009e+00    +3.6777019499999999e+00
373      +9.9047261499999995e-01    +9.3895111100000008e+00    +3.2948501100000001e+00
374      +7.5124973100000003e-01    +9.5100307500000003e+00    +2.9991569500000002e+00
375      +1.0558216600000001e+00    +8.9451627699999996e+00    +4.3438806500000000e+00
376      +1.1736725600000000e+00    +9.1089172400000002e+00    +3.9560225000000000e+00
377      +1.2038905600000001e+00    +8.5814914699999996e+00    +4.9908561699999998e+00
378      +1.3534402800000001e+00    +8.7748279599999996e+00    +4.6011514699999996e+00
379      +1.3479089700000000e+00    +8.1644563699999999e+00    +5.6146946000000000e+00
380      +1.5289285200000000e+00    +8.3871917699999994e+00    +5.2266039800000001e+00
381      +1.4870382499999999e+00    +7.6948585500000002e+00    +6.2111086799999997e+00
382      +1.6991630799999999e+00    +7.9463019399999997e+00    +5.8283042900000002e+00
383      +1.6203564399999999e+00    +7.1740493799999996e+00    +6.7755041100000000e+00
384      +1.8630458100000000e+00    +7.4529490500000000e+00    +6.4017663000000002e+00
385      +1.7468766000000000e+00    +6.6040596999999996e+00    +7.3030691100000000e+00
386      +2.0193719899999998e+00    +6.9085869799999999e+00    +6.9421582199999996e+00
387      +1.8655724499999999e+00    +5.9877109500000003e+00    +7.7888998999999997e+00
388      +2.1668591500000001e+00    +6.3154778499999997e+00    +7.4444246300000003e+00
389      +1.9754142800000001e+00    +5.3286924400000002e+00    +8.2281694400000003e+00
390      +2.3041875400000000e+00    +5.6768121699999998e+00    +7.9034500100000002e+00
391      +2.0754122700000002e+00    +4.6315975199999997e+00    +8.6163196600000003e+00
392      +2.4300568100000000e+00    +4.9967803999999996e+00    +8.3142652500000001e+00
393      +2.1646640300000000e+00    +3.9018881300000001e+00    +8.9492740600000005e+00
394      +2.5432450800000002e+00    +4.2805828999999997e+00    +8.6722841299999995e+00
395      +2.2424025500000000e+00    +3.1458115599999998e+00    +9.2236385300000006e+00
396      +2.6426763499999999e+00    +3.5343604100000001e+00    +8.9735479399999996e+00
397      +2.3080396699999999e+00    +2.3702387800000002e+00    +9.4368915599999994e+00
398      +2.7274847000000002e+00    +2.7650578000000001e+00    +9.2149486500000002e+00
399      +2.3612024800000002e+00    +1.5824567100000000e+00    +9.5875205999999995e+00
400      +2.7970674000000000e+00    +1.9802013599999999e+00    +9.3944244399999999e+00
401      +2.4017543799999999e+00    +7.8992271400000003e-01    +9.6751022300000002e+00
402      +2.8511226199999999e+00    +1.1876314900000000e+00    +9.5110797900000001e+00
403      +2.4298017000000001e+00    +0.0000000000000000e+00    +9.7003126099999992e+00
404      +2.8896701299999998e+00    +3.9520221900000002e-01    +9.5652294199999996e+00
405      +1.2553104200000000e+00    +9.2601175300000005e+00    +3.5601160500000000e+00
406      +1.3065027000000000e+00    +9.3916187299999994e+00    +3.1765611200000001e+00
407      +1.0416010600000001e+00    +9.5100307500000003e+00    +2.9110798800000000e+00
408      +1.4668655399999999e+00    +8.9562339800000004e+00    +4.1993074400000001e+00
409      +1.5497938400000000e+00    +9.1161508599999994e+00    +3.8070893300000002e+00
410      +1.6742326000000001e+00    +8.5990076099999992e+00    +4.8222422600000003e+00
411      +1.7889733299999999e+00    +8.7878408399999994e+00    +4.4241862300000001e+00
412      +1.8763368100000000e+00    +8.1882123900000003e+00    +5.4251761399999996e+00
413      +2.0229089299999998e+00    +8.4060936000000002e+00    +5.0244827299999999e+00
414      +2.0719254000000000e+00    +7.7240447999999997e+00    +6.0038533200000002e+00
415      +2.2502443799999998e+00    +7.9706368400000001e+00    +5.6040473000000004e+00
416      +2.2595758400000001e+00    +7.2073025700000004e+00    +6.5535569200000001e+00
417      +2.4694032699999999e+00    +7.4817247399999998e+00    +6.1583957700000003e+00
418      +2.4377253099999998e+00    +6.6395740500000002e+00    +7.0691976500000004e+00
419      +2.6786086600000001e+00    +6.9403438599999996e+00    +6.6825656899999997e+00
420      +2.6047160599999999e+00    +6.0234036399999997e+00    +7.5454664200000003e+00
421      +2.8759291199999999e+00    +6.3484144200000001e+00    +7.1712388999999996e+00
422      +2.7588603500000000e+00    +5.3624124499999999e+00    +7.9770431500000001e+00
423      +3.0593493000000000e+00    +5.7089576700000002e+00    +7.6189360600000002e+00
424      +2.8985190400000000e+00    +4.6613650299999998e+00    +8.3588438000000007e+00
425      +3.2268571900000000e+00    +5.0262055400000003e+00    +8.0202646299999998e+00
426      +3.0221953400000001e+00    +3.9261426899999998e+00    +8.6862964599999994e+00
427      +3.3765571099999998e+00    +4.3056287800000002e+00    +8.3702106500000006e+00
428      +3.1286256300000002e+00    +3.1636319199999998e+00    +8.9556207699999995e+00
429      +3.5067815800000002e+00    +3.5538649599999999e+00    +8.6644401599999998e+00
430      +3.2168633899999999e+00    +2.3815169300000001e+00    +9.1640691800000003e+00
431      +3.6162083100000002e+00    +2.7785389399999998e+00    +8.8995933500000000e+00
432      +3.2863457199999999e+00    +1.5879919499999999e+00    +9.3101139100000001e+00
433      +3.7039496900000000e+00    +1.9879820300000000e+00    +9.0735158899999995e+00
434      +3.3369288400000001e+00    +7.9142421500000004e-01    +9.3935375200000006e+00
435      +3.7696192300000000e+00    +1.1908826800000001e+00    +9.1854104999999997e+00
436      +3.3688986299999999e+00    +0.0000000000000000e+00    +9.4154405600000004e+00
437      +3.8133554500000000e+00    +3.9589402099999998e-01    +9.2358856199999995e+00
438      +1.5949540099999999e+00    +9.2643098800000008e+00    +3.4100852000000001e+00
439      +1.6103956699999999e+00    +9.3933172200000001e+00    +3.0285658799999999e+00
440      +1.3219212300000001e+00    +9.5100307500000003e+00    +2.7949674099999999e+00
441      +1.8656328900000001e+00    +8.9654474299999993e+00    +4.0174817999999997e+00
442      +1.9123678200000001e+00    +9.1219768499999994e+00    +3.6238641700000001e+00
443      +2.1313850900000002e+00    +8.6136007299999999e+00    +4.6111908000000001e+00
444      +2.2096478899999998e+00    +8.7983284000000008e+00    +4.2079534499999998e+00
445      +2.3908038100000000e+00    +8.2080402400000008e+00    +5.1876912099999997e+00
446      +2.5008206400000002e+00    +8.4213457100000007e+00    +4.7777428600000000e+00
447      +2.6421988000000001e+00    +7.7484531399999996e+00    +5.7428441000000001e+00
448      +2.7841420200000000e+00    +7.9903073300000003e+00    +5.3294973399999996e+00
449      +2.8836050000000002e+00    +7.2351708400000003e+00    +6.2719316500000000e+00
450      +3.0575323100000000e+00    +7.5050282499999996e+00    +5.8588433300000000e+00
451      +3.1128213400000000e+00    +6.6693987799999999e+00    +6.7697463000000004e+00
452      +3.3186075700000002e+00    +6.9661102300000000e+00    +6.3608298300000001e+00
453      +3.3274798400000001e+00    +6.0534310299999996e+00    +7.2307572400000000e+00
454      +3.5647375600000002e+00    +6.3751845400000002e+00    +6.8300561899999996e+00
455      +3.5251426700000001e+00    +5.3908190700000000e+00    +7.6493425400000001e+00
456      +3.7931468499999998e+00    +5.7351222000000002e+00    +7.2608823800000000e+00
457      +3.7034306500000000e+00    +4.6864604900000000e+00    +8.0200805699999993e+00
458      +4.0010480900000003e+00    +5.0501780500000004e+00    +7.6476998299999996e+00
459      +3.8601670299999999e+00    +3.9465908999999999e+00    +8.3380775499999995e+00
460      +4.1858043699999996e+00    +4.3260417000000002e+00    +7.9852614400000004e+00
461      +3.9935271700000001e+00    +3.1786441800000000e+00    +8.5993003800000007e+00
462      +4.3451070800000000e+00    +3.5697560300000002e+00    +8.2690315200000004e+00
463      +4.1021738100000000e+00    +2.3910028900000002e+00    +8.8008680300000002e+00
464      +4.4771447200000001e+00    +2.7895112000000002e+00    +8.4955167800000009e+00
465      +4.1853561399999997e+00    +1.5926357499999999e+00    +8.9412698699999993e+00
466      +4.5807423600000003e+00    +1.9943044200000000e+00    +8.6625366199999991e+00
467      +4.2429690400000002e+00    +7.9267984599999997e-01    +9.0204696700000007e+00
468      +4.6554551100000001e+00    +1.1935187599999999e+00    +8.7693929700000002e+00
469      +4.2755508400000002e+00    +0.0000000000000000e+00    +9.0398931499999993e+00
470      +4.7015948300000003e+00    +3.9645358900000000e-01    +8.8169059799999996e+00
471      +1.9201680400000001e+00    +9.2675504699999998e+00    +3.2288482200000002e+00
472      +1.8992572999999999e+00    +9.3945627199999997e+00    +2.8521938300000000e+00
473      +1.5895105599999999e+00    +9.5100307500000003e+00    +2.6519379600000001e+00
474      +2.2483057999999998e+00    +8.9725713700000007e+00    +3.7997486600000001e+00
475      +2.2579414799999999e+00    +9.1262464500000000e+00    +3.4078319100000001e+00
476      +2.5708315399999999e+00    +8.6248941400000003e+00    +4.3591318100000001e+00
477      +2.6113560200000001e+00    +8.8060197799999997e+00    +3.9540913099999999e+00
478      +2.8860073100000001e+00    +8.2234048800000004e+00    +4.9037308700000004e+00
479      +2.9578077800000000e+00    +8.4325428000000002e+00    +4.4881610900000002e+00
480      +3.1916980700000002e+00    +7.7673993100000001e+00    +5.4296011899999996e+00
481      +3.2951626799999998e+00    +8.0047674200000003e+00    +5.0065565100000002e+00
482      +3.4853818400000001e+00    +7.2568402299999999e+00    +5.9321479799999999e+00
483      +3.6208424600000000e+00    +7.5221843699999997e+00    +5.5051107400000001e+00
484      +3.7641963999999999e+00    +6.6926279099999997e+00    +6.4062123299999998e+00
485      +3.9318518600000001e+00    +6.9851083799999998e+00    +5.9790301299999999e+00
486      +4.0250306100000000e+00    +6.0768518399999998e+00    +6.8462400399999996e+00
487      +4.2248578099999996e+00    +6.3949489599999998e+00    +6.4230213200000001e+00
488      +4.2646598800000000e+00    +5.4129986800000003e+00    +7.2465248100000004e+00
489      +4.4963173899999997e+00    +5.7544603299999997e+00    +6.8314943299999999e+00
490      +4.4799251599999996e+00    +4.7060675600000001e+00    +7.6015262600000000e+00
491      +4.7426581399999996e+00    +5.0679092399999996e+00    +7.1988534900000003e+00
492      +4.6679391900000002e+00    +3.9625659000000000e+00    +7.9062261600000001e+00
493      +4.9604978600000003e+00    +4.3411440800000003e+00    +7.5198354700000003e+00
494      +4.8262953800000004e+00    +3.1903648400000000e+00    +8.1564969999999999e+00
495      +5.1468839600000003e+00    +3.5815095900000000e+00    +7.7898893400000002e+00
496      +4.9532604200000003e+00    +2.3983984000000000e+00    +8.3494253199999999e+00
497      +5.2995223999999999e+00    +2.7976195800000001e+00    +8.0055227299999991e+00
498      +5.0479140300000003e+00    +1.5962491000000001e+00    +8.4835462600000007e+00
499      +5.4169664400000004e+00    +1.9989700300000000e+00    +8.1645936999999993e+00
500      +5.1102228199999997e+00    +7.9365420300000000e-01    +8.5589561500000002e+00
501      +5.4987358999999998e+00    +1.1954605599999999e+00    +8.2664852100000008e+00
502      +5.1410274500000002e+00    +0.0000000000000000e+00    +8.5772857699999996e+00
503      +5.5453486400000003e+00    +3.9686501000000002e-01    +8.3121366499999993e+00
504      +2.2278747600000002e+00    +9.2697572699999995e+00    +3.0179753300000001e+00
505      +2.1703383900000000e+00    +9.3953228000000006e+00    +2.6490633500000000e+00
506      +1.8417919899999999e+00    +9.5100307500000003e+00    +2.4833688700000001e+00
507      +2.6112093900000000e+00    +8.9774227100000008e+00    +3.5478816000000002e+00
508      +2.5832252499999999e+00    +9.1288528400000004e+00    +3.1608531499999999e+00
509      +2.9882013800000000e+00    +8.6325912500000008e+00    +4.0680480000000001e+00
510      +2.9901711899999999e+00    +8.8107156799999995e+00    +3.6647193400000000e+00
511      +3.3567857700000001e+00    +8.2338886299999992e+00    +4.5754857099999997e+00
512      +3.3892049800000001e+00    +8.4393844599999994e+00    +4.1581335099999999e+00
513      +3.7143917100000001e+00    +7.7803425800000001e+00    +5.0665135399999999e+00
514      +3.7778177300000002e+00    +8.0136098899999997e+00    +4.6379032100000002e+00
515      +4.0579538299999998e+00    +7.2716636699999997e+00    +5.5367784499999999e+00
516      +4.1529517199999999e+00    +7.5326871899999999e+00    +5.1001586899999998e+00
517      +4.3839654899999996e+00    +6.7085380600000004e+00    +5.9813346899999997e+00
518      +4.5110340100000004e+00    +6.9967503500000001e+00    +5.5404024100000004e+00
519      +4.6885933900000003e+00    +6.0929102899999998e+00    +6.3948054299999999e+00
520      +4.8480711000000003e+00    +6.4070725399999997e+00    +5.9536228199999996e+00
521      +4.9678492500000004e+00    +5.4282178900000000e+00    +6.7716264700000002e+00
522      +5.1598038700000002e+00    +5.7663311999999998e+00    +6.3344965000000002e+00
523      +5.2178192100000000e+00    +4.7195262900000001e+00    +7.1063656799999997e+00
524      +5.4419307699999999e+00    +5.0787987699999997e+00    +6.6776638000000004e+00
525      +5.4349284200000003e+00    +3.9735319599999999e+00    +7.3940920800000001e+00
526      +5.6903772400000001e+00    +4.3504199999999997e+00    +6.9780693100000004e+00
527      +5.6162157099999996e+00    +3.1984057400000001e+00    +7.6307487500000004e+00
528      +5.9016003599999998e+00    +3.5887277100000001e+00    +7.2313308699999999e+00
529      +5.7595748899999997e+00    +2.4034671799999998e+00    +7.8134908699999999e+00
530      +6.0728664400000003e+00    +2.8025960900000002e+00    +7.4340939500000003e+00
531      +5.8639388099999996e+00    +1.5987214999999999e+00    +7.9409265500000004e+00
532      +6.2024860400000001e+00    +2.0018308199999999e+00    +7.5843153000000001e+00
533      +5.9293599099999996e+00    +7.9431956999999997e-01    +8.0132236500000005e+00
534      +6.2899589499999999e+00    +1.1966499100000001e+00    +7.6814351099999998e+00
535      +5.9569931000000000e+00    +0.0000000000000000e+00    +8.0320758800000007e+00
536      +6.3360013999999998e+00    +3.9711663100000000e-01    +7.7264080000000002e+00
537      +2.5151691399999998e+00    +9.2708749800000003e+00    +2.7793540999999999e+00
538      +2.4210641399999999e+00    +9.3955783799999999e+00    +2.4210641399999999e+00
539      +2.0763359100000001e+00    +9.5100307500000003e+00    +2.2908837800000001e+00
540      +2.9508695600000001e+00    +8.9798803300000003e+00    +3.2640655000000001e+00
541      +2.8851382700000001e+00    +9.1297292700000003e+00    +2.8851382700000001e+00
542      +3.3793528099999999e+00    +8.6364917800000001e+00    +3.7404525300000002e+00
543      +3.3424141399999998e+00    +8.8122949599999991e+00    +3.3424141399999998e+00
544      +3.7982349399999999e+00    +8.2392034499999998e+00    +4.2058215099999998e+00
545      +3.7906425000000001e+00    +8.4416856800000009e+00    +3.7906425000000001e+00
546      +4.2045330999999999e+00    +7.7869100600000003e+00    +4.6568160100000000e+00
547      +4.2269578000000001e+00    +8.0165863000000002e+00    +4.2269578000000001e+00
548      +4.5946793599999998e+00    +7.2791910199999998e+00    +5.0894303299999999e+00
549      +4.6478672000000003e+00    +7.5362234099999998e+00    +4.6478672000000003e+00
550      +4.9645805400000000e+00    +6.7166228300000004e+00    +5.4990835200000001e+00
551      +5.0492863699999999e+00    +7.0006723400000004e+00    +5.0492863699999999e+00
552      +5.3097553299999998e+00    +6.1010761300000000e+00    +5.8807630499999997e+00
553      +5.4266495700000004e+00    +6.4111585599999996e+00    +5.4266495700000004e+00
554      +5.6255335799999999e+00    +5.4359607700000003e+00    +6.2292618800000001e+00
555      +5.7750868799999999e+00    +5.7703332899999999e+00    +5.7750868799999999e+00
556      +5.9073357599999996e+00    +4.7263751000000003e+00    +6.5394773500000003e+00
557      +6.0896835300000003e+00    +5.0824708899999997e+00    +6.0896835300000003e+00
558      +6.1509842900000002e+00    +3.9791119099999999e+00    +6.8067660300000004e+00
559      +6.3657918000000002e+00    +4.3535490000000001e+00    +6.3657918000000002e+00
560      +6.3530316400000002e+00    +3.2024958099999998e+00    +7.0273046499999996e+00
561      +6.5993771600000004e+00    +3.5911621999999999e+00    +6.5993771600000004e+00
562      +6.5110497499999997e+00    +2.4060435299999998e+00    +7.1984152799999999e+00
563      +6.7873430299999997e+00    +2.8042740799999999e+00    +6.7873430299999997e+00
564      +6.6238450999999996e+00    +1.5999772500000000e+00    +7.3187942499999998e+00
565      +6.9277996999999996e+00    +2.0027949800000000e+00    +6.9277996999999996e+00
566      +6.6915483499999997e+00    +7.9465717100000000e-01    +7.3886199000000001e+00
567      +7.0202231399999997e+00    +1.1970503299999999e+00    +7.0202231399999997e+00
568      +6.7155895200000000e+00    +0.0000000000000000e+00    +7.4095110899999996e+00
569      +7.0654878600000002e+00    +3.9720132899999999e-01    +7.0654878600000002e+00
570      +2.7793540999999999e+00    +9.2708749800000003e+00    +2.5151691399999998e+00
571      +2.6490633500000000e+00    +9.3953228000000006e+00    +2.1703383900000000e+00
572      +2.2908837800000001e+00    +9.5100307500000003e+00    +2.0763359100000001e+00
573      +3.2640655000000001e+00    +8.9798803300000003e+00    +2.9508695600000001e+00
574      +3.1608531499999999e+00    +9.1288528400000004e+00    +2.5832252499999999e+00
575      +3.7404525300000002e+00    +8.6364917800000001e+00    +3.3793528099999999e+00
576      +3.6647193400000000e+00    +8.8107156799999995e+00    +2.9901711899999999e+00
577      +4.2058215099999998e+00    +8.2392034499999998e+00    +3.7982349399999999e+00
578      +4.1581335099999999e+00    +8.4393844599999994e+00    +3.3892049800000001e+00
579      +4.6568160100000000e+00    +7.7869100600000003e+00    +4.2045330999999999e+00
580      +4.6379032100000002e+00    +8.0136098899999997e+00    +3.7778177300000002e+00
581      +5.0894303299999999e+00    +7.2791910199999998e+00    +4.5946793599999998e+00
582      +5.1001586899999998e+00    +7.5326871899999999e+00    +4.1529517199999999e+00
583      +5.4990835200000001e+00    +6.7166228300000004e+00    +4.9645805400000000e+00
584      +5.5404024100000004e+00    +6.9967503500000001e+00    +4.5110340100000004e+00
585      +5.8807630499999997e+00    +6.1010761300000000e+00    +5.3097553299999998e+00
586      +5.9536228199999996e+00    +6.4070725399999997e+00    +4.8480711000000003e+00
587      +6.2292618800000001e+00    +5.4359607700000003e+00    +5.6255335799999999e+00
588      +6.3344965000000002e+00    +5.7663311999999998e+00    +5.1598038700000002e+00
589      +6.5394773500000003e+00    +4.7263751000000003e+00    +5.9073357599999996e+00
590      +6.6776638000000004e+00    +5.0787987699999997e+00    +5.4419307699999999e+00
591      +6.8067660300000004e+00    +3.9791119099999999e+00    +6.1509842900000002e+00
592      +6.9780693100000004e+00    +4.3504199999999997e+00    +5.6903772400000001e+00
593      +7.0273046499999996e+00    +3.2024958099999998e+00    +6.3530316400000002e+00
594      +7.2313308699999999e+00    +3.5887277100000001e+00    +5.9016003599999998e+00
595      +7.1984152799999999e+00    +2.4060435299999998e+00    +6.5110497499999997e+00
596      +7.4340939500000003e+00    +2.8025960900000002e+00    +6.0728664400000003e+00
597      +7.3187942499999998e+00    +1.5999772500000000e+00    +6.6238450999999996e+00
598      +7.5843153000000001e+00    +2.0018308199999999e+00    +6.2024860400000001e+00
599      +7.3886199000000001e+00    +7.9465717100000000e-01    +6.6915483499999997e+00
600      +7.6814351099999998e+00    +1.1966499100000001e+00    +6.2899589499999999e+00
601      +7.4095110899999996e+00    +0.0000000000000000e+00    +6.7155895200000000e+00
602      +7.7264080000000002e+00    +3.9711663100000000e-01    +6.3360013999999998e+00
603      +3.0179753300000001e+00    +9.2697572699999995e+00    +2.2278747600000002e+00
604      +2.8521938300000000e+00    +9.3945627199999997e+00    +1.8992572999999999e+00
605      +2.4833688700000001e+00    +9.5100307500000003e+00    +1.8417919899999999e+00
606      +3.5478816000000002e+00    +8.9774227100000008e+00    +2.6112093900000000e+00
607      +3.4078319100000001e+00    +9.1262464500000000e+00    +2.2579414799999999e+00
608      +4.0680480000000001e+00    +8.6325912500000008e+00    +2.9882013800000000e+00
609      +3.9540913099999999e+00    +8.8060197799999997e+00    +2.6113560200000001e+00
610      +4.5754857099999997e+00    +8.2338886299999992e+00    +3.3567857700000001e+00
611      +4.4881610900000002e+00    +8.4325428000000002e+00    +2.9578077800000000e+00
612      +5.0665135399999999e+00    +7.7803425800000001e+00    +3.7143917100000001e+00
613      +5.0065565100000002e+00    +8.0047674200000003e+00    +3.2951626799999998e+00
614      +5.5367784499999999e+00    +7.2716636699999997e+00    +4.0579538299999998e+00
615      +5.5051107400000001e+00    +7.5221843699999997e+00    +3.6208424600000000e+00
616      +5.9813346899999997e+00    +6.7085380600000004e+00    +4.3839654899999996e+00
617      +5.9790301299999999e+00    +6.9851083799999998e+00    +3.9318518600000001e+00
618      +6.3948054299999999e+00    +6.0929102899999998e+00    +4.6885933900000003e+00
619      +6.4230213200000001e+00    +6.3949489599999998e+00    +4.2248578099999996e+00
620      +6.7716264700000002e+00    +5.4282178900000000e+00    +4.9678492500000004e+00
621      +6.8314943299999999e+00    +5.7544603299999997e+00    +4.4963173899999997e+00
622      +7.1063656799999997e+00    +4.7195262900000001e+00    +5.2178192100000000e+00
623      +7.1988534900000003e+00    +5.0679092399999996e+00    +4.7426581399999996e+00
624      +7.3940920800000001e+00    +3.9735319599999999e+00    +5.4349284200000003e+00
625      +7.5198354700000003e+00    +4.3411440800000003e+00    +4.9604978600000003e+00
626      +7.6307487500000004e+00    +3.1984057400000001e+00    +5.6162157099999996e+00
627      +7.7898893400000002e+00    +3.5815095900000000e+00    +5.1468839600000003e+00
628      +7.8134908699999999e+00    +2.4034671799999998e+00    +5.7595748899999997e+00
629      +8.0055227299999991e+00    +2.7976195800000001e+00    +5.2995223999999999e+00
630      +7.9409265500000004e+00    +1.5987214999999999e+00    +5.8639388099999996e+00
631      +8.1645936999999993e+00    +1.9989700300000000e+00    +5.4169664400000004e+00
632      +8.0132236500000005e+00    +7.9431956999999997e-01    +5.9293599099999996e+00
633      +8.2664852100000008e+00    +1.1954605599999999e+00    +5.4987358999999998e+00
634      +8.0320758800000007e+00    +0.0000000000000000e+00    +5.9569931000000000e+00
635      +8.3121366499999993e+00    +3.9686501000000002e-01    +5.5453486400000003e+00
636      +3.2288482200000002e+00    +9.2675504699999998e+00    +1.9201680400000001e+00
637      +3.0285658799999999e+00    +9.3933172200000001e+00    +1.6103956699999999e+00
638      +2.6519379600000001e+00    +9.5100307500000003e+00    +1.5895105599999999e+00
639      +3.7997486600000001e+00    +8.9725713700000007e+00    +2.2483057999999998e+00
640      +3.6238641700000001e+00    +9.1219768499999994e+00    +1.9123678200000001e+00
641      +4.3591318100000001e+00    +8.6248941400000003e+00    +2.5708315399999999e+00
642      +4.2079534499999998e+00    +8.7983284000000008e+00    +2.2096478899999998e+00
643      +4.9037308700000004e+00    +8.2234048800000004e+00    +2.8860073100000001e+00
644      +4.7777428600000000e+00    +8.4213457100000007e+00    +2.5008206400000002e+00
645      +5.4296011899999996e+00    +7.7673993100000001e+00    +3.1916980700000002e+00
646      +5.3294973399999996e+00    +7.9903073300000003e+00    +2.7841420200000000e+00
647      +5.9321479799999999e+00    +7.2568402299999999e+00    +3.4853818400000001e+00
648      +5.8588433300000000e+00    +7.5050282499999996e+00    +3.0575323100000000e+00
649      +6.4062123299999998e+00    +6.6926279099999997e+00    +3.7641963999999999e+00
650      +6.3608298300000001e+00    +6.9661102300000000e+00    +3.3186075700000002e+00
651      +6.8462400399999996e+00    +6.0768518399999998e+00    +4.0250306100000000e+00
652      +6.8300561899999996e+00    +6.3751845400000002e+00    +3.5647375600000002e+00
653      +7.2465248100000004e+00    +5.4129986800000003e+00    +4.2646598800000000e+00
654      +7.2608823800000000e+00    +5.7351222000000002e+00    +3.7931468499999998e+00
655      +7.6015262600000000e+00    +4.7060675600000001e+00    +4.4799251599999996e+00
656      +7.6476998299999996e+00    +5.0501780500000004e+00    +4.0010480900000003e+00
657      +7.9062261600000001e+00    +3.9625659000000000e+00    +4.6679391900000002e+00
658      +7.9852614400000004e+00    +4.3260417000000002e+00    +4.1858043699999996e+00
659      +8.1564969999999999e+00    +3.1903648400000000e+00    +4.8262953800000004e+00
660      +8.2690315200000004e+00    +3.5697560300000002e+00    +4.3451070800000000e+00
661      +8.3494253199999999e+00    +2.3983984000000000e+00    +4.9532604200000003e+00
662      +8.4955167800000009e+00    +2.7895112000000002e+00    +4.4771447200000001e+00
663      +8.4835462600000007e+00    +1.5962491000000001e+00    +5.0479140300000003e+00
664      +8.6625366199999991e+00    +1.9943044200000000e+00    +4.5807423600000003e+00
665      +8.5589561500000002e+00    +7.9365420300000000e-01    +5.1102228199999997e+00
666      +8.7693929700000002e+00    +1.1935187599999999e+00    +4.6554551100000001e+00
667      +8.5772857699999996e+00    +0.0000000000000000e+00    +5.1410274500000002e+00
668      +8.8169059799999996e+00    +3.9645358900000000e-01    +4.7015948300000003e+00
669      +3.4100852000000001e+00    +9.2643098800000008e+00    +1.5949540099999999e+00
670      +3.1765611200000001e+00    +9.3916187299999994e+00    +1.3065027000000000e+00
671      +2.7949674099999999e+00    +9.5100307500000003e+00    +1.3219212300000001e+00
672      +4.0174817999999997e+00    +8.9654474299999993e+00    +1.8656328900000001e+00
673      +3.8070893300000002e+00    +9.1161508599999994e+00    +1.5497938400000000e+00
674      +4.6111908000000001e+00    +8.6136007299999999e+00    +2.1313850900000002e+00
675      +4.4241862300000001e+00    +8.7878408399999994e+00    +1.7889733299999999e+00
676      +5.1876912099999997e+00    +8.2080402400000008e+00    +2.3908038100000000e+00
677      +5.0244827299999999e+00    +8.4060936000000002e+00    +2.0229089299999998e+00
678      +5.7428441000000001e+00    +7.7484531399999996e+00    +2.6421988000000001e+00
679      +5.6040473000000004e+00    +7.9706368400000001e+00    +2.2502443799999998e+00
680      +6.2719316500000000e+00    +7.2351708400000003e+00    +2.8836050000000002e+00
681      +6.1583957700000003e+00    +7.4817247399999998e+00    +2.4694032699999999e+00
682      +6.7697463000000004e+00    +6.6693987799999999e+00    +3.1128213400000000e+00
683      +6.6825656899999997e+00    +6.9403438599999996e+00    +2.6786086600000001e+00
684      +7.2307572400000000e+00    +6.0534310299999996e+00    +3.3274798400000001e+00
685      +7.1712388999999996e+00    +6.3484144200000001e+00    +2.8759291199999999e+00
686      +7.6493425400000001e+00    +5.3908190700000000e+00    +3.5251426700000001e+00
687      +7.6189360600000002e+00    +5.7089576700000002e+00    +3.0593493000000000e+00
688      +8.0200805699999993e+00    +4.6864604900000000e+00    +3.7034306500000000e+00
689      +8.0202646299999998e+00    +5.0262055400000003e+00    +3.2268571900000000e+00
690      +8.3380775499999995e+00    +3.9465908999999999e+00    +3.8601670299999999e+00
691      +8.3702106500000006e+00    +4.3056287800000002e+00    +3.3765571099999998e+00
692      +8.5993003800000007e+00    +3.1786441800000000e+00    +3.9935271700000001e+00
693      +8.6644401599999998e+00    +3.5538649599999999e+00    +3.5067815800000002e+00
694      +8.8008680300000002e+00    +2.3910028900000002e+00    +4.1021738100000000e+00
695      +8.8995933500000000e+00    +2.7785389399999998e+00    +3.6162083100000002e+00
696      +8.9412698699999993e+00    +1.5926357499999999e+00    +4.1853561399999997e+00
697      +9.0735158899999995e+00    +1.9879820300000000e+00    +3.7039496900000000e+00
698      +9.0204696700000007e+00    +7.9267984599999997e-01    +4.2429690400000002e+00
699      +9.1854104999999997e+00    +1.1908826800000001e+00    +3.7696192300000000e+00
700      +9.0398931499999993e+00    +0.0000000000000000e+00    +4.2755508400000002e+00
701      +9.2358856199999995e+00    +3.9589402099999998e-01    +3.8133554500000000e+00
702      +3.5601160500000000e+00    +9.2601175300000005e+00    +1.2553104200000000e+00
703      +3.2948501100000001e+00    +9.3895111100000008e+00    +9.9047261499999995e-01
704      +2.9110798800000000e+00    +9.5100307500000003e+00    +1.0416010600000001e+00
705      +4.1993074400000001e+00    +8.9562339800000004e+00    +1.4668655399999999e+00
706      +3.9560225000000000e+00    +9.1089172400000002e+00    +1.1736725600000000e+00
707      +4.8222422600000003e+00    +8.5990076099999992e+00    +1.6742326000000001e+00
708      +4.6011514699999996e+00    +8.7748279599999996e+00    +1.3534402800000001e+00
709      +5.4251761399999996e+00    +8.1882123900000003e+00    +1.8763368100000000e+00
710      +5.2266039800000001e+00    +8.3871917699999994e+00    +1.5289285200000000e+00
711      +6.0038533200000002e+00    +7.7240447999999997e+00    +2.0719254000000000e+00
712      +5.8283042900000002e+00    +7.9463019399999997e+00    +1.6991630799999999e+00
713      +6.5535569200000001e+00    +7.2073025700000004e+00    +2.2595758400000001e+00
714      +6.4017663000000002e+00    +7.4529490500000000e+00    +1.8630458100000000e+00
715      +7.0691976500000004e+00    +6.6395740500000002e+00    +2.4377253099999998e+00
716      +6.9421582199999996e+00    +6.9085869799999999e+00    +2.0193719899999998e+00
717      +7.5454664200000003e+00    +6.0234036399999997e+00    +2.6047160599999999e+00
718      +7.4444246300000003e+00    +6.3154778499999997e+00    +2.1668591500000001e+00
719      +7.9770431500000001e+00    +5.3624124499999999e+00    +2.7588603500000000e+00
720      +7.9034500100000002e+00    +5.6768121699999998e+00    +2.3041875400000000e+00
721      +8.3588438000000007e+00    +4.6613650299999998e+00    +2.8985190400000000e+00
722      +8.3142652500000001e+00    +4.9967803999999996e+00    +2.4300568100000000e+00
723      +8.6862964599999994e+00    +3.9261426899999998e+00    +3.0221953400000001e+00
724      +8.6722841299999995e+00    +4.2805828999999997e+00    +2.5432450800000002e+00
725      +8.9556207699999995e+00    +3.1636319199999998e+00    +3.1286256300000002e+00
726      +8.9735479399999996e+00    +3.5343604100000001e+00    +2.6426763499999999e+00
727      +9.1640691800000003e+00    +2.3815169300000001e+00    +3.2168633899999999e+00
728      +9.2149486500000002e+00    +2.7650578000000001e+00    +2.7274847000000002e+00
729      +9.3101139100000001e+00    +1.5879919499999999e+00    +3.2863457199999999e+00
730      +9.3944244399999999e+00    +1.9802013599999999e+00    +2.7970674000000000e+00
731      +9.3935375200000006e+00    +7.9142421500000004e-01    +3.3369288400000001e+00
732      +9.5110797900000001e+00    +1.1876314900000000e+00    +2.8511226199999999e+00
733      +9.4154405600000004e+00    +0.0000000000000000e+00    +3.3688986299999999e+00
734      +9.5652294199999996e+00    +3.9520221900000002e-01    +2.8896701299999998e+00
735      +3.6777019499999999e+00    +9.2550783200000009e+00    +9.0444994000000001e-01
736      +3.3824038500000002e+00    +9.3870496699999997e+00    +6.6531258800000004e-01
737      +2.9991569500000002e+00    +9.5100307500000003e+00    +7.5124973100000003e-01
738      +4.3438806500000000e+00    +8.9451627699999996e+00    +1.0558216600000001e+00
739      +4.0695614800000000e+00    +9.1004610100000001e+00    +7.8757268199999997e-01
740      +4.9908561699999998e+00    +8.5814914699999996e+00    +1.2038905600000001e+00
741      +4.7377061800000000e+00    +8.7596235300000007e+00    +9.0726572299999997e-01
742      +5.6146946000000000e+00    +8.1644563699999999e+00    +1.3479089700000000e+00
743      +5.3829550700000004e+00    +8.3651399600000005e+00    +1.0238317299999999e+00
744      +6.2111086799999997e+00    +7.6948585500000002e+00    +1.4870382499999999e+00
745      +6.0011520400000000e+00    +7.9179658899999996e+00    +1.1366572399999999e+00
746      +6.7755041100000000e+00    +7.1740493799999996e+00    +1.6203564399999999e+00
747      +6.5879092200000002e+00    +7.4195170399999997e+00    +1.2450803500000001e+00
748      +7.3030691100000000e+00    +6.6040596999999996e+00    +1.7468766000000000e+00
749      +7.1386647200000004e+00    +6.8717741999999999e+00    +1.3483996400000000e+00
750      +7.7888998999999997e+00    +5.9877109500000003e+00    +1.8655724499999999e+00
751      +7.6487870200000003e+00    +6.2773771299999996e+00    +1.4458898300000000e+00
752      +8.2281694400000003e+00    +5.3286924400000002e+00    +1.9754142800000001e+00
753      +8.1136970500000007e+00    +5.6396899200000004e+00    +1.5368215999999999e+00
754      +8.6163196600000003e+00    +4.6315975199999997e+00    +2.0754122700000002e+00
755      +8.5290241200000008e+00    +4.9628391299999999e+00    +1.6204866200000001e+00
756      +8.9492740600000005e+00    +3.9018881300000001e+00    +2.1646640300000000e+00
757      +8.8907718700000000e+00    +4.2517046900000004e+00    +1.6962257599999999e+00
758      +9.2236385300000006e+00    +3.1458115599999998e+00    +2.2424025500000000e+00
759      +9.1954889299999998e+00    +3.5118656200000000e+00    +1.7634577800000000e+00
760      +9.4368915599999994e+00    +2.3702387800000002e+00    +2.3080396699999999e+00
761      +9.4404277800000003e+00    +2.7494926500000001e+00    +1.8217078400000000e+00
762      +9.5875205999999995e+00    +1.5824567100000000e+00    +2.3612024800000002e+00
763      +9.6236743899999997e+00    +1.9712003499999999e+00    +1.8706316900000000e+00
764      +9.6751022300000002e+00    +7.8992271400000003e-01    +2.4017543799999999e+00
765      +9.7442417100000007e+00    +1.1838606599999999e+00    +1.9100328700000000e+00
766      +9.7003126099999992e+00    +0.0000000000000000e+00    +2.4298017000000001e+00
767      +9.8021087599999994e+00    +3.9439758699999999e-01    +1.9398738099999999e+00
768      +3.7619488200000002e+00    +9.2493228900000002e+00    +5.4568105899999997e-01
769      +3.4385030300000001e+00    +9.3842992800000005e+00    +3.3411011099999999e-01
770      +3.0583505600000001e+00    +9.5100307500000003e+00    +4.5366343900000000e-01
771      +4.4502940200000003e+00    +8.9325180100000008e+00    +6.3640457399999995e-01
772      +4.1470003100000001e+00    +9.0909986499999995e+00    +3.9512974000000001e-01
773      +5.1161551500000000e+00    +8.5615081800000006e+00    +7.2493863100000000e-01
774      +4.8332056999999997e+00    +8.7426176099999999e+00    +4.5470783100000001e-01
775      +5.7554516800000002e+00    +8.1374015800000006e+00    +8.1085014300000002e-01
776      +5.4930071800000002e+00    +8.3405122800000004e+00    +5.1256841399999997e-01
777      +6.3639426200000004e+00    +7.6616954799999997e+00    +8.9367550600000001e-01
778      +6.1222352999999998e+00    +7.8863887799999999e+00    +5.6842720499999999e-01
779      +6.9372763600000003e+00    +7.1363587400000004e+00    +9.7292524599999997e-01
780      +6.7166948299999998e+00    +7.3823528300000003e+00    +6.2199407799999995e-01
781      +7.4710578900000000e+00    +6.5639009499999998e+00    +1.0480927200000001e+00
782      +7.2722172699999996e+00    +6.8309559799999997e+00    +6.7297607699999995e-01
783      +7.9609432199999999e+00    +5.9474334700000000e+00    +1.1186652200000000e+00
784      +7.7847266199999998e+00    +6.2352285399999996e+00    +7.2108274699999997e-01
785      +8.4027547800000004e+00    +5.2907013899999997e+00    +1.1841393700000000e+00
786      +8.2503166199999995e+00    +5.5987029100000001e+00    +7.6603144400000001e-01
787      +8.7926073099999993e+00    +4.5980887399999997e+00    +1.2440371500000000e+00
788      +8.6653413799999992e+00    +4.9254155199999996e+00    +8.0755496000000004e-01
789      +9.1270446799999991e+00    +3.8745887300000001e+00    +1.2979257099999999e+00
790      +9.0265083300000004e+00    +4.2198848699999996e+00    +8.4540778400000005e-01
791      +9.4031677200000008e+00    +3.1257381400000002e+00    +1.3454339500000001e+00
792      +9.3309707599999996e+00    +3.4870731799999999e+00    +8.7937426600000002e-01
793      +9.6187515300000008e+00    +2.3575124700000001e+00    +1.3862714800000000e+00
794      +9.5764112499999996e+00    +2.7323181600000002e+00    +9.0927553200000000e-01
795      +9.7723350500000006e+00    +1.5761945200000000e+00    +1.4202407600000000e+00
796      +9.7611131699999998e+00    +1.9612489900000001e+00    +9.3497544499999996e-01
797      +9.8632745699999997e+00    +7.8821802100000005e-01    +1.4472476200000000e+00
798      +9.8840112700000002e+00    +1.1796811800000000e+00    +9.5638585099999995e-01
799      +9.8917646399999999e+00    +0.0000000000000000e+00    +1.4673047100000001e+00
800      +9.9447231299999999e+00    +3.9350309999999999e-01    +9.7346931699999995e-01
801      +3.8123092700000001e+00    +9.2429990800000006e+00    +1.8236884500000000e-01
802      +3.4627425700000001e+00    +9.3813333500000002e+00    +0.0000000000000000e+00
803      +3.0880906600000002e+00    +9.5100307500000003e+00    +1.5170815600000001e-01
804      +4.5180797600000000e+00    +8.9186201100000009e+00    +2.1254687000000000e-01
805      +4.1880207100000000e+00    +9.0807752599999993e+00    +0.0000000000000000e+00
806      +5.1978120800000003e+00    +8.5395679500000004e+00    +2.4194164600000001e-01
807      +4.8874859800000001e+00    +8.7242469800000002e+00    +0.0000000000000000e+00
808      +5.8473219900000002e+00    +8.1077556600000005e+00    +2.7041310099999999e-01
809      +5.5568261100000003e+00    +8.3139448199999997e+00    +0.0000000000000000e+00
810      +6.4624972300000003e+00    +7.6254463200000000e+00    +2.9781722999999999e-01
811      +6.1919159900000000e+00    +7.8523993499999998e+00    +0.0000000000000000e+00
812      +7.0393300099999996e+00    +7.0952696800000004e+00    +3.2400742199999999e-01
813      +6.7888407700000002e+00    +7.3424544300000001e+00    +0.0000000000000000e+00
814      +7.5739574400000000e+00    +6.5202360199999996e+00    +3.4883678000000001e-01
815      +7.3439221400000001e+00    +6.7872533800000001e+00    +0.0000000000000000e+00
816      +8.0627126699999998e+00    +5.9037418400000004e+00    +3.7216061400000000e-01
817      +7.8537383099999998e+00    +6.1902179700000000e+00    +0.0000000000000000e+00
818      +8.5021753300000000e+00    +5.2495627400000000e+00    +3.9383974700000002e-01
819      +8.3151464500000003e+00    +5.5550279600000003e+00    +0.0000000000000000e+00
820      +8.8892288199999996e+00    +4.5618438699999997e+00    +4.1374424100000001e-01
821      +8.7253036500000007e+00    +4.8855991400000001e+00    +0.0000000000000000e+00
822      +9.2211189299999994e+00    +3.8450674999999999e+00    +4.3175691399999999e-01
823      +9.0816803000000004e+00    +4.1860575700000000e+00    +0.0000000000000000e+00
824      +9.4955034299999994e+00    +3.1040155899999999e+00    +4.4777709199999999e-01
825      +9.3820819899999996e+00    +3.4607141000000001e+00    +0.0000000000000000e+00
826      +9.7104997599999994e+00    +2.3437173400000000e+00    +4.6172425200000000e-01
827      +9.6246547699999994e+00    +2.7140405200000002e+00    +0.0000000000000000e+00
828      +9.8647241599999997e+00    +1.5693880300000000e+00    +4.7354081300000000e-01
829      +9.8079052000000004e+00    +1.9506382900000001e+00    +0.0000000000000000e+00
830      +9.9573173500000003e+00    +7.8635835600000004e-01    +4.8319381500000003e-01
831      +9.9307031600000002e+00    +1.1752129800000000e+00    +0.0000000000000000e+00
832      +9.9879541399999994e+00    +0.0000000000000000e+00    +4.9067673099999998e-01
833      +9.9922924000000002e+00    +3.9254414999999998e-01    +0.0000000000000000e+00

%NODE.SUPPORT
66
1     1   0   0   0   1   0
2     1   0   0   0   1   0
3     1   0   0   0   1   0
4     1   0   0   0   1   0
5     1   0   0   0   1   0
6     1   0   0   0   1   0
7     1   0   0   0   1   0
8     1   0   0   0   1   0
9     1   0   0   0   1   0
10    1   0   0   0   1   0
11    1   0   0   0   1   0
12    1   0   0   0   1   0
13    1   0   0   0   1   0
14    1   0   0   0   1   0
15    1   0   0   0   1   0
16    1   0   0   0   1   0
17    1   0   0   0   1   0
290   1   0   0   0   1   0
294   1   0   0   0   1   0
297   1   0   0   0   1   0
300   1   0   0   0   1   0
303   1   0   0   0   1   0
306   1   0   0   0   1   0
309   1   0   0   0   1   0
312   1   0   0   0   1   0
315   1   0   0   0   1   0
318   1   0   0   0   1   0
321   1   0   0   0   1   0
324   1   0   0   0   1   0
327   1   0   0   0   1   0
330   1   0   0   0   1   0
333   1   0   0   0   1   0
336   1   0   0   0   1   0
273   0   0   1   0   1   0
274   0   0   1   0   1   0
275   0   0   1   0   1   0
276   0   0   1   0   1   0
277   0   0   1   0   1   0
278   0   0   1   0   1   0
279   0   0   1   0   1   0
280   0   0   1   0   1   0
281   0   0   1   0   1   0
282   0   0   1   0   1   0
283   0   0   1   0   1   0
284   0   0   1   0   1   0
285   0   0   1   0   1   0
286   0   0   1   0   1   0
287   0   0   1   0   1   0
288   0   0   1   0   1   0
289   0   0   1   0   1   0
802   0   0   1   0   1   0
805   0   0   1   0   1   0
807   0   0   1   0   1   0
809   0   0   1   0   1   0
811   0   0   1   0   1   0
813   0   0   1   0   1   0
815   0   0   1   0   1   0
817   0   0   1   0   1   0
819   0   0   1   0   1   0
821   0   0   1   0   1   0
823   0   0   1   0   1   0
825   0   0   1   0   1   0
827   0   0   1   0   1   0
829   0   0   1   0   1   0
831   0   0   1   0   1   0
833   0   0   1   0   1   0

%NODE.DEFAULT.THICKNESS
0.04

%MATERIAL
1

%MATERIAL.ISOTROPIC
1
1   6.825e7   0.3

%SECTION
1

%SECTION.HOMOGENEOUS.ISOTROPIC.3D
1
1   1

%INTEGRATION.ORDER
1
1   2   2   2   2   2   2

%NODE.SOLVER.ORDER
833
782 784 770 762 725 682 633 498 448 398 303 253 203 153 103 53 1 788 789 773 764 727 684 635 500 450 400 306 256 206 156 106 56 6 793 794 776 759 722 679 630 495 445 395 309 259 209 159 109 59 9 798 799 779 756 719 676 627 492 442 392 312 262 212 162 112 62 12 818 820 810 753 716 673 624 489 439 389 315 265 215 165 115 65 15 829 830 815 750 713 670 621 486 436 386 318 268 218 168 118 68 18 833 832 813 747 710 667 618 483 433 383 321 271 221 171 121 71 21 824 825 802 739 702 659 610 480 430 380 324 274 224 174 124 74 24 805 807 767 733 696 653 604 477 427 377 327 277 227 177 127 77 27 742 744 736 730 690 647 598 474 424 374 330 280 230 180 130 80 30 705 707 699 693 687 641 592 471 421 371 333 283 233 183 133 83 33 662 664 656 650 644 638 586 468 418 368 336 286 236 186 136 86 36 613 615 607 601 595 589 583 465 415 365 339 289 239 189 139 89 39 579 580 560 548 536 524 512 462 412 362 342 292 242 192 142 92 42 574 575 557 545 533 521 509 459 409 359 345 295 245 195 145 95 45 569 570 554 542 530 518 506 456 406 356 350 300 250 200 150 100 50 563 565 551 539 527 515 503 453 403 353 348 298 248 198 148 98 48 781 783 787 780 768 769 772 760 761 763 723 724 726 680 681 683 631 632 634 496 497 499 446 447 449 396 397 399 301 302 305 251 252 255 201 202 205 151 152 155 101 102 105 51 52 55 3 2 5 786 792 785 771 775 757 758 720 721 677 678 628 629 493 494 443 444 393 394 304 308 254 258 204 208 154 158 104 108 54 58 4 8 791 797 790 774 778 754 755 717 718 674 675 625 626 490 491 440 441 390 391 307 311 257 261 207 211 157 161 107 111 57 61 7 11 796 817 795 777 809 751 752 714 715 671 672 622 623 487 488 437 438 387 388 310 314 260 264 210 214 160 164 110 114 60 64 10 14 819 828 816 808 814 748 749 711 712 668 669 619 620 484 485 434 435 384 385 313 317 263 267 213 217 163 167 113 117 63 67 13 17 827 831 826 811 812 745 746 708 709 665 666 616 617 481 482 431 432 381 382 316 320 266 270 216 220 166 170 116 120 66 70 16 20 822 823 821 800 801 737 738 700 701 657 658 608 609 478 479 428 429 378 379 319 323 269 273 219 223 169 173 119 123 69 73 19 23 806 804 803 765 766 731 732 694 695 651 652 602 603 475 476 425 426 375 376 322 326 272 276 222 226 172 176 122 126 72 76 22 26 743 741 740 735 734 728 729 688 689 645 646 596 597 472 473 422 423 372 373 325 329 275 279 225 229 175 179 125 129 75 79 25 29 706 704 703 698 697 692 691 685 686 639 640 590 591 469 470 419 420 369 370 328 332 278 282 228 232 178 182 128 132 78 82 28 32 663 661 660 655 654 649 648 643 642 636 637 584 585 466 467 416 417 366 367 331 335 281 285 231 235 181 185 131 135 81 85 31 35 614 612 611 606 605 600 599 594 593 588 587 581 582 463 464 413 414 363 364 334 338 284 288 234 238 184 188 134 138 84 88 34 38 577 578 576 558 559 546 547 534 535 522 523 510 511 460 461 410 411 360 361 337 341 287 291 237 241 187 191 137 141 87 91 37 41 572 573 571 555 556 543 544 531 532 519 520 507 508 457 458 407 408 357 358 340 344 290 294 240 244 190 194 140 144 90 94 40 44 567 568 566 552 553 540 541 528 529 516 517 504 505 454 455 404 405 354 355 343 349 293 299 243 249 193 199 143 149 93 99 43 49 564 562 561 550 549 538 537 526 525 514 513 502 501 452 451 402 401 352 351 347 346 297 296 247 246 197 196 147 146 97 96 47 46

%ELEMENT
256

%ELEMENT.SHELL.Q8TL
256
1           1 1 19 292 18 293 1 290 2 291
2           1 1 20 296 19 291 2 294 3 295
3           1 1 21 299 20 295 3 297 4 298
4           1 1 22 302 21 298 4 300 5 301
5           1 1 23 305 22 301 5 303 6 304
6           1 1 24 308 23 304 6 306 7 307
7           1 1 25 311 24 307 7 309 8 310
8           1 1 26 314 25 310 8 312 9 313
9           1 1 27 317 26 313 9 315 10 316
10          1 1 28 320 27 316 10 318 11 319
11          1 1 29 323 28 319 11 321 12 322
12          1 1 30 326 29 322 12 324 13 325
13          1 1 31 329 30 325 13 327 14 328
14          1 1 32 332 31 328 14 330 15 331
15          1 1 33 335 32 331 15 333 16 334
16          1 1 34 338 33 334 16 336 17 337
17          1 1 36 340 35 341 18 292 19 339
18          1 1 37 343 36 339 19 296 20 342
19          1 1 38 345 37 342 20 299 21 344
20          1 1 39 347 38 344 21 302 22 346
21          1 1 40 349 39 346 22 305 23 348
22          1 1 41 351 40 348 23 308 24 350
23          1 1 42 353 41 350 24 311 25 352
24          1 1 43 355 42 352 25 314 26 354
25          1 1 44 357 43 354 26 317 27 356
26          1 1 45 359 44 356 27 320 28 358
27          1 1 46 361 45 358 28 323 29 360
28          1 1 47 363 46 360 29 326 30 362
29          1 1 48 365 47 362 30 329 31 364
30          1 1 49 367 48 364 31 332 32 366
31          1 1 50 369 49 366 32 335 33 368
32          1 1 51 371 50 368 33 338 34 370
33          1 1 53 373 52 374 35 340 36 372
34          1 1 54 376 53 372 36 343 37 375
35          1 1 55 378 54 375 37 345 38 377
36          1 1 56 380 55 377 38 347 39 379
37          1 1 57 382 56 379 39 349 40 381
38          1 1 58 384 57 381 40 351 41 383
39          1 1 59 386 58 383 41 353 42 385
40          1 1 60 388 59 385 42 355 43 387
41          1 1 61 390 60 387 43 357 44 389
42          1 1 62 392 61 389 44 359 45 391
43          1 1 63 394 62 391 45 361 46 393
44          1 1 64 396 63 393 46 363 47 395
45          1 1 65 398 64 395 47 365 48 397
46          1 1 66 400 65 397 48 367 49 399
47          1 1 67 402 66 399 49 369 50 401
48          1 1 68 404 67 401 50 371 51 403
49          1 1 70 406 69 407 52 373 53 405
50          1 1 71 409 70 405 53 376 54 408
51          1 1 72 411 71 408 54 378 55 410
52          1 1 73 413 72 410 55 380 56 412
53          1 1 74 415 73 412 56 382 57 414
54          1 1 75 417 74 414 57 384 58 416
55          1 1 76 419 75 416 58 386 59 418
56          1 1 77 421 76 418 59 388 60 420
57          1 1 78 423 77 420 60 390 61 422
58          1 1 79 425 78 422 61 392 62 424
59          1 1 80 427 79 424 62 394 63 426
60          1 1 81 429 80 426 63 396 64 428
61          1 1 82 431 81 428 64 398 65 430
62          1 1 83 433 82 430 65 400 66 432
63          1 1 84 435 83 432 66 402 67 434
64          1 1 85 437 84 434 67 404 68 436
65          1 1 87 439 86 440 69 406 70 438
66          1 1 88 442 87 438 70 409 71 441
67          1 1 89 444 88 441 71 411 72 443
68          1 1 90 446 89 443 72 413 73 445
69          1 1 91 448 90 445 73 415 74 447
70          1 1 92 450 91 447 74 417 75 449
71          1 1 93 452 92 449 75 419 76 451
72          1 1 94 454 93 451 76 421 77 453
73          1 1 95 456 94 453 77 423 78 455
74          1 1 96 458 95 455 78 425 79 457
75          1 1 97 460 96 457 79 427 80 459
76          1 1 98 462 97 459 80 429 81 461
77          1 1 99 464 98 461 81 431 82 463
78          1 1 100 466 99 463 82 433 83 465
79          1 1 101 468 100 465 83 435 84 467
80          1 1 102 470 101 467 84 437 85 469
81          1 1 104 472 103 473 86 439 87 471
82          1 1 105 475 104 471 87 442 88 474
83          1 1 106 477 105 474 88 444 89 476
84          1 1 107 479 106 476 89 446 90 478
85          1 1 108 481 107 478 90 448 91 480
86          1 1 109 483 108 480 91 450 92 482
87          1 1 110 485 109 482 92 452 93 484
88          1 1 111 487 110 484 93 454 94 486
89          1 1 112 489 111 486 94 456 95 488
90          1 1 113 491 112 488 95 458 96 490
91          1 1 114 493 113 490 96 460 97 492
92          1 1 115 495 114 492 97 462 98 494
93          1 1 116 497 115 494 98 464 99 496
94          1 1 117 499 116 496 99 466 100 498
95          1 1 118 501 117 498 100 468 101 500
96          1 1 119 503 118 500 101 470 102 502
97          1 1 121 505 120 506 103 472 104 504
98          1 1 122 508 121 504 104 475 105 507
99          1 1 123 510 122 507 105 477 106 509
100         1 1 124 512 123 509 106 479 107 511
101         1 1 125 514 124 511 107 481 108 513
102         1 1 126 516 125 513 108 483 109 515
103         1 1 127 518 126 515 109 485 110 517
104         1 1 128 520 127 517 110 487 111 519
105         1 1 129 522 128 519 111 489 112 521
106         1 1 130 524 129 521 112 491 113 523
107         1 1 131 526 130 523 113 493 114 525
108         1 1 132 528 131 525 114 495 115 527
109         1 1 133 530 132 527 115 497 116 529
110         1 1 134 532 133 529 116 499 117 531
111         1 1 135 534 134 531 117 501 118 533
112         1 1 136 536 135 533 118 503 119 535
113         1 1 138 538 137 539 120 505 121 537
114         1 1 139 541 138 537 121 508 122 540
115         1 1 140 543 139 540 122 510 123 542
116         1 1 141 545 140 542 123 512 124 544
117         1 1 142 547 141 544 124 514 125 546
118         1 1 143 549 142 546 125 516 126 548
119         1 1 144 551 143 548 126 518 127 550
120         1 1 145 553 144 550 127 520 128 552
121         1 1 146 555 145 552 128 522 129 554
122         1 1 147 557 146 554 129 524 130 556
123         1 1 148 559 147 556 130 526 131 558
124         1 1 149 561 148 558 131 528 132 560
125         1 1 150 563 149 560 132 530 133 562
126         1 1 151 565 150 562 133 532 134 564
127         1 1 152 567 151 564 134 534 135 566
128         1 1 153 569 152 566 135 536 136 568
129         1 1 155 571 154 572 137 538 138 570
130         1 1 156 574 155 570 138 541 139 573
131         1 1 157 576 156 573 139 543 140 575
132         1 1 158 578 157 575 140 545 141 577
133         1 1 159 580 158 577 141 547 142 579
134         1 1 160 582 159 579 142 549 143 581
135         1 1 161 584 160 581 143 551 144 583
136         1 1 162 586 161 583 144 553 145 585
137         1 1 163 588 162 585 145 555 146 587
138         1 1 164 590 163 587 146 557 147 589
139         1 1 165 592 164 589 147 559 148 591
140         1 1 166 594 165 591 148 561 149 593
141         1 1 167 596 166 593 149 563 150 595
142         1 1 168 598 167 595 150 565 151 597
143         1 1 169 600 168 597 151 567 152 599
144         1 1 170 602 169 599 152 569 153 601
145         1 1 172 604 171 605 154 571 155 603
146         1 1 173 607 172 603 155 574 156 606
147         1 1 174 609 173 606 156 576 157 608
148         1 1 175 611 174 608 157 578 158 610
149         1 1 176 613 175 610 158 580 159 612
150         1 1 177 615 176 612 159 582 160 614
151         1 1 178 617 177 614 160 584 161 616
152         1 1 179 619 178 616 161 586 162 618
153         1 1 180 621 179 618 162 588 163 620
154         1 1 181 623 180 620 163 590 164 622
155         1 1 182 625 181 622 164 592 165 624
156         1 1 183 627 182 624 165 594 166 626
157         1 1 184 629 183 626 166 596 167 628
158         1 1 185 631 184 628 167 598 168 630
159         1 1 186 633 185 630 168 600 169 632
160         1 1 187 635 186 632 169 602 170 634
161         1 1 189 637 188 638 171 604 172 636
162         1 1 190 640 189 636 172 607 173 639
163         1 1 191 642 190 639 173 609 174 641
164         1 1 192 644 191 641 174 611 175 643
165         1 1 193 646 192 643 175 613 176 645
166         1 1 194 648 193 645 176 615 177 647
167         1 1 195 650 194 647 177 617 178 649
168         1 1 196 652 195 649 178 619 179 651
169         1 1 197 654 196 651 179 621 180 653
170         1 1 198 656 197 653 180 623 181 655
171         1 1 199 658 198 655 181 625 182 657
172         1 1 200 660 199 657 182 627 183 659
173         1 1 201 662 200 659 183 629 184 661
174         1 1 202 664 201 661 184 631 185 663
175         1 1 203 666 202 663 185 633 186 665
176         1 1 204 668 203 665 186 635 187 667
177         1 1 206 670 205 671 188 637 189 669
178         1 1 207 673 206 669 189 640 190 672
179         1 1 208 675 207 672 190 642 191 674
180         1 1 209 677 208 674 191 644 192 676
181         1 1 210 679 209 676 192 646 193 678
182         1 1 211 681 210 678 193 648 194 680
183         1 1 212 683 211 680 194 650 195 682
184         1 1 213 685 212 682 195 652 196 684
185         1 1 214 687 213 684 196 654 197 686
186         1 1 215 689 214 686 197 656 198 688
187         1 1 216 691 215 688 198 658 199 690
188         1 1 217 693 216 690 199 660 200 692
189         1 1 218 695 217 692 200 662 201 694
190         1 1 219 697 218 694 201 664 202 696
191         1 1 220 699 219 696 202 666 203 698
192         1 1 221 701 220 698 203 668 204 700
193         1 1 223 703 222 704 205 670 206 702
194         1 1 224 706 223 702 206 673 207 705
195         1 1 225 708 224 705 207 675 208 707
196         1 1 226 710 225 707 208 677 209 709
197         1 1 227 712 226 709 209 679 210 711
198         1 1 228 714 227 711 210 681 211 713
199         1 1 229 716 228 713 211 683 212 715
200         1 1 230 718 229 715 212 685 213 717
201         1 1 231 720 230 717 213 687 214 719
202         1 1 232 722 231 719 214 689 215 721
203         1 1 233 724 232 721 215 691 216 723
204         1 1 234 726 233 723 216 693 217 725
205         1 1 235 728 234 725 217 695 218 727
206         1 1 236 730 235 727 218 697 219 729
207         1 1 237 732 236 729 219 699 220 731
208         1 1 238 734 237 731 220 701 221 733
209         1 1 240 736 239 737 222 703 223 735
210         1 1 241 739 240 735 223 706 224 738
211         1 1 242 741 241 738 224 708 225 740
212         1 1 243 743 242 740 225 710 226 742
213         1 1 244 745 243 742 226 712 227 744
214         1 1 245 747 244 744 227 714 228 746
215         1 1 246 749 245 746 228 716 229 748
216         1 1 247 751 246 748 229 718 230 750
217         1 1 248 753 247 750 230 720 231 752
218         1 1 249 755 248 752 231 722 232 754
219         1 1 250 757 249 754 232 724 233 756
220         1 1 251 759 250 756 233 726 234 758
221         1 1 252 761 251 758 234 728 235 760
222         1 1 253 763 252 760 235 730 236 762
223         1 1 254 765 253 762 236 732 237 764
224         1 1 255 767 254 764 237 734 238 766
225         1 1 257 769 256 770 239 736 240 768
226         1 1 258 772 257 768 240 739 241 771
227         1 1 259 774 258 771 241 741 242 773
228         1 1 260 776 259 773 242 743 243 775
229         1 1 261 778 260 775 243 745 244 777
230         1 1 262 780 261 777 244 747 245 779
231         1 1 263 782 262 779 245 749 246 781
232         1 1 264 784 263 781 246 751 247 783
233         1 1 265 786 264 783 247 753 248 785
234         1 1 266 788 265 785 248 755 249 787
235         1 1 267 790 266 787 249 757 250 789
236         1 1 268 792 267 789 250 759 251 791
237         1 1 269 794 268 791 251 761 252 793
238         1 1 270 796 269 793 252 763 253 795
239         1 1 271 798 270 795 253 765 254 797
240         1 1 272 800 271 797 254 767 255 799
241         1 1 274 802 273 803 256 769 257 801
242         1 1 275 805 274 801 257 772 258 804
243         1 1 276 807 275 804 258 774 259 806
244         1 1 277 809 276 806 259 776 260 808
245         1 1 278 811 277 808 260 778 261 810
246         1 1 279 813 278 810 261 780 262 812
247         1 1 280 815 279 812 262 782 263 814
248         1 1 281 817 280 814 263 784 264 816
249         1 1 282 819 281 816 264 786 265 818
250         1 1 283 821 282 818 265 788 266 820
251         1 1 284 823 283 820 266 790 267 822
252         1 1 285 825 284 822 267 792 268 824
253         1 1 286 827 285 824 268 794 269 826
254         1 1 287 829 286 826 269 796 270 828
255         1 1 288 831 287 828 270 798 271 830
256         1 1 289 833 288 830 271 800 272 832

%LOAD.CASE.NODAL.FORCE
2
17       0.0  0.0  200.0  0.0  0.0  0.0 
289   -200.0  0.0    0.0  0.0  0.0  0.0 

%END
