%HEADER
Cantilever beam of viscoelastic material under tip load.
----------------------------------------
Tip Displacements (Node 323)
----------------------------------------
Static/Elastic
Bending (PL^3/3EI) = 8.2856e-04 
Bending + Shear (PL/GAs) = 8.2888e-04
Static/Elastic (FEM) =  8.2888e-04
----------------------------------------
Viscoelastic (t = 10s)
Static(bending) = 2.7866e-03
Static/FEM  = 2.7871e-03
Dynamic/FEM = 2.8643e-03
----------------------------------------
Time-displacement curves in the file ViscoBeam.xlsx
Refs:
D. C. Hammerand, Geometrically-Linear and Nonlinear Analysis of Linear 
Viscoelastic Composites Using the Finite Element Method, PhD Thesis,
Virginia Polytechnic Institute and State University, 1999.
F. Evangelista Jr., Análise Quasi-Estática e Dinâmica de Pavimentos
Asfálticos, Dissertação de Mestrado, Universidade Federal do Ceará, 2006.

%HEADER.ANALYSIS.ALGORITHM
'NewmarkIncremental'

%HEADER.ANALYSIS.MAXIMUM.STEPS
2000

%HEADER.ANALYSIS.PRINT.STEPS
4

%HEADER.ANALYSIS.TIME.STEP
0.01

%NODE
325

%NODE.COORD
325
1     0.000000e+00  0.000000e+00  0.000000e+00
2     0.000000e+00  6.350000e-03  0.000000e+00
3     0.000000e+00  1.270000e-02  0.000000e+00
4     0.000000e+00  1.905000e-02  0.000000e+00
5     0.000000e+00  2.540000e-02  0.000000e+00
6     1.250000e-02  0.000000e+00  0.000000e+00
7     1.250000e-02  1.270000e-02  0.000000e+00
8     1.250000e-02  2.540000e-02  0.000000e+00
9     2.500000e-02  0.000000e+00  0.000000e+00
10    2.500000e-02  6.350000e-03  0.000000e+00
11    2.500000e-02  1.270000e-02  0.000000e+00
12    2.500000e-02  1.905000e-02  0.000000e+00
13    2.500000e-02  2.540000e-02  0.000000e+00
14    3.750000e-02  0.000000e+00  0.000000e+00
15    3.750000e-02  1.270000e-02  0.000000e+00
16    3.750000e-02  2.540000e-02  0.000000e+00
17    5.000000e-02  0.000000e+00  0.000000e+00
18    5.000000e-02  6.350000e-03  0.000000e+00
19    5.000000e-02  1.270000e-02  0.000000e+00
20    5.000000e-02  1.905000e-02  0.000000e+00
21    5.000000e-02  2.540000e-02  0.000000e+00
22    6.250000e-02  0.000000e+00  0.000000e+00
23    6.250000e-02  1.270000e-02  0.000000e+00
24    6.250000e-02  2.540000e-02  0.000000e+00
25    7.500000e-02  0.000000e+00  0.000000e+00
26    7.500000e-02  6.350000e-03  0.000000e+00
27    7.500000e-02  1.270000e-02  0.000000e+00
28    7.500000e-02  1.905000e-02  0.000000e+00
29    7.500000e-02  2.540000e-02  0.000000e+00
30    8.750000e-02  0.000000e+00  0.000000e+00
31    8.750000e-02  1.270000e-02  0.000000e+00
32    8.750000e-02  2.540000e-02  0.000000e+00
33    1.000000e-01  0.000000e+00  0.000000e+00
34    1.000000e-01  6.350000e-03  0.000000e+00
35    1.000000e-01  1.270000e-02  0.000000e+00
36    1.000000e-01  1.905000e-02  0.000000e+00
37    1.000000e-01  2.540000e-02  0.000000e+00
38    1.125000e-01  0.000000e+00  0.000000e+00
39    1.125000e-01  1.270000e-02  0.000000e+00
40    1.125000e-01  2.540000e-02  0.000000e+00
41    1.250000e-01  0.000000e+00  0.000000e+00
42    1.250000e-01  6.350000e-03  0.000000e+00
43    1.250000e-01  1.270000e-02  0.000000e+00
44    1.250000e-01  1.905000e-02  0.000000e+00
45    1.250000e-01  2.540000e-02  0.000000e+00
46    1.375000e-01  0.000000e+00  0.000000e+00
47    1.375000e-01  1.270000e-02  0.000000e+00
48    1.375000e-01  2.540000e-02  0.000000e+00
49    1.500000e-01  0.000000e+00  0.000000e+00
50    1.500000e-01  6.350000e-03  0.000000e+00
51    1.500000e-01  1.270000e-02  0.000000e+00
52    1.500000e-01  1.905000e-02  0.000000e+00
53    1.500000e-01  2.540000e-02  0.000000e+00
54    1.625000e-01  0.000000e+00  0.000000e+00
55    1.625000e-01  1.270000e-02  0.000000e+00
56    1.625000e-01  2.540000e-02  0.000000e+00
57    1.750000e-01  0.000000e+00  0.000000e+00
58    1.750000e-01  6.350000e-03  0.000000e+00
59    1.750000e-01  1.270000e-02  0.000000e+00
60    1.750000e-01  1.905000e-02  0.000000e+00
61    1.750000e-01  2.540000e-02  0.000000e+00
62    1.875000e-01  0.000000e+00  0.000000e+00
63    1.875000e-01  1.270000e-02  0.000000e+00
64    1.875000e-01  2.540000e-02  0.000000e+00
65    2.000000e-01  0.000000e+00  0.000000e+00
66    2.000000e-01  6.350000e-03  0.000000e+00
67    2.000000e-01  1.270000e-02  0.000000e+00
68    2.000000e-01  1.905000e-02  0.000000e+00
69    2.000000e-01  2.540000e-02  0.000000e+00
70    2.125000e-01  0.000000e+00  0.000000e+00
71    2.125000e-01  1.270000e-02  0.000000e+00
72    2.125000e-01  2.540000e-02  0.000000e+00
73    2.250000e-01  0.000000e+00  0.000000e+00
74    2.250000e-01  6.350000e-03  0.000000e+00
75    2.250000e-01  1.270000e-02  0.000000e+00
76    2.250000e-01  1.905000e-02  0.000000e+00
77    2.250000e-01  2.540000e-02  0.000000e+00
78    2.375000e-01  0.000000e+00  0.000000e+00
79    2.375000e-01  1.270000e-02  0.000000e+00
80    2.375000e-01  2.540000e-02  0.000000e+00
81    2.500000e-01  0.000000e+00  0.000000e+00
82    2.500000e-01  6.350000e-03  0.000000e+00
83    2.500000e-01  1.270000e-02  0.000000e+00
84    2.500000e-01  1.905000e-02  0.000000e+00
85    2.500000e-01  2.540000e-02  0.000000e+00
86    2.625000e-01  0.000000e+00  0.000000e+00
87    2.625000e-01  1.270000e-02  0.000000e+00
88    2.625000e-01  2.540000e-02  0.000000e+00
89    2.750000e-01  0.000000e+00  0.000000e+00
90    2.750000e-01  6.350000e-03  0.000000e+00
91    2.750000e-01  1.270000e-02  0.000000e+00
92    2.750000e-01  1.905000e-02  0.000000e+00
93    2.750000e-01  2.540000e-02  0.000000e+00
94    2.875000e-01  0.000000e+00  0.000000e+00
95    2.875000e-01  1.270000e-02  0.000000e+00
96    2.875000e-01  2.540000e-02  0.000000e+00
97    3.000000e-01  0.000000e+00  0.000000e+00
98    3.000000e-01  6.350000e-03  0.000000e+00
99    3.000000e-01  1.270000e-02  0.000000e+00
100   3.000000e-01  1.905000e-02  0.000000e+00
101   3.000000e-01  2.540000e-02  0.000000e+00
102   3.125000e-01  0.000000e+00  0.000000e+00
103   3.125000e-01  1.270000e-02  0.000000e+00
104   3.125000e-01  2.540000e-02  0.000000e+00
105   3.250000e-01  0.000000e+00  0.000000e+00
106   3.250000e-01  6.350000e-03  0.000000e+00
107   3.250000e-01  1.270000e-02  0.000000e+00
108   3.250000e-01  1.905000e-02  0.000000e+00
109   3.250000e-01  2.540000e-02  0.000000e+00
110   3.375000e-01  0.000000e+00  0.000000e+00
111   3.375000e-01  1.270000e-02  0.000000e+00
112   3.375000e-01  2.540000e-02  0.000000e+00
113   3.500000e-01  0.000000e+00  0.000000e+00
114   3.500000e-01  6.350000e-03  0.000000e+00
115   3.500000e-01  1.270000e-02  0.000000e+00
116   3.500000e-01  1.905000e-02  0.000000e+00
117   3.500000e-01  2.540000e-02  0.000000e+00
118   3.625000e-01  0.000000e+00  0.000000e+00
119   3.625000e-01  1.270000e-02  0.000000e+00
120   3.625000e-01  2.540000e-02  0.000000e+00
121   3.750000e-01  0.000000e+00  0.000000e+00
122   3.750000e-01  6.350000e-03  0.000000e+00
123   3.750000e-01  1.270000e-02  0.000000e+00
124   3.750000e-01  1.905000e-02  0.000000e+00
125   3.750000e-01  2.540000e-02  0.000000e+00
126   3.875000e-01  0.000000e+00  0.000000e+00
127   3.875000e-01  1.270000e-02  0.000000e+00
128   3.875000e-01  2.540000e-02  0.000000e+00
129   4.000000e-01  0.000000e+00  0.000000e+00
130   4.000000e-01  6.350000e-03  0.000000e+00
131   4.000000e-01  1.270000e-02  0.000000e+00
132   4.000000e-01  1.905000e-02  0.000000e+00
133   4.000000e-01  2.540000e-02  0.000000e+00
134   4.125000e-01  0.000000e+00  0.000000e+00
135   4.125000e-01  1.270000e-02  0.000000e+00
136   4.125000e-01  2.540000e-02  0.000000e+00
137   4.250000e-01  0.000000e+00  0.000000e+00
138   4.250000e-01  6.350000e-03  0.000000e+00
139   4.250000e-01  1.270000e-02  0.000000e+00
140   4.250000e-01  1.905000e-02  0.000000e+00
141   4.250000e-01  2.540000e-02  0.000000e+00
142   4.375000e-01  0.000000e+00  0.000000e+00
143   4.375000e-01  1.270000e-02  0.000000e+00
144   4.375000e-01  2.540000e-02  0.000000e+00
145   4.500000e-01  0.000000e+00  0.000000e+00
146   4.500000e-01  6.350000e-03  0.000000e+00
147   4.500000e-01  1.270000e-02  0.000000e+00
148   4.500000e-01  1.905000e-02  0.000000e+00
149   4.500000e-01  2.540000e-02  0.000000e+00
150   4.625000e-01  0.000000e+00  0.000000e+00
151   4.625000e-01  1.270000e-02  0.000000e+00
152   4.625000e-01  2.540000e-02  0.000000e+00
153   4.750000e-01  0.000000e+00  0.000000e+00
154   4.750000e-01  6.350000e-03  0.000000e+00
155   4.750000e-01  1.270000e-02  0.000000e+00
156   4.750000e-01  1.905000e-02  0.000000e+00
157   4.750000e-01  2.540000e-02  0.000000e+00
158   4.875000e-01  0.000000e+00  0.000000e+00
159   4.875000e-01  1.270000e-02  0.000000e+00
160   4.875000e-01  2.540000e-02  0.000000e+00
161   5.000000e-01  0.000000e+00  0.000000e+00
162   5.000000e-01  6.350000e-03  0.000000e+00
163   5.000000e-01  1.270000e-02  0.000000e+00
164   5.000000e-01  1.905000e-02  0.000000e+00
165   5.000000e-01  2.540000e-02  0.000000e+00
166   5.125000e-01  0.000000e+00  0.000000e+00
167   5.125000e-01  1.270000e-02  0.000000e+00
168   5.125000e-01  2.540000e-02  0.000000e+00
169   5.250000e-01  0.000000e+00  0.000000e+00
170   5.250000e-01  6.350000e-03  0.000000e+00
171   5.250000e-01  1.270000e-02  0.000000e+00
172   5.250000e-01  1.905000e-02  0.000000e+00
173   5.250000e-01  2.540000e-02  0.000000e+00
174   5.375000e-01  0.000000e+00  0.000000e+00
175   5.375000e-01  1.270000e-02  0.000000e+00
176   5.375000e-01  2.540000e-02  0.000000e+00
177   5.500000e-01  0.000000e+00  0.000000e+00
178   5.500000e-01  6.350000e-03  0.000000e+00
179   5.500000e-01  1.270000e-02  0.000000e+00
180   5.500000e-01  1.905000e-02  0.000000e+00
181   5.500000e-01  2.540000e-02  0.000000e+00
182   5.625000e-01  0.000000e+00  0.000000e+00
183   5.625000e-01  1.270000e-02  0.000000e+00
184   5.625000e-01  2.540000e-02  0.000000e+00
185   5.750000e-01  0.000000e+00  0.000000e+00
186   5.750000e-01  6.350000e-03  0.000000e+00
187   5.750000e-01  1.270000e-02  0.000000e+00
188   5.750000e-01  1.905000e-02  0.000000e+00
189   5.750000e-01  2.540000e-02  0.000000e+00
190   5.875000e-01  0.000000e+00  0.000000e+00
191   5.875000e-01  1.270000e-02  0.000000e+00
192   5.875000e-01  2.540000e-02  0.000000e+00
193   6.000000e-01  0.000000e+00  0.000000e+00
194   6.000000e-01  6.350000e-03  0.000000e+00
195   6.000000e-01  1.270000e-02  0.000000e+00
196   6.000000e-01  1.905000e-02  0.000000e+00
197   6.000000e-01  2.540000e-02  0.000000e+00
198   6.125000e-01  0.000000e+00  0.000000e+00
199   6.125000e-01  1.270000e-02  0.000000e+00
200   6.125000e-01  2.540000e-02  0.000000e+00
201   6.250000e-01  0.000000e+00  0.000000e+00
202   6.250000e-01  6.350000e-03  0.000000e+00
203   6.250000e-01  1.270000e-02  0.000000e+00
204   6.250000e-01  1.905000e-02  0.000000e+00
205   6.250000e-01  2.540000e-02  0.000000e+00
206   6.375000e-01  0.000000e+00  0.000000e+00
207   6.375000e-01  1.270000e-02  0.000000e+00
208   6.375000e-01  2.540000e-02  0.000000e+00
209   6.500000e-01  0.000000e+00  0.000000e+00
210   6.500000e-01  6.350000e-03  0.000000e+00
211   6.500000e-01  1.270000e-02  0.000000e+00
212   6.500000e-01  1.905000e-02  0.000000e+00
213   6.500000e-01  2.540000e-02  0.000000e+00
214   6.625000e-01  0.000000e+00  0.000000e+00
215   6.625000e-01  1.270000e-02  0.000000e+00
216   6.625000e-01  2.540000e-02  0.000000e+00
217   6.750000e-01  0.000000e+00  0.000000e+00
218   6.750000e-01  6.350000e-03  0.000000e+00
219   6.750000e-01  1.270000e-02  0.000000e+00
220   6.750000e-01  1.905000e-02  0.000000e+00
221   6.750000e-01  2.540000e-02  0.000000e+00
222   6.875000e-01  0.000000e+00  0.000000e+00
223   6.875000e-01  1.270000e-02  0.000000e+00
224   6.875000e-01  2.540000e-02  0.000000e+00
225   7.000000e-01  0.000000e+00  0.000000e+00
226   7.000000e-01  6.350000e-03  0.000000e+00
227   7.000000e-01  1.270000e-02  0.000000e+00
228   7.000000e-01  1.905000e-02  0.000000e+00
229   7.000000e-01  2.540000e-02  0.000000e+00
230   7.125000e-01  0.000000e+00  0.000000e+00
231   7.125000e-01  1.270000e-02  0.000000e+00
232   7.125000e-01  2.540000e-02  0.000000e+00
233   7.250000e-01  0.000000e+00  0.000000e+00
234   7.250000e-01  6.350000e-03  0.000000e+00
235   7.250000e-01  1.270000e-02  0.000000e+00
236   7.250000e-01  1.905000e-02  0.000000e+00
237   7.250000e-01  2.540000e-02  0.000000e+00
238   7.375000e-01  0.000000e+00  0.000000e+00
239   7.375000e-01  1.270000e-02  0.000000e+00
240   7.375000e-01  2.540000e-02  0.000000e+00
241   7.500000e-01  0.000000e+00  0.000000e+00
242   7.500000e-01  6.350000e-03  0.000000e+00
243   7.500000e-01  1.270000e-02  0.000000e+00
244   7.500000e-01  1.905000e-02  0.000000e+00
245   7.500000e-01  2.540000e-02  0.000000e+00
246   7.625000e-01  0.000000e+00  0.000000e+00
247   7.625000e-01  1.270000e-02  0.000000e+00
248   7.625000e-01  2.540000e-02  0.000000e+00
249   7.750000e-01  0.000000e+00  0.000000e+00
250   7.750000e-01  6.350000e-03  0.000000e+00
251   7.750000e-01  1.270000e-02  0.000000e+00
252   7.750000e-01  1.905000e-02  0.000000e+00
253   7.750000e-01  2.540000e-02  0.000000e+00
254   7.875000e-01  0.000000e+00  0.000000e+00
255   7.875000e-01  1.270000e-02  0.000000e+00
256   7.875000e-01  2.540000e-02  0.000000e+00
257   8.000000e-01  0.000000e+00  0.000000e+00
258   8.000000e-01  6.350000e-03  0.000000e+00
259   8.000000e-01  1.270000e-02  0.000000e+00
260   8.000000e-01  1.905000e-02  0.000000e+00
261   8.000000e-01  2.540000e-02  0.000000e+00
262   8.125000e-01  0.000000e+00  0.000000e+00
263   8.125000e-01  1.270000e-02  0.000000e+00
264   8.125000e-01  2.540000e-02  0.000000e+00
265   8.250000e-01  0.000000e+00  0.000000e+00
266   8.250000e-01  6.350000e-03  0.000000e+00
267   8.250000e-01  1.270000e-02  0.000000e+00
268   8.250000e-01  1.905000e-02  0.000000e+00
269   8.250000e-01  2.540000e-02  0.000000e+00
270   8.375000e-01  0.000000e+00  0.000000e+00
271   8.375000e-01  1.270000e-02  0.000000e+00
272   8.375000e-01  2.540000e-02  0.000000e+00
273   8.500000e-01  0.000000e+00  0.000000e+00
274   8.500000e-01  6.350000e-03  0.000000e+00
275   8.500000e-01  1.270000e-02  0.000000e+00
276   8.500000e-01  1.905000e-02  0.000000e+00
277   8.500000e-01  2.540000e-02  0.000000e+00
278   8.625000e-01  0.000000e+00  0.000000e+00
279   8.625000e-01  1.270000e-02  0.000000e+00
280   8.625000e-01  2.540000e-02  0.000000e+00
281   8.750000e-01  0.000000e+00  0.000000e+00
282   8.750000e-01  6.350000e-03  0.000000e+00
283   8.750000e-01  1.270000e-02  0.000000e+00
284   8.750000e-01  1.905000e-02  0.000000e+00
285   8.750000e-01  2.540000e-02  0.000000e+00
286   8.875000e-01  0.000000e+00  0.000000e+00
287   8.875000e-01  1.270000e-02  0.000000e+00
288   8.875000e-01  2.540000e-02  0.000000e+00
289   9.000000e-01  0.000000e+00  0.000000e+00
290   9.000000e-01  6.350000e-03  0.000000e+00
291   9.000000e-01  1.270000e-02  0.000000e+00
292   9.000000e-01  1.905000e-02  0.000000e+00
293   9.000000e-01  2.540000e-02  0.000000e+00
294   9.125000e-01  0.000000e+00  0.000000e+00
295   9.125000e-01  1.270000e-02  0.000000e+00
296   9.125000e-01  2.540000e-02  0.000000e+00
297   9.250000e-01  0.000000e+00  0.000000e+00
298   9.250000e-01  6.350000e-03  0.000000e+00
299   9.250000e-01  1.270000e-02  0.000000e+00
300   9.250000e-01  1.905000e-02  0.000000e+00
301   9.250000e-01  2.540000e-02  0.000000e+00
302   9.375000e-01  0.000000e+00  0.000000e+00
303   9.375000e-01  1.270000e-02  0.000000e+00
304   9.375000e-01  2.540000e-02  0.000000e+00
305   9.500000e-01  0.000000e+00  0.000000e+00
306   9.500000e-01  6.350000e-03  0.000000e+00
307   9.500000e-01  1.270000e-02  0.000000e+00
308   9.500000e-01  1.905000e-02  0.000000e+00
309   9.500000e-01  2.540000e-02  0.000000e+00
310   9.625000e-01  0.000000e+00  0.000000e+00
311   9.625000e-01  1.270000e-02  0.000000e+00
312   9.625000e-01  2.540000e-02  0.000000e+00
313   9.750000e-01  0.000000e+00  0.000000e+00
314   9.750000e-01  6.350000e-03  0.000000e+00
315   9.750000e-01  1.270000e-02  0.000000e+00
316   9.750000e-01  1.905000e-02  0.000000e+00
317   9.750000e-01  2.540000e-02  0.000000e+00
318   9.875000e-01  0.000000e+00  0.000000e+00
319   9.875000e-01  1.270000e-02  0.000000e+00
320   9.875000e-01  2.540000e-02  0.000000e+00
321   1.000000e+00  0.000000e+00  0.000000e+00
322   1.000000e+00  6.350000e-03  0.000000e+00
323   1.000000e+00  1.270000e-02  0.000000e+00
324   1.000000e+00  1.905000e-02  0.000000e+00
325   1.000000e+00  2.540000e-02  0.000000e+00

%NODE.SUPPORT
5
1     1     1     0     0     0     0   
2     1     1     0     0     0     0   
3     1     1     0     0     0     0   
4     1     1     0     0     0     0   
5     1     1     0     0     0     0   

%NODE.SOLVER.ORDER
325
325   324   322   317   316   323   321   315   319   320   
318   313   314   312   311   307   309   310   308   305   
306   304   303   299   301   302   300   297   298   296   
295   291   293   294   292   289   290   288   287   283   
285   286   284   281   282   280   279   275   277   278   
276   273   274   272   271   267   269   270   268   265   
266   264   263   259   261   262   260   257   258   256   
255   251   253   254   252   249   250   248   247   243   
245   246   244   241   242   240   239   235   237   238   
236   233   234   232   231   227   229   230   228   225   
226   224   223   219   221   222   220   217   218   216   
215   211   213   214   212   209   210   208   207   203   
205   206   204   201   202   200   199   195   197   198   
196   193   194   192   191   187   189   190   188   185   
186   184   183   179   181   182   180   177   178   176   
175   171   173   174   172   169   170   168   167   163   
165   166   164   161   162   160   159   155   157   158   
156   153   154   152   151   147   149   150   148   145   
146   144   143   139   141   142   140   137   138   136   
135   131   133   134   132   129   130   128   127   123   
125   126   124   121   122   120   119   115   117   118   
116   113   114   112   111   107   109   110   108   105   
106   104   103   99    101   102   100   97    98    96    
95    91    93    94    92    89    90    88    87    83    
85    86    84    81    82    80    79    75    77    78    
76    73    74    72    71    67    69    70    68    65    
66    64    63    59    61    62    60    57    58    56    
55    51    53    54    52    49    50    48    47    43    
45    46    44    41    42    40    39    35    37    38    
36    33    34    32    31    27    29    30    28    25    
26    24    23    19    21    22    20    17    18    16    
15    11    13    14    12    9     10    6     5     3     
7     8     4     1     2     

%MATERIAL
1

%MATERIAL.VISCOELASTIC
1
1       1.96e7	 0.0	1
7.87e7	2.24

%MATERIAL.DENSITY
1
1          2200.0

%SECTION
1

%SECTION.HOMOGENEOUS.ISOTROPIC.2D
1
1    1    0.3

%INTEGRATION.ORDER
1
1    2    2    2    2    2    2

%ELEMENT
80

%ELEMENT.PLSTRESS.Q8
80
1    1   1     1    6    9   10   11    7    3    2 
2    1   1     3    7   11   12   13    8    5    4 
3    1   1     9   14   17   18   19   15   11   10 
4    1   1    11   15   19   20   21   16   13   12 
5    1   1    17   22   25   26   27   23   19   18 
6    1   1    19   23   27   28   29   24   21   20 
7    1   1    25   30   33   34   35   31   27   26 
8    1   1    27   31   35   36   37   32   29   28 
9    1   1    33   38   41   42   43   39   35   34 
10   1   1    35   39   43   44   45   40   37   36 
11   1   1    41   46   49   50   51   47   43   42 
12   1   1    43   47   51   52   53   48   45   44 
13   1   1    49   54   57   58   59   55   51   50 
14   1   1    51   55   59   60   61   56   53   52 
15   1   1    57   62   65   66   67   63   59   58 
16   1   1    59   63   67   68   69   64   61   60 
17   1   1    65   70   73   74   75   71   67   66 
18   1   1    67   71   75   76   77   72   69   68 
19   1   1    73   78   81   82   83   79   75   74 
20   1   1    75   79   83   84   85   80   77   76 
21   1   1    81   86   89   90   91   87   83   82 
22   1   1    83   87   91   92   93   88   85   84 
23   1   1    89   94   97   98   99   95   91   90 
24   1   1    91   95   99  100  101   96   93   92 
25   1   1    97  102  105  106  107  103   99   98 
26   1   1    99  103  107  108  109  104  101  100 
27   1   1   105  110  113  114  115  111  107  106 
28   1   1   107  111  115  116  117  112  109  108 
29   1   1   113  118  121  122  123  119  115  114 
30   1   1   115  119  123  124  125  120  117  116 
31   1   1   121  126  129  130  131  127  123  122 
32   1   1   123  127  131  132  133  128  125  124 
33   1   1   129  134  137  138  139  135  131  130 
34   1   1   131  135  139  140  141  136  133  132 
35   1   1   137  142  145  146  147  143  139  138 
36   1   1   139  143  147  148  149  144  141  140 
37   1   1   145  150  153  154  155  151  147  146 
38   1   1   147  151  155  156  157  152  149  148 
39   1   1   153  158  161  162  163  159  155  154 
40   1   1   155  159  163  164  165  160  157  156 
41   1   1   161  166  169  170  171  167  163  162 
42   1   1   163  167  171  172  173  168  165  164 
43   1   1   169  174  177  178  179  175  171  170 
44   1   1   171  175  179  180  181  176  173  172 
45   1   1   177  182  185  186  187  183  179  178 
46   1   1   179  183  187  188  189  184  181  180 
47   1   1   185  190  193  194  195  191  187  186 
48   1   1   187  191  195  196  197  192  189  188 
49   1   1   193  198  201  202  203  199  195  194 
50   1   1   195  199  203  204  205  200  197  196 
51   1   1   201  206  209  210  211  207  203  202 
52   1   1   203  207  211  212  213  208  205  204 
53   1   1   209  214  217  218  219  215  211  210 
54   1   1   211  215  219  220  221  216  213  212 
55   1   1   217  222  225  226  227  223  219  218 
56   1   1   219  223  227  228  229  224  221  220 
57   1   1   225  230  233  234  235  231  227  226 
58   1   1   227  231  235  236  237  232  229  228 
59   1   1   233  238  241  242  243  239  235  234 
60   1   1   235  239  243  244  245  240  237  236 
61   1   1   241  246  249  250  251  247  243  242 
62   1   1   243  247  251  252  253  248  245  244 
63   1   1   249  254  257  258  259  255  251  250 
64   1   1   251  255  259  260  261  256  253  252 
65   1   1   257  262  265  266  267  263  259  258 
66   1   1   259  263  267  268  269  264  261  260 
67   1   1   265  270  273  274  275  271  267  266 
68   1   1   267  271  275  276  277  272  269  268 
69   1   1   273  278  281  282  283  279  275  274 
70   1   1   275  279  283  284  285  280  277  276 
71   1   1   281  286  289  290  291  287  283  282 
72   1   1   283  287  291  292  293  288  285  284 
73   1   1   289  294  297  298  299  295  291  290 
74   1   1   291  295  299  300  301  296  293  292 
75   1   1   297  302  305  306  307  303  299  298 
76   1   1   299  303  307  308  309  304  301  300 
77   1   1   305  310  313  314  315  311  307  306 
78   1   1   307  311  315  316  317  312  309  308 
79   1   1   313  318  321  322  323  319  315  314 
80   1   1   315  319  323  324  325  320  317  316 

%LOAD
1
1 'case1'

%LOAD.CASE
1

%TIME.FUNCTION.TABLE
2
0.0	1.0
1.0e4	1.0

%LOAD.CASE.NODAL.FORCE
1
323	0.0	-0.1	0.0	0.0	0.0	0.0

%END


%HEADER.ANALYSIS.ALGORITHM
'quasistatic'

%MATERIAL.ISOTROPIC
1
1       98.2e6	 0.0
