%HEADER
----------------------------------------------------------------------------
Collapse of an end-loaded elastoplastic cantilever in plane stress.
----------------------------------------------------------------------------
Limit load (Ref)  = 30.3594 kN.
Limit load (FAST) = 30.3578 kN.
---------------------------------------------
More results in the file PlastValidation.xlsx
----------------------------------------------------------------------------
Ref: Souza Neto, E. A; Peric, D.; Owen, D. R. J. (2008), Computational 
Methods for Plasticity, John Wiley & Sons.
----------------------------------------------------------------------------

%HEADER.ANALYSIS.ALGORITHM
'dcm'

%HEADER.ANALYSIS.DISPLACEMENT.CONTROL
403     2

%HEADER.ANALYSIS.MAXIMUM.STEPS
50

%HEADER.ANALYSIS.STEP.FACTOR
-0.002

%HEADER.ANALYSIS.MAXIMUM.ITERATIONS
30

%HEADER.ANALYSIS.TOLERANCE
1.0e-06

%NODE
405

%NODE.COORD
405
1     0.000000e+00  0.000000e+00  0.000000e+00
2     0.000000e+00  2.500000e-02  0.000000e+00
3     0.000000e+00  5.000000e-02  0.000000e+00
4     0.000000e+00  7.500000e-02  0.000000e+00
5     0.000000e+00  1.000000e-01  0.000000e+00
6     1.000000e-02  0.000000e+00  0.000000e+00
7     1.000000e-02  5.000000e-02  0.000000e+00
8     1.000000e-02  1.000000e-01  0.000000e+00
9     2.000000e-02  0.000000e+00  0.000000e+00
10    2.000000e-02  2.500000e-02  0.000000e+00
11    2.000000e-02  5.000000e-02  0.000000e+00
12    2.000000e-02  7.500000e-02  0.000000e+00
13    2.000000e-02  1.000000e-01  0.000000e+00
14    3.000000e-02  0.000000e+00  0.000000e+00
15    3.000000e-02  5.000000e-02  0.000000e+00
16    3.000000e-02  1.000000e-01  0.000000e+00
17    4.000000e-02  0.000000e+00  0.000000e+00
18    4.000000e-02  2.500000e-02  0.000000e+00
19    4.000000e-02  5.000000e-02  0.000000e+00
20    4.000000e-02  7.500000e-02  0.000000e+00
21    4.000000e-02  1.000000e-01  0.000000e+00
22    5.000000e-02  0.000000e+00  0.000000e+00
23    5.000000e-02  5.000000e-02  0.000000e+00
24    5.000000e-02  1.000000e-01  0.000000e+00
25    6.000000e-02  0.000000e+00  0.000000e+00
26    6.000000e-02  2.500000e-02  0.000000e+00
27    6.000000e-02  5.000000e-02  0.000000e+00
28    6.000000e-02  7.500000e-02  0.000000e+00
29    6.000000e-02  1.000000e-01  0.000000e+00
30    7.000000e-02  0.000000e+00  0.000000e+00
31    7.000000e-02  5.000000e-02  0.000000e+00
32    7.000000e-02  1.000000e-01  0.000000e+00
33    8.000000e-02  0.000000e+00  0.000000e+00
34    8.000000e-02  2.500000e-02  0.000000e+00
35    8.000000e-02  5.000000e-02  0.000000e+00
36    8.000000e-02  7.500000e-02  0.000000e+00
37    8.000000e-02  1.000000e-01  0.000000e+00
38    9.000000e-02  0.000000e+00  0.000000e+00
39    9.000000e-02  5.000000e-02  0.000000e+00
40    9.000000e-02  1.000000e-01  0.000000e+00
41    1.000000e-01  0.000000e+00  0.000000e+00
42    1.000000e-01  2.500000e-02  0.000000e+00
43    1.000000e-01  5.000000e-02  0.000000e+00
44    1.000000e-01  7.500000e-02  0.000000e+00
45    1.000000e-01  1.000000e-01  0.000000e+00
46    1.100000e-01  0.000000e+00  0.000000e+00
47    1.100000e-01  5.000000e-02  0.000000e+00
48    1.100000e-01  1.000000e-01  0.000000e+00
49    1.200000e-01  0.000000e+00  0.000000e+00
50    1.200000e-01  2.500000e-02  0.000000e+00
51    1.200000e-01  5.000000e-02  0.000000e+00
52    1.200000e-01  7.500000e-02  0.000000e+00
53    1.200000e-01  1.000000e-01  0.000000e+00
54    1.300000e-01  0.000000e+00  0.000000e+00
55    1.300000e-01  5.000000e-02  0.000000e+00
56    1.300000e-01  1.000000e-01  0.000000e+00
57    1.400000e-01  0.000000e+00  0.000000e+00
58    1.400000e-01  2.500000e-02  0.000000e+00
59    1.400000e-01  5.000000e-02  0.000000e+00
60    1.400000e-01  7.500000e-02  0.000000e+00
61    1.400000e-01  1.000000e-01  0.000000e+00
62    1.500000e-01  0.000000e+00  0.000000e+00
63    1.500000e-01  5.000000e-02  0.000000e+00
64    1.500000e-01  1.000000e-01  0.000000e+00
65    1.600000e-01  0.000000e+00  0.000000e+00
66    1.600000e-01  2.500000e-02  0.000000e+00
67    1.600000e-01  5.000000e-02  0.000000e+00
68    1.600000e-01  7.500000e-02  0.000000e+00
69    1.600000e-01  1.000000e-01  0.000000e+00
70    1.700000e-01  0.000000e+00  0.000000e+00
71    1.700000e-01  5.000000e-02  0.000000e+00
72    1.700000e-01  1.000000e-01  0.000000e+00
73    1.800000e-01  0.000000e+00  0.000000e+00
74    1.800000e-01  2.500000e-02  0.000000e+00
75    1.800000e-01  5.000000e-02  0.000000e+00
76    1.800000e-01  7.500000e-02  0.000000e+00
77    1.800000e-01  1.000000e-01  0.000000e+00
78    1.900000e-01  0.000000e+00  0.000000e+00
79    1.900000e-01  5.000000e-02  0.000000e+00
80    1.900000e-01  1.000000e-01  0.000000e+00
81    2.000000e-01  0.000000e+00  0.000000e+00
82    2.000000e-01  2.500000e-02  0.000000e+00
83    2.000000e-01  5.000000e-02  0.000000e+00
84    2.000000e-01  7.500000e-02  0.000000e+00
85    2.000000e-01  1.000000e-01  0.000000e+00
86    2.100000e-01  0.000000e+00  0.000000e+00
87    2.100000e-01  5.000000e-02  0.000000e+00
88    2.100000e-01  1.000000e-01  0.000000e+00
89    2.200000e-01  0.000000e+00  0.000000e+00
90    2.200000e-01  2.500000e-02  0.000000e+00
91    2.200000e-01  5.000000e-02  0.000000e+00
92    2.200000e-01  7.500000e-02  0.000000e+00
93    2.200000e-01  1.000000e-01  0.000000e+00
94    2.300000e-01  0.000000e+00  0.000000e+00
95    2.300000e-01  5.000000e-02  0.000000e+00
96    2.300000e-01  1.000000e-01  0.000000e+00
97    2.400000e-01  0.000000e+00  0.000000e+00
98    2.400000e-01  2.500000e-02  0.000000e+00
99    2.400000e-01  5.000000e-02  0.000000e+00
100   2.400000e-01  7.500000e-02  0.000000e+00
101   2.400000e-01  1.000000e-01  0.000000e+00
102   2.500000e-01  0.000000e+00  0.000000e+00
103   2.500000e-01  5.000000e-02  0.000000e+00
104   2.500000e-01  1.000000e-01  0.000000e+00
105   2.600000e-01  0.000000e+00  0.000000e+00
106   2.600000e-01  2.500000e-02  0.000000e+00
107   2.600000e-01  5.000000e-02  0.000000e+00
108   2.600000e-01  7.500000e-02  0.000000e+00
109   2.600000e-01  1.000000e-01  0.000000e+00
110   2.700000e-01  0.000000e+00  0.000000e+00
111   2.700000e-01  5.000000e-02  0.000000e+00
112   2.700000e-01  1.000000e-01  0.000000e+00
113   2.800000e-01  0.000000e+00  0.000000e+00
114   2.800000e-01  2.500000e-02  0.000000e+00
115   2.800000e-01  5.000000e-02  0.000000e+00
116   2.800000e-01  7.500000e-02  0.000000e+00
117   2.800000e-01  1.000000e-01  0.000000e+00
118   2.900000e-01  0.000000e+00  0.000000e+00
119   2.900000e-01  5.000000e-02  0.000000e+00
120   2.900000e-01  1.000000e-01  0.000000e+00
121   3.000000e-01  0.000000e+00  0.000000e+00
122   3.000000e-01  2.500000e-02  0.000000e+00
123   3.000000e-01  5.000000e-02  0.000000e+00
124   3.000000e-01  7.500000e-02  0.000000e+00
125   3.000000e-01  1.000000e-01  0.000000e+00
126   3.100000e-01  0.000000e+00  0.000000e+00
127   3.100000e-01  5.000000e-02  0.000000e+00
128   3.100000e-01  1.000000e-01  0.000000e+00
129   3.200000e-01  0.000000e+00  0.000000e+00
130   3.200000e-01  2.500000e-02  0.000000e+00
131   3.200000e-01  5.000000e-02  0.000000e+00
132   3.200000e-01  7.500000e-02  0.000000e+00
133   3.200000e-01  1.000000e-01  0.000000e+00
134   3.300000e-01  0.000000e+00  0.000000e+00
135   3.300000e-01  5.000000e-02  0.000000e+00
136   3.300000e-01  1.000000e-01  0.000000e+00
137   3.400000e-01  0.000000e+00  0.000000e+00
138   3.400000e-01  2.500000e-02  0.000000e+00
139   3.400000e-01  5.000000e-02  0.000000e+00
140   3.400000e-01  7.500000e-02  0.000000e+00
141   3.400000e-01  1.000000e-01  0.000000e+00
142   3.500000e-01  0.000000e+00  0.000000e+00
143   3.500000e-01  5.000000e-02  0.000000e+00
144   3.500000e-01  1.000000e-01  0.000000e+00
145   3.600000e-01  0.000000e+00  0.000000e+00
146   3.600000e-01  2.500000e-02  0.000000e+00
147   3.600000e-01  5.000000e-02  0.000000e+00
148   3.600000e-01  7.500000e-02  0.000000e+00
149   3.600000e-01  1.000000e-01  0.000000e+00
150   3.700000e-01  0.000000e+00  0.000000e+00
151   3.700000e-01  5.000000e-02  0.000000e+00
152   3.700000e-01  1.000000e-01  0.000000e+00
153   3.800000e-01  0.000000e+00  0.000000e+00
154   3.800000e-01  2.500000e-02  0.000000e+00
155   3.800000e-01  5.000000e-02  0.000000e+00
156   3.800000e-01  7.500000e-02  0.000000e+00
157   3.800000e-01  1.000000e-01  0.000000e+00
158   3.900000e-01  0.000000e+00  0.000000e+00
159   3.900000e-01  5.000000e-02  0.000000e+00
160   3.900000e-01  1.000000e-01  0.000000e+00
161   4.000000e-01  0.000000e+00  0.000000e+00
162   4.000000e-01  2.500000e-02  0.000000e+00
163   4.000000e-01  5.000000e-02  0.000000e+00
164   4.000000e-01  7.500000e-02  0.000000e+00
165   4.000000e-01  1.000000e-01  0.000000e+00
166   4.100000e-01  0.000000e+00  0.000000e+00
167   4.100000e-01  5.000000e-02  0.000000e+00
168   4.100000e-01  1.000000e-01  0.000000e+00
169   4.200000e-01  0.000000e+00  0.000000e+00
170   4.200000e-01  2.500000e-02  0.000000e+00
171   4.200000e-01  5.000000e-02  0.000000e+00
172   4.200000e-01  7.500000e-02  0.000000e+00
173   4.200000e-01  1.000000e-01  0.000000e+00
174   4.300000e-01  0.000000e+00  0.000000e+00
175   4.300000e-01  5.000000e-02  0.000000e+00
176   4.300000e-01  1.000000e-01  0.000000e+00
177   4.400000e-01  0.000000e+00  0.000000e+00
178   4.400000e-01  2.500000e-02  0.000000e+00
179   4.400000e-01  5.000000e-02  0.000000e+00
180   4.400000e-01  7.500000e-02  0.000000e+00
181   4.400000e-01  1.000000e-01  0.000000e+00
182   4.500000e-01  0.000000e+00  0.000000e+00
183   4.500000e-01  5.000000e-02  0.000000e+00
184   4.500000e-01  1.000000e-01  0.000000e+00
185   4.600000e-01  0.000000e+00  0.000000e+00
186   4.600000e-01  2.500000e-02  0.000000e+00
187   4.600000e-01  5.000000e-02  0.000000e+00
188   4.600000e-01  7.500000e-02  0.000000e+00
189   4.600000e-01  1.000000e-01  0.000000e+00
190   4.700000e-01  0.000000e+00  0.000000e+00
191   4.700000e-01  5.000000e-02  0.000000e+00
192   4.700000e-01  1.000000e-01  0.000000e+00
193   4.800000e-01  0.000000e+00  0.000000e+00
194   4.800000e-01  2.500000e-02  0.000000e+00
195   4.800000e-01  5.000000e-02  0.000000e+00
196   4.800000e-01  7.500000e-02  0.000000e+00
197   4.800000e-01  1.000000e-01  0.000000e+00
198   4.900000e-01  0.000000e+00  0.000000e+00
199   4.900000e-01  5.000000e-02  0.000000e+00
200   4.900000e-01  1.000000e-01  0.000000e+00
201   5.000000e-01  0.000000e+00  0.000000e+00
202   5.000000e-01  2.500000e-02  0.000000e+00
203   5.000000e-01  5.000000e-02  0.000000e+00
204   5.000000e-01  7.500000e-02  0.000000e+00
205   5.000000e-01  1.000000e-01  0.000000e+00
206   5.100000e-01  0.000000e+00  0.000000e+00
207   5.100000e-01  5.000000e-02  0.000000e+00
208   5.100000e-01  1.000000e-01  0.000000e+00
209   5.200000e-01  0.000000e+00  0.000000e+00
210   5.200000e-01  2.500000e-02  0.000000e+00
211   5.200000e-01  5.000000e-02  0.000000e+00
212   5.200000e-01  7.500000e-02  0.000000e+00
213   5.200000e-01  1.000000e-01  0.000000e+00
214   5.300000e-01  0.000000e+00  0.000000e+00
215   5.300000e-01  5.000000e-02  0.000000e+00
216   5.300000e-01  1.000000e-01  0.000000e+00
217   5.400000e-01  0.000000e+00  0.000000e+00
218   5.400000e-01  2.500000e-02  0.000000e+00
219   5.400000e-01  5.000000e-02  0.000000e+00
220   5.400000e-01  7.500000e-02  0.000000e+00
221   5.400000e-01  1.000000e-01  0.000000e+00
222   5.500000e-01  0.000000e+00  0.000000e+00
223   5.500000e-01  5.000000e-02  0.000000e+00
224   5.500000e-01  1.000000e-01  0.000000e+00
225   5.600000e-01  0.000000e+00  0.000000e+00
226   5.600000e-01  2.500000e-02  0.000000e+00
227   5.600000e-01  5.000000e-02  0.000000e+00
228   5.600000e-01  7.500000e-02  0.000000e+00
229   5.600000e-01  1.000000e-01  0.000000e+00
230   5.700000e-01  0.000000e+00  0.000000e+00
231   5.700000e-01  5.000000e-02  0.000000e+00
232   5.700000e-01  1.000000e-01  0.000000e+00
233   5.800000e-01  0.000000e+00  0.000000e+00
234   5.800000e-01  2.500000e-02  0.000000e+00
235   5.800000e-01  5.000000e-02  0.000000e+00
236   5.800000e-01  7.500000e-02  0.000000e+00
237   5.800000e-01  1.000000e-01  0.000000e+00
238   5.900000e-01  0.000000e+00  0.000000e+00
239   5.900000e-01  5.000000e-02  0.000000e+00
240   5.900000e-01  1.000000e-01  0.000000e+00
241   6.000000e-01  0.000000e+00  0.000000e+00
242   6.000000e-01  2.500000e-02  0.000000e+00
243   6.000000e-01  5.000000e-02  0.000000e+00
244   6.000000e-01  7.500000e-02  0.000000e+00
245   6.000000e-01  1.000000e-01  0.000000e+00
246   6.100000e-01  0.000000e+00  0.000000e+00
247   6.100000e-01  5.000000e-02  0.000000e+00
248   6.100000e-01  1.000000e-01  0.000000e+00
249   6.200000e-01  0.000000e+00  0.000000e+00
250   6.200000e-01  2.500000e-02  0.000000e+00
251   6.200000e-01  5.000000e-02  0.000000e+00
252   6.200000e-01  7.500000e-02  0.000000e+00
253   6.200000e-01  1.000000e-01  0.000000e+00
254   6.300000e-01  0.000000e+00  0.000000e+00
255   6.300000e-01  5.000000e-02  0.000000e+00
256   6.300000e-01  1.000000e-01  0.000000e+00
257   6.400000e-01  0.000000e+00  0.000000e+00
258   6.400000e-01  2.500000e-02  0.000000e+00
259   6.400000e-01  5.000000e-02  0.000000e+00
260   6.400000e-01  7.500000e-02  0.000000e+00
261   6.400000e-01  1.000000e-01  0.000000e+00
262   6.500000e-01  0.000000e+00  0.000000e+00
263   6.500000e-01  5.000000e-02  0.000000e+00
264   6.500000e-01  1.000000e-01  0.000000e+00
265   6.600000e-01  0.000000e+00  0.000000e+00
266   6.600000e-01  2.500000e-02  0.000000e+00
267   6.600000e-01  5.000000e-02  0.000000e+00
268   6.600000e-01  7.500000e-02  0.000000e+00
269   6.600000e-01  1.000000e-01  0.000000e+00
270   6.700000e-01  0.000000e+00  0.000000e+00
271   6.700000e-01  5.000000e-02  0.000000e+00
272   6.700000e-01  1.000000e-01  0.000000e+00
273   6.800000e-01  0.000000e+00  0.000000e+00
274   6.800000e-01  2.500000e-02  0.000000e+00
275   6.800000e-01  5.000000e-02  0.000000e+00
276   6.800000e-01  7.500000e-02  0.000000e+00
277   6.800000e-01  1.000000e-01  0.000000e+00
278   6.900000e-01  0.000000e+00  0.000000e+00
279   6.900000e-01  5.000000e-02  0.000000e+00
280   6.900000e-01  1.000000e-01  0.000000e+00
281   7.000000e-01  0.000000e+00  0.000000e+00
282   7.000000e-01  2.500000e-02  0.000000e+00
283   7.000000e-01  5.000000e-02  0.000000e+00
284   7.000000e-01  7.500000e-02  0.000000e+00
285   7.000000e-01  1.000000e-01  0.000000e+00
286   7.100000e-01  0.000000e+00  0.000000e+00
287   7.100000e-01  5.000000e-02  0.000000e+00
288   7.100000e-01  1.000000e-01  0.000000e+00
289   7.200000e-01  0.000000e+00  0.000000e+00
290   7.200000e-01  2.500000e-02  0.000000e+00
291   7.200000e-01  5.000000e-02  0.000000e+00
292   7.200000e-01  7.500000e-02  0.000000e+00
293   7.200000e-01  1.000000e-01  0.000000e+00
294   7.300000e-01  0.000000e+00  0.000000e+00
295   7.300000e-01  5.000000e-02  0.000000e+00
296   7.300000e-01  1.000000e-01  0.000000e+00
297   7.400000e-01  0.000000e+00  0.000000e+00
298   7.400000e-01  2.500000e-02  0.000000e+00
299   7.400000e-01  5.000000e-02  0.000000e+00
300   7.400000e-01  7.500000e-02  0.000000e+00
301   7.400000e-01  1.000000e-01  0.000000e+00
302   7.500000e-01  0.000000e+00  0.000000e+00
303   7.500000e-01  5.000000e-02  0.000000e+00
304   7.500000e-01  1.000000e-01  0.000000e+00
305   7.600000e-01  0.000000e+00  0.000000e+00
306   7.600000e-01  2.500000e-02  0.000000e+00
307   7.600000e-01  5.000000e-02  0.000000e+00
308   7.600000e-01  7.500000e-02  0.000000e+00
309   7.600000e-01  1.000000e-01  0.000000e+00
310   7.700000e-01  0.000000e+00  0.000000e+00
311   7.700000e-01  5.000000e-02  0.000000e+00
312   7.700000e-01  1.000000e-01  0.000000e+00
313   7.800000e-01  0.000000e+00  0.000000e+00
314   7.800000e-01  2.500000e-02  0.000000e+00
315   7.800000e-01  5.000000e-02  0.000000e+00
316   7.800000e-01  7.500000e-02  0.000000e+00
317   7.800000e-01  1.000000e-01  0.000000e+00
318   7.900000e-01  0.000000e+00  0.000000e+00
319   7.900000e-01  5.000000e-02  0.000000e+00
320   7.900000e-01  1.000000e-01  0.000000e+00
321   8.000000e-01  0.000000e+00  0.000000e+00
322   8.000000e-01  2.500000e-02  0.000000e+00
323   8.000000e-01  5.000000e-02  0.000000e+00
324   8.000000e-01  7.500000e-02  0.000000e+00
325   8.000000e-01  1.000000e-01  0.000000e+00
326   8.100000e-01  0.000000e+00  0.000000e+00
327   8.100000e-01  5.000000e-02  0.000000e+00
328   8.100000e-01  1.000000e-01  0.000000e+00
329   8.200000e-01  0.000000e+00  0.000000e+00
330   8.200000e-01  2.500000e-02  0.000000e+00
331   8.200000e-01  5.000000e-02  0.000000e+00
332   8.200000e-01  7.500000e-02  0.000000e+00
333   8.200000e-01  1.000000e-01  0.000000e+00
334   8.300000e-01  0.000000e+00  0.000000e+00
335   8.300000e-01  5.000000e-02  0.000000e+00
336   8.300000e-01  1.000000e-01  0.000000e+00
337   8.400000e-01  0.000000e+00  0.000000e+00
338   8.400000e-01  2.500000e-02  0.000000e+00
339   8.400000e-01  5.000000e-02  0.000000e+00
340   8.400000e-01  7.500000e-02  0.000000e+00
341   8.400000e-01  1.000000e-01  0.000000e+00
342   8.500000e-01  0.000000e+00  0.000000e+00
343   8.500000e-01  5.000000e-02  0.000000e+00
344   8.500000e-01  1.000000e-01  0.000000e+00
345   8.600000e-01  0.000000e+00  0.000000e+00
346   8.600000e-01  2.500000e-02  0.000000e+00
347   8.600000e-01  5.000000e-02  0.000000e+00
348   8.600000e-01  7.500000e-02  0.000000e+00
349   8.600000e-01  1.000000e-01  0.000000e+00
350   8.700000e-01  0.000000e+00  0.000000e+00
351   8.700000e-01  5.000000e-02  0.000000e+00
352   8.700000e-01  1.000000e-01  0.000000e+00
353   8.800000e-01  0.000000e+00  0.000000e+00
354   8.800000e-01  2.500000e-02  0.000000e+00
355   8.800000e-01  5.000000e-02  0.000000e+00
356   8.800000e-01  7.500000e-02  0.000000e+00
357   8.800000e-01  1.000000e-01  0.000000e+00
358   8.900000e-01  0.000000e+00  0.000000e+00
359   8.900000e-01  5.000000e-02  0.000000e+00
360   8.900000e-01  1.000000e-01  0.000000e+00
361   9.000000e-01  0.000000e+00  0.000000e+00
362   9.000000e-01  2.500000e-02  0.000000e+00
363   9.000000e-01  5.000000e-02  0.000000e+00
364   9.000000e-01  7.500000e-02  0.000000e+00
365   9.000000e-01  1.000000e-01  0.000000e+00
366   9.100000e-01  0.000000e+00  0.000000e+00
367   9.100000e-01  5.000000e-02  0.000000e+00
368   9.100000e-01  1.000000e-01  0.000000e+00
369   9.200000e-01  0.000000e+00  0.000000e+00
370   9.200000e-01  2.500000e-02  0.000000e+00
371   9.200000e-01  5.000000e-02  0.000000e+00
372   9.200000e-01  7.500000e-02  0.000000e+00
373   9.200000e-01  1.000000e-01  0.000000e+00
374   9.300000e-01  0.000000e+00  0.000000e+00
375   9.300000e-01  5.000000e-02  0.000000e+00
376   9.300000e-01  1.000000e-01  0.000000e+00
377   9.400000e-01  0.000000e+00  0.000000e+00
378   9.400000e-01  2.500000e-02  0.000000e+00
379   9.400000e-01  5.000000e-02  0.000000e+00
380   9.400000e-01  7.500000e-02  0.000000e+00
381   9.400000e-01  1.000000e-01  0.000000e+00
382   9.500000e-01  0.000000e+00  0.000000e+00
383   9.500000e-01  5.000000e-02  0.000000e+00
384   9.500000e-01  1.000000e-01  0.000000e+00
385   9.600000e-01  0.000000e+00  0.000000e+00
386   9.600000e-01  2.500000e-02  0.000000e+00
387   9.600000e-01  5.000000e-02  0.000000e+00
388   9.600000e-01  7.500000e-02  0.000000e+00
389   9.600000e-01  1.000000e-01  0.000000e+00
390   9.700000e-01  0.000000e+00  0.000000e+00
391   9.700000e-01  5.000000e-02  0.000000e+00
392   9.700000e-01  1.000000e-01  0.000000e+00
393   9.800000e-01  0.000000e+00  0.000000e+00
394   9.800000e-01  2.500000e-02  0.000000e+00
395   9.800000e-01  5.000000e-02  0.000000e+00
396   9.800000e-01  7.500000e-02  0.000000e+00
397   9.800000e-01  1.000000e-01  0.000000e+00
398   9.900000e-01  0.000000e+00  0.000000e+00
399   9.900000e-01  5.000000e-02  0.000000e+00
400   9.900000e-01  1.000000e-01  0.000000e+00
401   1.000000e+00  0.000000e+00  0.000000e+00
402   1.000000e+00  2.500000e-02  0.000000e+00
403   1.000000e+00  5.000000e-02  0.000000e+00
404   1.000000e+00  7.500000e-02  0.000000e+00
405   1.000000e+00  1.000000e-01  0.000000e+00

%NODE.SUPPORT
5
1     1     0     0     0     0     0   
2     1     0     0     0     0     0   
3     1     1     0     0     0     0   
4     1     0     0     0     0     0   
5     1     0     0     0     0     0   

%MATERIAL
1

%MATERIAL.ELASTOPLASTIC.ISOLINHARD
1
1    210.0e9    0.3    0.24e9    0.0

%SECTION
1

%SECTION.HOMOGENEOUS.ISOTROPIC.2D
1
1    1    0.05

%INTEGRATION.ORDER
1
1    2    2    2    2    2    2
1    3    3    3    3    3    3

%ELEMENT
100

%ELEMENT.PLSTRESS.Q8
100
1    1   1     1    6    9   10   11    7    3    2 
2    1   1     3    7   11   12   13    8    5    4 
3    1   1     9   14   17   18   19   15   11   10 
4    1   1    11   15   19   20   21   16   13   12 
5    1   1    17   22   25   26   27   23   19   18 
6    1   1    19   23   27   28   29   24   21   20 
7    1   1    25   30   33   34   35   31   27   26 
8    1   1    27   31   35   36   37   32   29   28 
9    1   1    33   38   41   42   43   39   35   34 
10   1   1    35   39   43   44   45   40   37   36 
11   1   1    41   46   49   50   51   47   43   42 
12   1   1    43   47   51   52   53   48   45   44 
13   1   1    49   54   57   58   59   55   51   50 
14   1   1    51   55   59   60   61   56   53   52 
15   1   1    57   62   65   66   67   63   59   58 
16   1   1    59   63   67   68   69   64   61   60 
17   1   1    65   70   73   74   75   71   67   66 
18   1   1    67   71   75   76   77   72   69   68 
19   1   1    73   78   81   82   83   79   75   74 
20   1   1    75   79   83   84   85   80   77   76 
21   1   1    81   86   89   90   91   87   83   82 
22   1   1    83   87   91   92   93   88   85   84 
23   1   1    89   94   97   98   99   95   91   90 
24   1   1    91   95   99  100  101   96   93   92 
25   1   1    97  102  105  106  107  103   99   98 
26   1   1    99  103  107  108  109  104  101  100 
27   1   1   105  110  113  114  115  111  107  106 
28   1   1   107  111  115  116  117  112  109  108 
29   1   1   113  118  121  122  123  119  115  114 
30   1   1   115  119  123  124  125  120  117  116 
31   1   1   121  126  129  130  131  127  123  122 
32   1   1   123  127  131  132  133  128  125  124 
33   1   1   129  134  137  138  139  135  131  130 
34   1   1   131  135  139  140  141  136  133  132 
35   1   1   137  142  145  146  147  143  139  138 
36   1   1   139  143  147  148  149  144  141  140 
37   1   1   145  150  153  154  155  151  147  146 
38   1   1   147  151  155  156  157  152  149  148 
39   1   1   153  158  161  162  163  159  155  154 
40   1   1   155  159  163  164  165  160  157  156 
41   1   1   161  166  169  170  171  167  163  162 
42   1   1   163  167  171  172  173  168  165  164 
43   1   1   169  174  177  178  179  175  171  170 
44   1   1   171  175  179  180  181  176  173  172 
45   1   1   177  182  185  186  187  183  179  178 
46   1   1   179  183  187  188  189  184  181  180 
47   1   1   185  190  193  194  195  191  187  186 
48   1   1   187  191  195  196  197  192  189  188 
49   1   1   193  198  201  202  203  199  195  194 
50   1   1   195  199  203  204  205  200  197  196 
51   1   1   201  206  209  210  211  207  203  202 
52   1   1   203  207  211  212  213  208  205  204 
53   1   1   209  214  217  218  219  215  211  210 
54   1   1   211  215  219  220  221  216  213  212 
55   1   1   217  222  225  226  227  223  219  218 
56   1   1   219  223  227  228  229  224  221  220 
57   1   1   225  230  233  234  235  231  227  226 
58   1   1   227  231  235  236  237  232  229  228 
59   1   1   233  238  241  242  243  239  235  234 
60   1   1   235  239  243  244  245  240  237  236 
61   1   1   241  246  249  250  251  247  243  242 
62   1   1   243  247  251  252  253  248  245  244 
63   1   1   249  254  257  258  259  255  251  250 
64   1   1   251  255  259  260  261  256  253  252 
65   1   1   257  262  265  266  267  263  259  258 
66   1   1   259  263  267  268  269  264  261  260 
67   1   1   265  270  273  274  275  271  267  266 
68   1   1   267  271  275  276  277  272  269  268 
69   1   1   273  278  281  282  283  279  275  274 
70   1   1   275  279  283  284  285  280  277  276 
71   1   1   281  286  289  290  291  287  283  282 
72   1   1   283  287  291  292  293  288  285  284 
73   1   1   289  294  297  298  299  295  291  290 
74   1   1   291  295  299  300  301  296  293  292 
75   1   1   297  302  305  306  307  303  299  298 
76   1   1   299  303  307  308  309  304  301  300 
77   1   1   305  310  313  314  315  311  307  306 
78   1   1   307  311  315  316  317  312  309  308 
79   1   1   313  318  321  322  323  319  315  314 
80   1   1   315  319  323  324  325  320  317  316 
81   1   1   321  326  329  330  331  327  323  322 
82   1   1   323  327  331  332  333  328  325  324 
83   1   1   329  334  337  338  339  335  331  330 
84   1   1   331  335  339  340  341  336  333  332 
85   1   1   337  342  345  346  347  343  339  338 
86   1   1   339  343  347  348  349  344  341  340 
87   1   1   345  350  353  354  355  351  347  346 
88   1   1   347  351  355  356  357  352  349  348 
89   1   1   353  358  361  362  363  359  355  354 
90   1   1   355  359  363  364  365  360  357  356 
91   1   1   361  366  369  370  371  367  363  362 
92   1   1   363  367  371  372  373  368  365  364 
93   1   1   369  374  377  378  379  375  371  370 
94   1   1   371  375  379  380  381  376  373  372 
95   1   1   377  382  385  386  387  383  379  378 
96   1   1   379  383  387  388  389  384  381  380 
97   1   1   385  390  393  394  395  391  387  386 
98   1   1   387  391  395  396  397  392  389  388 
99   1   1   393  398  401  402  403  399  395  394 
100  1   1   395  399  403  404  405  400  397  396 

%LOAD.CASE
1

%LOAD.CASE.NODAL.FORCE
1
403   0.0   -1.0e3   0.0   0.0   0.0   0.0

%END
