%HEADER
Elastoplastic analysis of a circular plate under uniform load.
----------------------------------------------------------------------------
Reference limit load = 2.5980e+02
-------------------------------------------------------
|     Integration 2x2      |   Integration 3x3        |
-------------------------------------------------------
|      p        v#7        |      p        v#7        |
| 0.00000e+00   0.00       | 0.00000e+00   0.00       |
| 1.59373e+02	0.12       | 1.58461e+02   0.12       |
| 2.23454e+02	0.24       | 2.30446e+02   0.24       |
| 2.39131e+02	0.36       | 2.46489e+02   0.36       |
| 2.47643e+02	0.48       | 2.52015e+02   0.48       |
| 2.52901e+02	0.60       | 2.54032e+02   0.60       |
| 2.56554e+02	0.72       | 2.55791e+02   0.72       |
| 2.58856e+02	0.84       | 2.57170e+02   0.84       |
| 2.60188e+02   0.96       | 2.58219e+02   0.96       |
| 2.60604e+02   1.08       | 2.59071e+02   1.08       |
| 2.60664e+02   1.20       | 2.59776e+02   1.20       |
-------------------------------------------------------
More results in the file PlastValidation.xlsx
-------------------------------------------------------
Ref: Souza Neto, E. A; Peric, D.; Owen, D. R. J. (2008), Computational 
Methods for Plasticity, John Wiley & Sons.
----------------------------------------------------------------------------

%HEADER.ANALYSIS.ALGORITHM
'dcm'

%HEADER.ANALYSIS.DISPLACEMENT.CONTROL
7     2

%HEADER.ANALYSIS.MAXIMUM.STEPS
10

%HEADER.ANALYSIS.STEP.FACTOR
-0.12

%HEADER.ANALYSIS.MAXIMUM.ITERATIONS
30

%HEADER.ANALYSIS.TOLERANCE
1.0e-08

%NODE
45

%NODE.COORD
45
1              0.0             0.0            0.0
2              2.0             0.0            0.0
3              4.0             0.0            0.0
4              6.0             0.0            0.0
5              8.0             0.0            0.0
6             10.0             0.0            0.0
7              0.0             0.5            0.0
8              2.0             0.5            0.0
9              4.0             0.5            0.0
10             6.0             0.5            0.0
11             8.0             0.5            0.0
12            10.0             0.5            0.0
13             0.0             1.0            0.0
14             2.0             1.0            0.0
15             4.0             1.0            0.0
16             6.0             1.0            0.0
17             8.0             1.0            0.0
18            10.0             1.0            0.0
19             1.0             0.0            0.0
20             2.0             0.25           0.0
21             1.0             0.5            0.0
22             0.0             0.25           0.0
23             3.0             0.0            0.0
24             4.0             0.25           0.0
25             3.0             0.5            0.0
26             5.0             0.0            0.0
27             6.0             0.25           0.0
28             5.0             0.5            0.0
29             7.0             0.0            0.0
30             8.0             0.25           0.0
31             7.0             0.5            0.0
32             9.0             0.0            0.0
33            10.0             0.25           0.0
34             9.0             0.5            0.0
35             2.0             0.75           0.0
36             1.0             1.0            0.0
37             0.0             0.75           0.0
38             4.0             0.75           0.0
39             3.0             1.0            0.0
40             6.0             0.75           0.0
41             5.0             1.0            0.0
42             8.0             0.75           0.0
43             7.0             1.0            0.0
44            10.0             0.75           0.0
45             9.0             1.0            0.0

%NODE.SUPPORT
1
12  0   1   0   0   0   0  

%MATERIAL
1

%MATERIAL.ELASTOPLASTIC.ISOLINHARD
1
1    1.0e7  0.24  16.0e3  0.0

%SECTION
1

%SECTION.HOMOGENEOUS.ISOTROPIC.2D
1
1    1    1.0

%INTEGRATION.ORDER
1
1	2	2	2	2	2	2
1	3	3	3	3	3	3

%ELEMENT
10

%ELEMENT.AXISYM.Q8
10 
1   1  1   1  19   2  20   8  21   7  22
2   1  1   2  23   3  24   9  25   8  20
3   1  1   3  26   4  27  10  28   9  24
4   1  1   4  29   5  30  11  31  10  27
5   1  1   5  32   6  33  12  34  11  30
6   1  1   7  21   8  35  14  36  13  37
7   1  1   8  25   9  38  15  39  14  35
8   1  1   9  28  10  40  16  41  15  38
9   1  1  10  31  11  42  17  43  16  40
10  1  1  11  34  12  44  18  45  17  42

%LOAD
1
1       'Load_Case_1'

%LOAD.CASE
1

%LOAD.CASE.LINE.FORCE.UNIFORM
5
6      13	14	0   0.0   -1.0   0.0
7      14	15	0   0.0   -1.0   0.0
8      15	16	0   0.0   -1.0   0.0
9      16	17	0   0.0   -1.0   0.0
10     17	18	0   0.0   -1.0   0.0

%END 
