%HEADER
----------------------------------------------------------------------------
Elastoplastic analysis of a cylinder subjected to internal pressure.
----------------------------------------------------------------------------
Reference limit pressure = 1.9209e-01 GPa
-------------------------------------------------------
|     Integration 2x2      |   Integration 3x3        |
-------------------------------------------------------
|   p (GPa)     u#5 (mm)   |   p (GPa)     u#5 (mm)   |
| 0.00000e+00	0.00       | 0.000000+00   0.00       |
| 5.45945e-02	0.03       | 5.45959e-02   0.03       |
| 1.09189e-01	0.06       | 1.09000e-01   0.06       |
| 1.46952e-01	0.09       | 1.46954e-01   0.09       |
| 1.68487e-01	0.12       | 1.68498e-01   0.12       |
| 1.81141e-01	0.15       | 1.81175e-01   0.15       |
| 1.88073e-01	0.18       | 1.88196e-01   0.18       |
| 1.91050e-01	0.21       | 1.91149e-01   0.21       |
| 1.91537e-01   0.24       | 1.91542e-01   0.24       |
-------------------------------------------------------
More results in the file PlastValidation.xlsx
-------------------------------------------------------
Ref: Souza Neto, E. A; Peric, D.; Owen, D. R. J. (2008), Computational 
Methods for Plasticity, John Wiley & Sons.
----------------------------------------------------------------------------

%HEADER.ANALYSIS.ALGORITHM
'dcm'

%HEADER.ANALYSIS.DISPLACEMENT.CONTROL
5       1

%HEADER.ANALYSIS.MAXIMUM.STEPS
8

%HEADER.ANALYSIS.STEP.FACTOR
0.00003

%HEADER.ANALYSIS.MAXIMUM.ITERATIONS
30

%HEADER.ANALYSIS.TOLERANCE
1.0e-08

%NODE
549

%NODE.COORD
549
1        +0.0000000000000000e-001    +2.0000000000000000e-001    +2.0000000000000000e-001
2        +6.1803400500000005e-002    +1.9021130799999999e-001    +2.0000000000000000e-001
3        +1.1755704899999999e-001    +1.6180340099999999e-001    +2.0000000000000000e-001
4        +1.6180340099999999e-001    +1.1755704899999999e-001    +2.0000000000000000e-001
5        +1.9021130799999999e-001    +6.1803400500000005e-002    +2.0000000000000000e-001
6        +2.0000000000000000e-001    +0.0000000000000000e-001    +2.0000000000000000e-001
7        +0.0000000000000000e-001    +2.0000000000000000e-001    +1.0000000000000000e-001
8        +6.1803400500000005e-002    +1.9021130799999999e-001    +1.0000000000000000e-001
9        +1.1755704899999999e-001    +1.6180340099999999e-001    +1.0000000000000000e-001
10       +1.6180340099999999e-001    +1.1755704899999999e-001    +1.0000000000000000e-001
11       +1.9021130799999999e-001    +6.1803400500000005e-002    +1.0000000000000000e-001
12       +2.0000000000000000e-001    +0.0000000000000000e-001    +1.0000000000000000e-001
13       +0.0000000000000000e-001    +2.0000000000000000e-001    +0.0000000000000000e-001
14       +6.1803400500000005e-002    +1.9021130799999999e-001    +0.0000000000000000e-001
15       +1.1755704899999999e-001    +1.6180340099999999e-001    +0.0000000000000000e-001
16       +1.6180340099999999e-001    +1.1755704899999999e-001    +0.0000000000000000e-001
17       +1.9021130799999999e-001    +6.1803400500000005e-002    +0.0000000000000000e-001
18       +2.0000000000000000e-001    +0.0000000000000000e-001    +0.0000000000000000e-001
19       +0.0000000000000000e-001    +1.8750000000000000e-001    +2.0000000000000000e-001
20       +5.7940685700000005e-002    +1.7832310199999999e-001    +2.0000000000000000e-001
21       +1.1020973900000000e-001    +1.5169068600000000e-001    +2.0000000000000000e-001
22       +1.5169068600000000e-001    +1.1020973900000000e-001    +2.0000000000000000e-001
23       +1.7832310199999999e-001    +5.7940685700000005e-002    +2.0000000000000000e-001
24       +1.8750000000000000e-001    +0.0000000000000000e-001    +2.0000000000000000e-001
25       +0.0000000000000000e-001    +1.8750000000000000e-001    +1.0000000000000000e-001
26       +5.7940685700000005e-002    +1.7832310199999999e-001    +1.0000000000000000e-001
27       +1.1020973900000000e-001    +1.5169068600000000e-001    +1.0000000000000000e-001
28       +1.5169068600000000e-001    +1.1020973900000000e-001    +1.0000000000000000e-001
29       +1.7832310199999999e-001    +5.7940685700000005e-002    +1.0000000000000000e-001
30       +1.8750000000000000e-001    +0.0000000000000000e-001    +1.0000000000000000e-001
31       +0.0000000000000000e-001    +1.8750000000000000e-001    +0.0000000000000000e-001
32       +5.7940685700000005e-002    +1.7832310199999999e-001    +0.0000000000000000e-001
33       +1.1020973900000000e-001    +1.5169068600000000e-001    +0.0000000000000000e-001
34       +1.5169068600000000e-001    +1.1020973900000000e-001    +0.0000000000000000e-001
35       +1.7832310199999999e-001    +5.7940685700000005e-002    +0.0000000000000000e-001
36       +1.8750000000000000e-001    +0.0000000000000000e-001    +0.0000000000000000e-001
37       +0.0000000000000000e-001    +1.7500000000000000e-001    +2.0000000000000000e-001
38       +5.4077976900000002e-002    +1.6643489600000001e-001    +2.0000000000000000e-001
39       +1.0286241800000000e-001    +1.4157797100000000e-001    +2.0000000000000000e-001
40       +1.4157797100000000e-001    +1.0286241800000000e-001    +2.0000000000000000e-001
41       +1.6643489600000001e-001    +5.4077976900000002e-002    +2.0000000000000000e-001
42       +1.7500000000000000e-001    +0.0000000000000000e-001    +2.0000000000000000e-001
43       +0.0000000000000000e-001    +1.7500000000000000e-001    +1.0000000000000000e-001
44       +5.4077976900000002e-002    +1.6643489600000001e-001    +1.0000000000000000e-001
45       +1.0286241800000000e-001    +1.4157797100000000e-001    +1.0000000000000000e-001
46       +1.4157797100000000e-001    +1.0286241800000000e-001    +1.0000000000000000e-001
47       +1.6643489600000001e-001    +5.4077976900000002e-002    +1.0000000000000000e-001
48       +1.7500000000000000e-001    +0.0000000000000000e-001    +1.0000000000000000e-001
49       +0.0000000000000000e-001    +1.7500000000000000e-001    +0.0000000000000000e-001
50       +5.4077976900000002e-002    +1.6643489600000001e-001    +0.0000000000000000e-001
51       +1.0286241800000000e-001    +1.4157797100000000e-001    +0.0000000000000000e-001
52       +1.4157797100000000e-001    +1.0286241800000000e-001    +0.0000000000000000e-001
53       +1.6643489600000001e-001    +5.4077976900000002e-002    +0.0000000000000000e-001
54       +1.7500000000000000e-001    +0.0000000000000000e-001    +0.0000000000000000e-001
55       +0.0000000000000000e-001    +1.6250000000000000e-001    +2.0000000000000000e-001
56       +5.0215262199999999e-002    +1.5454667799999999e-001    +2.0000000000000000e-001
57       +9.5515102100000004e-002    +1.3146525600000001e-001    +2.0000000000000000e-001
58       +1.3146525600000001e-001    +9.5515102100000004e-002    +2.0000000000000000e-001
59       +1.5454667799999999e-001    +5.0215262199999999e-002    +2.0000000000000000e-001
60       +1.6250000000000000e-001    +0.0000000000000000e-001    +2.0000000000000000e-001
61       +0.0000000000000000e-001    +1.6250000000000000e-001    +1.0000000000000000e-001
62       +5.0215262199999999e-002    +1.5454667799999999e-001    +1.0000000000000000e-001
63       +9.5515102100000004e-002    +1.3146525600000001e-001    +1.0000000000000000e-001
64       +1.3146525600000001e-001    +9.5515102100000004e-002    +1.0000000000000000e-001
65       +1.5454667799999999e-001    +5.0215262199999999e-002    +1.0000000000000000e-001
66       +1.6250000000000000e-001    +0.0000000000000000e-001    +1.0000000000000000e-001
67       +0.0000000000000000e-001    +1.6250000000000000e-001    +0.0000000000000000e-001
68       +5.0215262199999999e-002    +1.5454667799999999e-001    +0.0000000000000000e-001
69       +9.5515102100000004e-002    +1.3146525600000001e-001    +0.0000000000000000e-001
70       +1.3146525600000001e-001    +9.5515102100000004e-002    +0.0000000000000000e-001
71       +1.5454667799999999e-001    +5.0215262199999999e-002    +0.0000000000000000e-001
72       +1.6250000000000000e-001    +0.0000000000000000e-001    +0.0000000000000000e-001
73       +0.0000000000000000e-001    +1.5000000000000000e-001    +2.0000000000000000e-001
74       +4.6352550399999998e-002    +1.4265847199999999e-001    +2.0000000000000000e-001
75       +8.8167786599999998e-002    +1.2135255300000001e-001    +2.0000000000000000e-001
76       +1.2135255300000001e-001    +8.8167786599999998e-002    +2.0000000000000000e-001
77       +1.4265847199999999e-001    +4.6352550399999998e-002    +2.0000000000000000e-001
78       +1.5000000000000000e-001    +0.0000000000000000e-001    +2.0000000000000000e-001
79       +0.0000000000000000e-001    +1.5000000000000000e-001    +1.0000000000000000e-001
80       +4.6352550399999998e-002    +1.4265847199999999e-001    +1.0000000000000000e-001
81       +8.8167786599999998e-002    +1.2135255300000001e-001    +1.0000000000000000e-001
82       +1.2135255300000001e-001    +8.8167786599999998e-002    +1.0000000000000000e-001
83       +1.4265847199999999e-001    +4.6352550399999998e-002    +1.0000000000000000e-001
84       +1.5000000000000000e-001    +0.0000000000000000e-001    +1.0000000000000000e-001
85       +0.0000000000000000e-001    +1.5000000000000000e-001    +0.0000000000000000e-001
86       +4.6352550399999998e-002    +1.4265847199999999e-001    +0.0000000000000000e-001
87       +8.8167786599999998e-002    +1.2135255300000001e-001    +0.0000000000000000e-001
88       +1.2135255300000001e-001    +8.8167786599999998e-002    +0.0000000000000000e-001
89       +1.4265847199999999e-001    +4.6352550399999998e-002    +0.0000000000000000e-001
90       +1.5000000000000000e-001    +0.0000000000000000e-001    +0.0000000000000000e-001
91       +0.0000000000000000e-001    +1.3750000000000000e-001    +2.0000000000000000e-001
92       +4.2489835599999998e-002    +1.3077026599999999e-001    +2.0000000000000000e-001
93       +8.0820471000000005e-002    +1.1123983900000001e-001    +2.0000000000000000e-001
94       +1.1123983900000001e-001    +8.0820471000000005e-002    +2.0000000000000000e-001
95       +1.3077026599999999e-001    +4.2489835599999998e-002    +2.0000000000000000e-001
96       +1.3750000000000000e-001    +0.0000000000000000e-001    +2.0000000000000000e-001
97       +0.0000000000000000e-001    +1.3750000000000000e-001    +1.0000000000000000e-001
98       +4.2489835599999998e-002    +1.3077026599999999e-001    +1.0000000000000000e-001
99       +8.0820471000000005e-002    +1.1123983900000001e-001    +1.0000000000000000e-001
100      +1.1123983900000001e-001    +8.0820471000000005e-002    +1.0000000000000000e-001
101      +1.3077026599999999e-001    +4.2489835599999998e-002    +1.0000000000000000e-001
102      +1.3750000000000000e-001    +0.0000000000000000e-001    +1.0000000000000000e-001
103      +0.0000000000000000e-001    +1.3750000000000000e-001    +0.0000000000000000e-001
104      +4.2489835599999998e-002    +1.3077026599999999e-001    +0.0000000000000000e-001
105      +8.0820471000000005e-002    +1.1123983900000001e-001    +0.0000000000000000e-001
106      +1.1123983900000001e-001    +8.0820471000000005e-002    +0.0000000000000000e-001
107      +1.3077026599999999e-001    +4.2489835599999998e-002    +0.0000000000000000e-001
108      +1.3750000000000000e-001    +0.0000000000000000e-001    +0.0000000000000000e-001
109      +0.0000000000000000e-001    +1.2500000000000000e-001    +2.0000000000000000e-001
110      +3.8627123800000002e-002    +1.1888205999999999e-001    +2.0000000000000000e-001
111      +7.3473155499999998e-002    +1.0112712399999999e-001    +2.0000000000000000e-001
112      +1.0112712399999999e-001    +7.3473155499999998e-002    +2.0000000000000000e-001
113      +1.1888205999999999e-001    +3.8627123800000002e-002    +2.0000000000000000e-001
114      +1.2500000000000000e-001    +0.0000000000000000e-001    +2.0000000000000000e-001
115      +0.0000000000000000e-001    +1.2500000000000000e-001    +1.0000000000000000e-001
116      +3.8627123800000002e-002    +1.1888205999999999e-001    +1.0000000000000000e-001
117      +7.3473155499999998e-002    +1.0112712399999999e-001    +1.0000000000000000e-001
118      +1.0112712399999999e-001    +7.3473155499999998e-002    +1.0000000000000000e-001
119      +1.1888205999999999e-001    +3.8627123800000002e-002    +1.0000000000000000e-001
120      +1.2500000000000000e-001    +0.0000000000000000e-001    +1.0000000000000000e-001
121      +0.0000000000000000e-001    +1.2500000000000000e-001    +0.0000000000000000e-001
122      +3.8627123800000002e-002    +1.1888205999999999e-001    +0.0000000000000000e-001
123      +7.3473155499999998e-002    +1.0112712399999999e-001    +0.0000000000000000e-001
124      +1.0112712399999999e-001    +7.3473155499999998e-002    +0.0000000000000000e-001
125      +1.1888205999999999e-001    +3.8627123800000002e-002    +0.0000000000000000e-001
126      +1.2500000000000000e-001    +0.0000000000000000e-001    +0.0000000000000000e-001
127      +0.0000000000000000e-001    +1.1250000000000000e-001    +2.0000000000000000e-001
128      +3.4764412000000000e-002    +1.0699385400000001e-001    +2.0000000000000000e-001
129      +6.6125839900000005e-002    +9.1014409100000004e-002    +2.0000000000000000e-001
130      +9.1014409100000004e-002    +6.6125839900000005e-002    +2.0000000000000000e-001
131      +1.0699385400000001e-001    +3.4764412000000000e-002    +2.0000000000000000e-001
132      +1.1250000000000000e-001    +0.0000000000000000e-001    +2.0000000000000000e-001
133      +0.0000000000000000e-001    +1.1250000000000000e-001    +1.0000000000000000e-001
134      +3.4764412000000000e-002    +1.0699385400000001e-001    +1.0000000000000000e-001
135      +6.6125839900000005e-002    +9.1014409100000004e-002    +1.0000000000000000e-001
136      +9.1014409100000004e-002    +6.6125839900000005e-002    +1.0000000000000000e-001
137      +1.0699385400000001e-001    +3.4764412000000000e-002    +1.0000000000000000e-001
138      +1.1250000000000000e-001    +0.0000000000000000e-001    +1.0000000000000000e-001
139      +0.0000000000000000e-001    +1.1250000000000000e-001    +0.0000000000000000e-001
140      +3.4764412000000000e-002    +1.0699385400000001e-001    +0.0000000000000000e-001
141      +6.6125839900000005e-002    +9.1014409100000004e-002    +0.0000000000000000e-001
142      +9.1014409100000004e-002    +6.6125839900000005e-002    +0.0000000000000000e-001
143      +1.0699385400000001e-001    +3.4764412000000000e-002    +0.0000000000000000e-001
144      +1.1250000000000000e-001    +0.0000000000000000e-001    +0.0000000000000000e-001
145      +0.0000000000000000e-001    +1.0000000000000000e-001    +2.0000000000000000e-001
146      +3.0901700300000001e-002    +9.5105653999999995e-002    +2.0000000000000000e-001
147      +5.8778524399999998e-002    +8.0901700300000001e-002    +2.0000000000000000e-001
148      +8.0901700300000001e-002    +5.8778524399999998e-002    +2.0000000000000000e-001
149      +9.5105653999999995e-002    +3.0901700300000001e-002    +2.0000000000000000e-001
150      +1.0000000000000000e-001    +0.0000000000000000e-001    +2.0000000000000000e-001
151      +0.0000000000000000e-001    +1.0000000000000000e-001    +1.0000000000000000e-001
152      +3.0901700300000001e-002    +9.5105653999999995e-002    +1.0000000000000000e-001
153      +5.8778524399999998e-002    +8.0901700300000001e-002    +1.0000000000000000e-001
154      +8.0901700300000001e-002    +5.8778524399999998e-002    +1.0000000000000000e-001
155      +9.5105653999999995e-002    +3.0901700300000001e-002    +1.0000000000000000e-001
156      +1.0000000000000000e-001    +0.0000000000000000e-001    +1.0000000000000000e-001
157      +0.0000000000000000e-001    +1.0000000000000000e-001    +0.0000000000000000e-001
158      +3.0901700300000001e-002    +9.5105653999999995e-002    +0.0000000000000000e-001
159      +5.8778524399999998e-002    +8.0901700300000001e-002    +0.0000000000000000e-001
160      +8.0901700300000001e-002    +5.8778524399999998e-002    +0.0000000000000000e-001
161      +9.5105653999999995e-002    +3.0901700300000001e-002    +0.0000000000000000e-001
162      +1.0000000000000000e-001    +0.0000000000000000e-001    +0.0000000000000000e-001
163      +0.0000000000000000e-001    +1.8750000000000000e-001    +1.5000000000000000e-001
164      +2.9331462000000003e-002    +1.8519156400000001e-001    +1.0000000000000000e-001
165      +5.7940685700000005e-002    +1.7832310199999999e-001    +1.5000000000000000e-001
166      +2.9331462000000003e-002    +1.8519156400000001e-001    +2.0000000000000000e-001
167      +3.1286892300000002e-002    +1.9753767300000000e-001    +2.0000000000000000e-001
168      +6.1803400500000005e-002    +1.9021130799999999e-001    +1.5000000000000000e-001
169      +3.1286895300000001e-002    +1.9753767300000000e-001    +1.0000000000000000e-001
170      +0.0000000000000000e-001    +2.0000000000000000e-001    +1.5000000000000000e-001
171      +5.9872043100000005e-002    +1.8426721100000001e-001    +2.0000000000000000e-001
172      +0.0000000000000000e-001    +1.9375000000000000e-001    +2.0000000000000000e-001
173      +5.9872043100000005e-002    +1.8426721100000001e-001    +1.0000000000000000e-001
174      +0.0000000000000000e-001    +1.9375000000000000e-001    +1.0000000000000000e-001
175      +8.5123219000000006e-002    +1.6706372300000001e-001    +1.0000000000000000e-001
176      +1.1020973900000000e-001    +1.5169068600000000e-001    +1.5000000000000000e-001
177      +8.5123219000000006e-002    +1.6706372300000001e-001    +2.0000000000000000e-001
178      +9.0798097799999999e-002    +1.7820130599999999e-001    +2.0000000000000000e-001
179      +1.1755704899999999e-001    +1.6180340099999999e-001    +1.5000000000000000e-001
180      +9.0798097799999999e-002    +1.7820130599999999e-001    +1.0000000000000000e-001
181      +1.1388339999999999e-001    +1.5674704300000000e-001    +2.0000000000000000e-001
182      +1.1388339999999999e-001    +1.5674704300000000e-001    +1.0000000000000000e-001
183      +1.3258252100000001e-001    +1.3258252100000001e-001    +1.0000000000000000e-001
184      +1.5169068600000000e-001    +1.1020973900000000e-001    +1.5000000000000000e-001
185      +1.3258252100000001e-001    +1.3258252100000001e-001    +2.0000000000000000e-001
186      +1.4142135400000000e-001    +1.4142135400000000e-001    +2.0000000000000000e-001
187      +1.6180340099999999e-001    +1.1755704899999999e-001    +1.5000000000000000e-001
188      +1.4142135400000000e-001    +1.4142135400000000e-001    +1.0000000000000000e-001
189      +1.5674704300000000e-001    +1.1388339999999999e-001    +2.0000000000000000e-001
190      +1.5674704300000000e-001    +1.1388339999999999e-001    +1.0000000000000000e-001
191      +1.6706372300000001e-001    +8.5123219000000006e-002    +1.0000000000000000e-001
192      +1.7832310199999999e-001    +5.7940685700000005e-002    +1.5000000000000000e-001
193      +1.6706372300000001e-001    +8.5123219000000006e-002    +2.0000000000000000e-001
194      +1.7820130599999999e-001    +9.0798097799999999e-002    +2.0000000000000000e-001
195      +1.9021130799999999e-001    +6.1803400500000005e-002    +1.5000000000000000e-001
196      +1.7820130599999999e-001    +9.0798097799999999e-002    +1.0000000000000000e-001
197      +1.8426721100000001e-001    +5.9872043100000005e-002    +2.0000000000000000e-001
198      +1.8426721100000001e-001    +5.9872043100000005e-002    +1.0000000000000000e-001
199      +1.8519156400000001e-001    +2.9331462000000003e-002    +1.0000000000000000e-001
200      +1.8750000000000000e-001    +0.0000000000000000e-001    +1.5000000000000000e-001
201      +1.8519156400000001e-001    +2.9331462000000003e-002    +2.0000000000000000e-001
202      +1.9753767300000000e-001    +3.1286892300000002e-002    +2.0000000000000000e-001
203      +2.0000000000000000e-001    +0.0000000000000000e-001    +1.5000000000000000e-001
204      +1.9753767300000000e-001    +3.1286895300000001e-002    +1.0000000000000000e-001
205      +1.9375000000000000e-001    +0.0000000000000000e-001    +2.0000000000000000e-001
206      +1.9375000000000000e-001    +0.0000000000000000e-001    +1.0000000000000000e-001
207      +0.0000000000000000e-001    +1.8750000000000000e-001    +5.0000000000000000e-002
208      +2.9331462000000003e-002    +1.8519156400000001e-001    +0.0000000000000000e-001
209      +5.7940685700000005e-002    +1.7832310199999999e-001    +5.0000000000000000e-002
210      +6.1803400500000005e-002    +1.9021130799999999e-001    +5.0000000000000000e-002
211      +3.1286892300000002e-002    +1.9753767300000000e-001    +0.0000000000000000e-001
212      +0.0000000000000000e-001    +2.0000000000000000e-001    +5.0000000000000000e-002
213      +5.9872043100000005e-002    +1.8426721100000001e-001    +0.0000000000000000e-001
214      +0.0000000000000000e-001    +1.9375000000000000e-001    +0.0000000000000000e-001
215      +8.5123219000000006e-002    +1.6706372300000001e-001    +0.0000000000000000e-001
216      +1.1020973900000000e-001    +1.5169068600000000e-001    +5.0000000000000000e-002
217      +1.1755704899999999e-001    +1.6180340099999999e-001    +5.0000000000000000e-002
218      +9.0798097799999999e-002    +1.7820130599999999e-001    +0.0000000000000000e-001
219      +1.1388339999999999e-001    +1.5674704300000000e-001    +0.0000000000000000e-001
220      +1.3258252100000001e-001    +1.3258252100000001e-001    +0.0000000000000000e-001
221      +1.5169068600000000e-001    +1.1020973900000000e-001    +5.0000000000000000e-002
222      +1.6180340099999999e-001    +1.1755704899999999e-001    +5.0000000000000000e-002
223      +1.4142135400000000e-001    +1.4142135400000000e-001    +0.0000000000000000e-001
224      +1.5674704300000000e-001    +1.1388339999999999e-001    +0.0000000000000000e-001
225      +1.6706372300000001e-001    +8.5123219000000006e-002    +0.0000000000000000e-001
226      +1.7832310199999999e-001    +5.7940685700000005e-002    +5.0000000000000000e-002
227      +1.9021130799999999e-001    +6.1803400500000005e-002    +5.0000000000000000e-002
228      +1.7820130599999999e-001    +9.0798097799999999e-002    +0.0000000000000000e-001
229      +1.8426721100000001e-001    +5.9872043100000005e-002    +0.0000000000000000e-001
230      +1.8519156400000001e-001    +2.9331462000000003e-002    +0.0000000000000000e-001
231      +1.8750000000000000e-001    +0.0000000000000000e-001    +5.0000000000000000e-002
232      +2.0000000000000000e-001    +0.0000000000000000e-001    +5.0000000000000000e-002
233      +1.9753767300000000e-001    +3.1286892300000002e-002    +0.0000000000000000e-001
234      +1.9375000000000000e-001    +0.0000000000000000e-001    +0.0000000000000000e-001
235      +0.0000000000000000e-001    +1.7500000000000000e-001    +1.5000000000000000e-001
236      +2.7376031000000001e-002    +1.7284546000000001e-001    +1.0000000000000000e-001
237      +5.4077976900000002e-002    +1.6643489600000001e-001    +1.5000000000000000e-001
238      +2.7376031000000001e-002    +1.7284546000000001e-001    +2.0000000000000000e-001
239      +5.6009328400000002e-002    +1.7237899299999999e-001    +2.0000000000000000e-001
240      +0.0000000000000000e-001    +1.8125000000000000e-001    +2.0000000000000000e-001
241      +5.6009328400000002e-002    +1.7237899299999999e-001    +1.0000000000000000e-001
242      +0.0000000000000000e-001    +1.8125000000000000e-001    +1.0000000000000000e-001
243      +7.9448337000000002e-002    +1.5592614199999999e-001    +1.0000000000000000e-001
244      +1.0286241800000000e-001    +1.4157797100000000e-001    +1.5000000000000000e-001
245      +7.9448337000000002e-002    +1.5592614199999999e-001    +2.0000000000000000e-001
246      +1.0653607800000000e-001    +1.4663432800000000e-001    +2.0000000000000000e-001
247      +1.0653607800000000e-001    +1.4663432800000000e-001    +1.0000000000000000e-001
248      +1.2374368700000000e-001    +1.2374368700000000e-001    +1.0000000000000000e-001
249      +1.4157797100000000e-001    +1.0286241800000000e-001    +1.5000000000000000e-001
250      +1.2374368700000000e-001    +1.2374368700000000e-001    +2.0000000000000000e-001
251      +1.4663432800000000e-001    +1.0653607800000000e-001    +2.0000000000000000e-001
252      +1.4663432800000000e-001    +1.0653607800000000e-001    +1.0000000000000000e-001
253      +1.5592614199999999e-001    +7.9448337000000002e-002    +1.0000000000000000e-001
254      +1.6643489600000001e-001    +5.4077976900000002e-002    +1.5000000000000000e-001
255      +1.5592614199999999e-001    +7.9448337000000002e-002    +2.0000000000000000e-001
256      +1.7237899299999999e-001    +5.6009328400000002e-002    +2.0000000000000000e-001
257      +1.7237899299999999e-001    +5.6009328400000002e-002    +1.0000000000000000e-001
258      +1.7284546000000001e-001    +2.7376031000000001e-002    +1.0000000000000000e-001
259      +1.7500000000000000e-001    +0.0000000000000000e-001    +1.5000000000000000e-001
260      +1.7284546000000001e-001    +2.7376031000000001e-002    +2.0000000000000000e-001
261      +1.8125000000000000e-001    +0.0000000000000000e-001    +2.0000000000000000e-001
262      +1.8125000000000000e-001    +0.0000000000000000e-001    +1.0000000000000000e-001
263      +0.0000000000000000e-001    +1.7500000000000000e-001    +5.0000000000000000e-002
264      +2.7376031000000001e-002    +1.7284546000000001e-001    +0.0000000000000000e-001
265      +5.4077976900000002e-002    +1.6643489600000001e-001    +5.0000000000000000e-002
266      +5.6009328400000002e-002    +1.7237899299999999e-001    +0.0000000000000000e-001
267      +0.0000000000000000e-001    +1.8125000000000000e-001    +0.0000000000000000e-001
268      +7.9448337000000002e-002    +1.5592614199999999e-001    +0.0000000000000000e-001
269      +1.0286241800000000e-001    +1.4157797100000000e-001    +5.0000000000000000e-002
270      +1.0653607800000000e-001    +1.4663432800000000e-001    +0.0000000000000000e-001
271      +1.2374368700000000e-001    +1.2374368700000000e-001    +0.0000000000000000e-001
272      +1.4157797100000000e-001    +1.0286241800000000e-001    +5.0000000000000000e-002
273      +1.4663432800000000e-001    +1.0653607800000000e-001    +0.0000000000000000e-001
274      +1.5592614199999999e-001    +7.9448337000000002e-002    +0.0000000000000000e-001
275      +1.6643489600000001e-001    +5.4077976900000002e-002    +5.0000000000000000e-002
276      +1.7237899299999999e-001    +5.6009328400000002e-002    +0.0000000000000000e-001
277      +1.7284546000000001e-001    +2.7376031000000001e-002    +0.0000000000000000e-001
278      +1.7500000000000000e-001    +0.0000000000000000e-001    +5.0000000000000000e-002
279      +1.8125000000000000e-001    +0.0000000000000000e-001    +0.0000000000000000e-001
280      +0.0000000000000000e-001    +1.6250000000000000e-001    +1.5000000000000000e-001
281      +2.5420600999999998e-002    +1.6049935500000001e-001    +1.0000000000000000e-001
282      +5.0215262199999999e-002    +1.5454667799999999e-001    +1.5000000000000000e-001
283      +2.5420600999999998e-002    +1.6049935500000001e-001    +2.0000000000000000e-001
284      +5.2146619599999999e-002    +1.6049078699999999e-001    +2.0000000000000000e-001
285      +0.0000000000000000e-001    +1.6875000000000000e-001    +2.0000000000000000e-001
286      +5.2146619599999999e-002    +1.6049078699999999e-001    +1.0000000000000000e-001
287      +0.0000000000000000e-001    +1.6875000000000000e-001    +1.0000000000000000e-001
288      +7.3773456000000004e-002    +1.4478856000000000e-001    +1.0000000000000000e-001
289      +9.5515102100000004e-002    +1.3146525600000001e-001    +1.5000000000000000e-001
290      +7.3773456000000004e-002    +1.4478856000000000e-001    +2.0000000000000000e-001
291      +9.9188756899999997e-002    +1.3652161400000000e-001    +2.0000000000000000e-001
292      +9.9188756899999997e-002    +1.3652161400000000e-001    +1.0000000000000000e-001
293      +1.1490485200000000e-001    +1.1490485200000000e-001    +1.0000000000000000e-001
294      +1.3146525600000001e-001    +9.5515102100000004e-002    +1.5000000000000000e-001
295      +1.1490485200000000e-001    +1.1490485200000000e-001    +2.0000000000000000e-001
296      +1.3652161400000000e-001    +9.9188756899999997e-002    +2.0000000000000000e-001
297      +1.3652161400000000e-001    +9.9188756899999997e-002    +1.0000000000000000e-001
298      +1.4478856000000000e-001    +7.3773456000000004e-002    +1.0000000000000000e-001
299      +1.5454667799999999e-001    +5.0215262199999999e-002    +1.5000000000000000e-001
300      +1.4478856000000000e-001    +7.3773456000000004e-002    +2.0000000000000000e-001
301      +1.6049078699999999e-001    +5.2146619599999999e-002    +2.0000000000000000e-001
302      +1.6049078699999999e-001    +5.2146619599999999e-002    +1.0000000000000000e-001
303      +1.6049935500000001e-001    +2.5420600999999998e-002    +1.0000000000000000e-001
304      +1.6250000000000000e-001    +0.0000000000000000e-001    +1.5000000000000000e-001
305      +1.6049935500000001e-001    +2.5420600999999998e-002    +2.0000000000000000e-001
306      +1.6875000000000000e-001    +0.0000000000000000e-001    +2.0000000000000000e-001
307      +1.6875000000000000e-001    +0.0000000000000000e-001    +1.0000000000000000e-001
308      +0.0000000000000000e-001    +1.6250000000000000e-001    +5.0000000000000000e-002
309      +2.5420600999999998e-002    +1.6049935500000001e-001    +0.0000000000000000e-001
310      +5.0215262199999999e-002    +1.5454667799999999e-001    +5.0000000000000000e-002
311      +5.2146619599999999e-002    +1.6049078699999999e-001    +0.0000000000000000e-001
312      +0.0000000000000000e-001    +1.6875000000000000e-001    +0.0000000000000000e-001
313      +7.3773456000000004e-002    +1.4478856000000000e-001    +0.0000000000000000e-001
314      +9.5515102100000004e-002    +1.3146525600000001e-001    +5.0000000000000000e-002
315      +9.9188756899999997e-002    +1.3652161400000000e-001    +0.0000000000000000e-001
316      +1.1490485200000000e-001    +1.1490485200000000e-001    +0.0000000000000000e-001
317      +1.3146525600000001e-001    +9.5515102100000004e-002    +5.0000000000000000e-002
318      +1.3652161400000000e-001    +9.9188756899999997e-002    +0.0000000000000000e-001
319      +1.4478856000000000e-001    +7.3773456000000004e-002    +0.0000000000000000e-001
320      +1.5454667799999999e-001    +5.0215262199999999e-002    +5.0000000000000000e-002
321      +1.6049078699999999e-001    +5.2146619599999999e-002    +0.0000000000000000e-001
322      +1.6049935500000001e-001    +2.5420600999999998e-002    +0.0000000000000000e-001
323      +1.6250000000000000e-001    +0.0000000000000000e-001    +5.0000000000000000e-002
324      +1.6875000000000000e-001    +0.0000000000000000e-001    +0.0000000000000000e-001
325      +0.0000000000000000e-001    +1.5000000000000000e-001    +1.5000000000000000e-001
326      +2.3465169999999999e-002    +1.4815325100000001e-001    +1.0000000000000000e-001
327      +4.6352550399999998e-002    +1.4265847199999999e-001    +1.5000000000000000e-001
328      +2.3465169999999999e-002    +1.4815325100000001e-001    +2.0000000000000000e-001
329      +4.8283904799999999e-002    +1.4860258099999999e-001    +2.0000000000000000e-001
330      +0.0000000000000000e-001    +1.5625000000000000e-001    +2.0000000000000000e-001
331      +4.8283904799999999e-002    +1.4860258099999999e-001    +1.0000000000000000e-001
332      +0.0000000000000000e-001    +1.5625000000000000e-001    +1.0000000000000000e-001
333      +6.8098574999999995e-002    +1.3365097900000000e-001    +1.0000000000000000e-001
334      +8.8167786599999998e-002    +1.2135255300000001e-001    +1.5000000000000000e-001
335      +6.8098574999999995e-002    +1.3365097900000000e-001    +2.0000000000000000e-001
336      +9.1841447399999998e-002    +1.2640891100000000e-001    +2.0000000000000000e-001
337      +9.1841447399999998e-002    +1.2640891100000000e-001    +1.0000000000000000e-001
338      +1.0606601700000000e-001    +1.0606601700000000e-001    +1.0000000000000000e-001
339      +1.2135255300000001e-001    +8.8167786599999998e-002    +1.5000000000000000e-001
340      +1.0606601700000000e-001    +1.0606601700000000e-001    +2.0000000000000000e-001
341      +1.2640891100000000e-001    +9.1841447399999998e-002    +2.0000000000000000e-001
342      +1.2640891100000000e-001    +9.1841447399999998e-002    +1.0000000000000000e-001
343      +1.3365097900000000e-001    +6.8098574999999995e-002    +1.0000000000000000e-001
344      +1.4265847199999999e-001    +4.6352550399999998e-002    +1.5000000000000000e-001
345      +1.3365097900000000e-001    +6.8098574999999995e-002    +2.0000000000000000e-001
346      +1.4860258099999999e-001    +4.8283904799999999e-002    +2.0000000000000000e-001
347      +1.4860258099999999e-001    +4.8283904799999999e-002    +1.0000000000000000e-001
348      +1.4815325100000001e-001    +2.3465169999999999e-002    +1.0000000000000000e-001
349      +1.5000000000000000e-001    +0.0000000000000000e-001    +1.5000000000000000e-001
350      +1.4815325100000001e-001    +2.3465169999999999e-002    +2.0000000000000000e-001
351      +1.5625000000000000e-001    +0.0000000000000000e-001    +2.0000000000000000e-001
352      +1.5625000000000000e-001    +0.0000000000000000e-001    +1.0000000000000000e-001
353      +0.0000000000000000e-001    +1.5000000000000000e-001    +5.0000000000000000e-002
354      +2.3465169999999999e-002    +1.4815325100000001e-001    +0.0000000000000000e-001
355      +4.6352550399999998e-002    +1.4265847199999999e-001    +5.0000000000000000e-002
356      +4.8283904799999999e-002    +1.4860258099999999e-001    +0.0000000000000000e-001
357      +0.0000000000000000e-001    +1.5625000000000000e-001    +0.0000000000000000e-001
358      +6.8098574999999995e-002    +1.3365097900000000e-001    +0.0000000000000000e-001
359      +8.8167786599999998e-002    +1.2135255300000001e-001    +5.0000000000000000e-002
360      +9.1841447399999998e-002    +1.2640891100000000e-001    +0.0000000000000000e-001
361      +1.0606601700000000e-001    +1.0606601700000000e-001    +0.0000000000000000e-001
362      +1.2135255300000001e-001    +8.8167786599999998e-002    +5.0000000000000000e-002
363      +1.2640891100000000e-001    +9.1841447399999998e-002    +0.0000000000000000e-001
364      +1.3365097900000000e-001    +6.8098574999999995e-002    +0.0000000000000000e-001
365      +1.4265847199999999e-001    +4.6352550399999998e-002    +5.0000000000000000e-002
366      +1.4860258099999999e-001    +4.8283904799999999e-002    +0.0000000000000000e-001
367      +1.4815325100000001e-001    +2.3465169999999999e-002    +0.0000000000000000e-001
368      +1.5000000000000000e-001    +0.0000000000000000e-001    +5.0000000000000000e-002
369      +1.5625000000000000e-001    +0.0000000000000000e-001    +0.0000000000000000e-001
370      +0.0000000000000000e-001    +1.3750000000000000e-001    +1.5000000000000000e-001
371      +2.1509739000000000e-002    +1.3580714700000001e-001    +1.0000000000000000e-001
372      +4.2489835599999998e-002    +1.3077026599999999e-001    +1.5000000000000000e-001
373      +2.1509739000000000e-002    +1.3580714700000001e-001    +2.0000000000000000e-001
374      +4.4421192999999998e-002    +1.3671436299999999e-001    +2.0000000000000000e-001
375      +0.0000000000000000e-001    +1.4375000000000000e-001    +2.0000000000000000e-001
376      +4.4421192999999998e-002    +1.3671436299999999e-001    +1.0000000000000000e-001
377      +0.0000000000000000e-001    +1.4375000000000000e-001    +1.0000000000000000e-001
378      +6.2423693999999996e-002    +1.2251339699999999e-001    +1.0000000000000000e-001
379      +8.0820471000000005e-002    +1.1123983900000001e-001    +1.5000000000000000e-001
380      +6.2423693999999996e-002    +1.2251339699999999e-001    +2.0000000000000000e-001
381      +8.4494125799999997e-002    +1.1629619600000001e-001    +2.0000000000000000e-001
382      +8.4494125799999997e-002    +1.1629619600000001e-001    +1.0000000000000000e-001
383      +9.7227182000000001e-002    +9.7227182000000001e-002    +1.0000000000000000e-001
384      +1.1123983900000001e-001    +8.0820471000000005e-002    +1.5000000000000000e-001
385      +9.7227182000000001e-002    +9.7227182000000001e-002    +2.0000000000000000e-001
386      +1.1629619600000001e-001    +8.4494125799999997e-002    +2.0000000000000000e-001
387      +1.1629619600000001e-001    +8.4494125799999997e-002    +1.0000000000000000e-001
388      +1.2251339699999999e-001    +6.2423693999999996e-002    +1.0000000000000000e-001
389      +1.3077026599999999e-001    +4.2489835599999998e-002    +1.5000000000000000e-001
390      +1.2251339699999999e-001    +6.2423693999999996e-002    +2.0000000000000000e-001
391      +1.3671436299999999e-001    +4.4421192999999998e-002    +2.0000000000000000e-001
392      +1.3671436299999999e-001    +4.4421192999999998e-002    +1.0000000000000000e-001
393      +1.3580714700000001e-001    +2.1509739000000000e-002    +1.0000000000000000e-001
394      +1.3750000000000000e-001    +0.0000000000000000e-001    +1.5000000000000000e-001
395      +1.3580714700000001e-001    +2.1509739000000000e-002    +2.0000000000000000e-001
396      +1.4375000000000000e-001    +0.0000000000000000e-001    +2.0000000000000000e-001
397      +1.4375000000000000e-001    +0.0000000000000000e-001    +1.0000000000000000e-001
398      +0.0000000000000000e-001    +1.3750000000000000e-001    +5.0000000000000000e-002
399      +2.1509739000000000e-002    +1.3580714700000001e-001    +0.0000000000000000e-001
400      +4.2489835599999998e-002    +1.3077026599999999e-001    +5.0000000000000000e-002
401      +4.4421192999999998e-002    +1.3671436299999999e-001    +0.0000000000000000e-001
402      +0.0000000000000000e-001    +1.4375000000000000e-001    +0.0000000000000000e-001
403      +6.2423693999999996e-002    +1.2251339699999999e-001    +0.0000000000000000e-001
404      +8.0820471000000005e-002    +1.1123983900000001e-001    +5.0000000000000000e-002
405      +8.4494125799999997e-002    +1.1629619600000001e-001    +0.0000000000000000e-001
406      +9.7227182000000001e-002    +9.7227182000000001e-002    +0.0000000000000000e-001
407      +1.1123983900000001e-001    +8.0820471000000005e-002    +5.0000000000000000e-002
408      +1.1629619600000001e-001    +8.4494125799999997e-002    +0.0000000000000000e-001
409      +1.2251339699999999e-001    +6.2423693999999996e-002    +0.0000000000000000e-001
410      +1.3077026599999999e-001    +4.2489835599999998e-002    +5.0000000000000000e-002
411      +1.3671436299999999e-001    +4.4421192999999998e-002    +0.0000000000000000e-001
412      +1.3580714700000001e-001    +2.1509739000000000e-002    +0.0000000000000000e-001
413      +1.3750000000000000e-001    +0.0000000000000000e-001    +5.0000000000000000e-002
414      +1.4375000000000000e-001    +0.0000000000000000e-001    +0.0000000000000000e-001
415      +0.0000000000000000e-001    +1.2500000000000000e-001    +1.5000000000000000e-001
416      +1.9554308000000001e-002    +1.2346104300000000e-001    +1.0000000000000000e-001
417      +3.8627123800000002e-002    +1.1888205999999999e-001    +1.5000000000000000e-001
418      +1.9554308000000001e-002    +1.2346104300000000e-001    +2.0000000000000000e-001
419      +4.0558481200000002e-002    +1.2482616900000001e-001    +2.0000000000000000e-001
420      +0.0000000000000000e-001    +1.3125000000000000e-001    +2.0000000000000000e-001
421      +4.0558481200000002e-002    +1.2482616900000001e-001    +1.0000000000000000e-001
422      +0.0000000000000000e-001    +1.3125000000000000e-001    +1.0000000000000000e-001
423      +5.6748812000000004e-002    +1.1137581599999999e-001    +1.0000000000000000e-001
424      +7.3473155499999998e-002    +1.0112712399999999e-001    +1.5000000000000000e-001
425      +5.6748812000000004e-002    +1.1137581599999999e-001    +2.0000000000000000e-001
426      +7.7146816299999998e-002    +1.0618348099999999e-001    +2.0000000000000000e-001
427      +7.7146816299999998e-002    +1.0618348099999999e-001    +1.0000000000000000e-001
428      +8.8388348000000005e-002    +8.8388348000000005e-002    +1.0000000000000000e-001
429      +1.0112712399999999e-001    +7.3473155499999998e-002    +1.5000000000000000e-001
430      +8.8388348000000005e-002    +8.8388348000000005e-002    +2.0000000000000000e-001
431      +1.0618348099999999e-001    +7.7146816299999998e-002    +2.0000000000000000e-001
432      +1.0618348099999999e-001    +7.7146816299999998e-002    +1.0000000000000000e-001
433      +1.1137581599999999e-001    +5.6748812000000004e-002    +1.0000000000000000e-001
434      +1.1888205999999999e-001    +3.8627123800000002e-002    +1.5000000000000000e-001
435      +1.1137581599999999e-001    +5.6748812000000004e-002    +2.0000000000000000e-001
436      +1.2482616900000001e-001    +4.0558481200000002e-002    +2.0000000000000000e-001
437      +1.2482616900000001e-001    +4.0558481200000002e-002    +1.0000000000000000e-001
438      +1.2346104300000000e-001    +1.9554308000000001e-002    +1.0000000000000000e-001
439      +1.2500000000000000e-001    +0.0000000000000000e-001    +1.5000000000000000e-001
440      +1.2346104300000000e-001    +1.9554308000000001e-002    +2.0000000000000000e-001
441      +1.3125000000000000e-001    +0.0000000000000000e-001    +2.0000000000000000e-001
442      +1.3125000000000000e-001    +0.0000000000000000e-001    +1.0000000000000000e-001
443      +0.0000000000000000e-001    +1.2500000000000000e-001    +5.0000000000000000e-002
444      +1.9554308000000001e-002    +1.2346104300000000e-001    +0.0000000000000000e-001
445      +3.8627123800000002e-002    +1.1888205999999999e-001    +5.0000000000000000e-002
446      +4.0558481200000002e-002    +1.2482616900000001e-001    +0.0000000000000000e-001
447      +0.0000000000000000e-001    +1.3125000000000000e-001    +0.0000000000000000e-001
448      +5.6748812000000004e-002    +1.1137581599999999e-001    +0.0000000000000000e-001
449      +7.3473155499999998e-002    +1.0112712399999999e-001    +5.0000000000000000e-002
450      +7.7146816299999998e-002    +1.0618348099999999e-001    +0.0000000000000000e-001
451      +8.8388348000000005e-002    +8.8388348000000005e-002    +0.0000000000000000e-001
452      +1.0112712399999999e-001    +7.3473155499999998e-002    +5.0000000000000000e-002
453      +1.0618348099999999e-001    +7.7146816299999998e-002    +0.0000000000000000e-001
454      +1.1137581599999999e-001    +5.6748812000000004e-002    +0.0000000000000000e-001
455      +1.1888205999999999e-001    +3.8627123800000002e-002    +5.0000000000000000e-002
456      +1.2482616900000001e-001    +4.0558481200000002e-002    +0.0000000000000000e-001
457      +1.2346104300000000e-001    +1.9554308000000001e-002    +0.0000000000000000e-001
458      +1.2500000000000000e-001    +0.0000000000000000e-001    +5.0000000000000000e-002
459      +1.3125000000000000e-001    +0.0000000000000000e-001    +0.0000000000000000e-001
460      +0.0000000000000000e-001    +1.1250000000000000e-001    +1.5000000000000000e-001
461      +1.7598876999999999e-002    +1.1111493800000001e-001    +1.0000000000000000e-001
462      +3.4764412000000000e-002    +1.0699385400000001e-001    +1.5000000000000000e-001
463      +1.7598876999999999e-002    +1.1111493800000001e-001    +2.0000000000000000e-001
464      +3.6695766400000002e-002    +1.1293795099999999e-001    +2.0000000000000000e-001
465      +0.0000000000000000e-001    +1.1875000000000000e-001    +2.0000000000000000e-001
466      +3.6695766400000002e-002    +1.1293795099999999e-001    +1.0000000000000000e-001
467      +0.0000000000000000e-001    +1.1875000000000000e-001    +1.0000000000000000e-001
468      +5.1073930999999995e-002    +1.0023823400000000e-001    +1.0000000000000000e-001
469      +6.6125839900000005e-002    +9.1014409100000004e-002    +1.5000000000000000e-001
470      +5.1073930999999995e-002    +1.0023823400000000e-001    +2.0000000000000000e-001
471      +6.9799494699999998e-002    +9.6070766399999996e-002    +2.0000000000000000e-001
472      +6.9799494699999998e-002    +9.6070766399999996e-002    +1.0000000000000000e-001
473      +7.9549513000000005e-002    +7.9549513000000005e-002    +1.0000000000000000e-001
474      +9.1014409100000004e-002    +6.6125839900000005e-002    +1.5000000000000000e-001
475      +7.9549513000000005e-002    +7.9549513000000005e-002    +2.0000000000000000e-001
476      +9.6070766399999996e-002    +6.9799494699999998e-002    +2.0000000000000000e-001
477      +9.6070766399999996e-002    +6.9799494699999998e-002    +1.0000000000000000e-001
478      +1.0023823400000000e-001    +5.1073930999999995e-002    +1.0000000000000000e-001
479      +1.0699385400000001e-001    +3.4764412000000000e-002    +1.5000000000000000e-001
480      +1.0023823400000000e-001    +5.1073930999999995e-002    +2.0000000000000000e-001
481      +1.1293795099999999e-001    +3.6695766400000002e-002    +2.0000000000000000e-001
482      +1.1293795099999999e-001    +3.6695766400000002e-002    +1.0000000000000000e-001
483      +1.1111493800000001e-001    +1.7598876999999999e-002    +1.0000000000000000e-001
484      +1.1250000000000000e-001    +0.0000000000000000e-001    +1.5000000000000000e-001
485      +1.1111493800000001e-001    +1.7598876999999999e-002    +2.0000000000000000e-001
486      +1.1875000000000000e-001    +0.0000000000000000e-001    +2.0000000000000000e-001
487      +1.1875000000000000e-001    +0.0000000000000000e-001    +1.0000000000000000e-001
488      +0.0000000000000000e-001    +1.1250000000000000e-001    +5.0000000000000000e-002
489      +1.7598876999999999e-002    +1.1111493800000001e-001    +0.0000000000000000e-001
490      +3.4764412000000000e-002    +1.0699385400000001e-001    +5.0000000000000000e-002
491      +3.6695766400000002e-002    +1.1293795099999999e-001    +0.0000000000000000e-001
492      +0.0000000000000000e-001    +1.1875000000000000e-001    +0.0000000000000000e-001
493      +5.1073930999999995e-002    +1.0023823400000000e-001    +0.0000000000000000e-001
494      +6.6125839900000005e-002    +9.1014409100000004e-002    +5.0000000000000000e-002
495      +6.9799494699999998e-002    +9.6070766399999996e-002    +0.0000000000000000e-001
496      +7.9549513000000005e-002    +7.9549513000000005e-002    +0.0000000000000000e-001
497      +9.1014409100000004e-002    +6.6125839900000005e-002    +5.0000000000000000e-002
498      +9.6070766399999996e-002    +6.9799494699999998e-002    +0.0000000000000000e-001
499      +1.0023823400000000e-001    +5.1073930999999995e-002    +0.0000000000000000e-001
500      +1.0699385400000001e-001    +3.4764412000000000e-002    +5.0000000000000000e-002
501      +1.1293795099999999e-001    +3.6695766400000002e-002    +0.0000000000000000e-001
502      +1.1111493800000001e-001    +1.7598876999999999e-002    +0.0000000000000000e-001
503      +1.1250000000000000e-001    +0.0000000000000000e-001    +5.0000000000000000e-002
504      +1.1875000000000000e-001    +0.0000000000000000e-001    +0.0000000000000000e-001
505      +0.0000000000000000e-001    +1.0000000000000000e-001    +1.5000000000000000e-001
506      +1.5643447599999999e-002    +9.8768836299999996e-002    +1.0000000000000000e-001
507      +3.0901700300000001e-002    +9.5105653999999995e-002    +1.5000000000000000e-001
508      +1.5643446100000000e-002    +9.8768836299999996e-002    +2.0000000000000000e-001
509      +3.2833057599999999e-002    +1.0104975700000001e-001    +2.0000000000000000e-001
510      +0.0000000000000000e-001    +1.0625000000000000e-001    +2.0000000000000000e-001
511      +3.2833057599999999e-002    +1.0104975700000001e-001    +1.0000000000000000e-001
512      +0.0000000000000000e-001    +1.0625000000000000e-001    +1.0000000000000000e-001
513      +4.5399048900000000e-002    +8.9100652899999999e-002    +1.0000000000000000e-001
514      +5.8778524399999998e-002    +8.0901700300000001e-002    +1.5000000000000000e-001
515      +4.5399048900000000e-002    +8.9100652899999999e-002    +2.0000000000000000e-001
516      +6.2452185199999999e-002    +8.5958051700000004e-002    +2.0000000000000000e-001
517      +6.2452185199999999e-002    +8.5958051700000004e-002    +1.0000000000000000e-001
518      +7.0710676900000002e-002    +7.0710676900000002e-002    +1.0000000000000000e-001
519      +8.0901700300000001e-002    +5.8778524399999998e-002    +1.5000000000000000e-001
520      +7.0710676900000002e-002    +7.0710676900000002e-002    +2.0000000000000000e-001
521      +8.5958051700000004e-002    +6.2452185199999999e-002    +2.0000000000000000e-001
522      +8.5958051700000004e-002    +6.2452185199999999e-002    +1.0000000000000000e-001
523      +8.9100652899999999e-002    +4.5399048900000000e-002    +1.0000000000000000e-001
524      +9.5105653999999995e-002    +3.0901700300000001e-002    +1.5000000000000000e-001
525      +8.9100652899999999e-002    +4.5399048900000000e-002    +2.0000000000000000e-001
526      +1.0104975700000001e-001    +3.2833057599999999e-002    +2.0000000000000000e-001
527      +1.0104975700000001e-001    +3.2833057599999999e-002    +1.0000000000000000e-001
528      +9.8768836299999996e-002    +1.5643447599999999e-002    +1.0000000000000000e-001
529      +1.0000000000000000e-001    +0.0000000000000000e-001    +1.5000000000000000e-001
530      +9.8768836299999996e-002    +1.5643446100000000e-002    +2.0000000000000000e-001
531      +1.0625000000000000e-001    +0.0000000000000000e-001    +2.0000000000000000e-001
532      +1.0625000000000000e-001    +0.0000000000000000e-001    +1.0000000000000000e-001
533      +0.0000000000000000e-001    +1.0000000000000000e-001    +5.0000000000000000e-002
534      +1.5643446100000000e-002    +9.8768836299999996e-002    +0.0000000000000000e-001
535      +3.0901700300000001e-002    +9.5105653999999995e-002    +5.0000000000000000e-002
536      +3.2833057599999999e-002    +1.0104975700000001e-001    +0.0000000000000000e-001
537      +0.0000000000000000e-001    +1.0625000000000000e-001    +0.0000000000000000e-001
538      +4.5399048900000000e-002    +8.9100652899999999e-002    +0.0000000000000000e-001
539      +5.8778524399999998e-002    +8.0901700300000001e-002    +5.0000000000000000e-002
540      +6.2452185199999999e-002    +8.5958051700000004e-002    +0.0000000000000000e-001
541      +7.0710676900000002e-002    +7.0710676900000002e-002    +0.0000000000000000e-001
542      +8.0901700300000001e-002    +5.8778524399999998e-002    +5.0000000000000000e-002
543      +8.5958051700000004e-002    +6.2452185199999999e-002    +0.0000000000000000e-001
544      +8.9100652899999999e-002    +4.5399048900000000e-002    +0.0000000000000000e-001
545      +9.5105653999999995e-002    +3.0901700300000001e-002    +5.0000000000000000e-002
546      +1.0104975700000001e-001    +3.2833057599999999e-002    +0.0000000000000000e-001
547      +9.8768836299999996e-002    +1.5643446100000000e-002    +0.0000000000000000e-001
548      +1.0000000000000000e-001    +0.0000000000000000e-001    +5.0000000000000000e-002
549      +1.0625000000000000e-001    +0.0000000000000000e-001    +0.0000000000000000e-001

%NODE.SUPPORT
364
231       0 1 0 0 0 0
232       0 1 0 0 0 0
278       0 1 0 0 0 0
323       0 1 0 0 0 0
368       0 1 0 0 0 0
413       0 1 0 0 0 0
458       0 1 0 0 0 0
503       0 1 0 0 0 0
548       0 1 0 0 0 0
12        0 1 0 0 0 0
48        0 1 0 0 0 0
66        0 1 0 0 0 0
102       0 1 0 0 0 0
120       0 1 0 0 0 0
138       0 1 0 0 0 0
156       0 1 0 0 0 0
206       0 1 0 0 0 0
262       0 1 0 0 0 0
352       0 1 0 0 0 0
397       0 1 0 0 0 0
442       0 1 0 0 0 0
487       0 1 0 0 0 0
532       0 1 0 0 0 0
30        0 1 0 0 0 0
84        0 1 0 0 0 0
307       0 1 0 0 0 0
203       0 1 0 0 0 0
259       0 1 0 0 0 0
304       0 1 0 0 0 0
349       0 1 0 0 0 0
394       0 1 0 0 0 0
439       0 1 0 0 0 0
484       0 1 0 0 0 0
529       0 1 0 0 0 0
200       0 1 0 0 0 0
163       1 0 0 0 0 0
170       1 0 0 0 0 0
235       1 0 0 0 0 0
280       1 0 0 0 0 0
325       1 0 0 0 0 0
370       1 0 0 0 0 0
415       1 0 0 0 0 0
460       1 0 0 0 0 0
505       1 0 0 0 0 0
7         1 0 0 0 0 0
25        1 0 0 0 0 0
43        1 0 0 0 0 0
61        1 0 0 0 0 0
79        1 0 0 0 0 0
97        1 0 0 0 0 0
115       1 0 0 0 0 0
133       1 0 0 0 0 0
151       1 0 0 0 0 0
174       1 0 0 0 0 0
242       1 0 0 0 0 0
287       1 0 0 0 0 0
332       1 0 0 0 0 0
377       1 0 0 0 0 0
422       1 0 0 0 0 0
467       1 0 0 0 0 0
512       1 0 0 0 0 0
207       1 0 0 0 0 0
212       1 0 0 0 0 0
263       1 0 0 0 0 0
308       1 0 0 0 0 0
353       1 0 0 0 0 0
398       1 0 0 0 0 0
443       1 0 0 0 0 0
488       1 0 0 0 0 0
533       1 0 0 0 0 0
1         1 0 1 0 0 0
2         0 0 1 0 0 0
3         0 0 1 0 0 0
4         0 0 1 0 0 0
5         0 0 1 0 0 0
6         0 1 1 0 0 0
19        1 0 1 0 0 0
20        0 0 1 0 0 0
21        0 0 1 0 0 0
22        0 0 1 0 0 0
23        0 0 1 0 0 0
24        0 1 1 0 0 0
37        1 0 1 0 0 0
38        0 0 1 0 0 0
39        0 0 1 0 0 0
40        0 0 1 0 0 0
41        0 0 1 0 0 0
42        0 1 1 0 0 0
55        1 0 1 0 0 0
56        0 0 1 0 0 0
57        0 0 1 0 0 0
58        0 0 1 0 0 0
59        0 0 1 0 0 0
60        0 1 1 0 0 0
73        1 0 1 0 0 0
74        0 0 1 0 0 0
75        0 0 1 0 0 0
76        0 0 1 0 0 0
77        0 0 1 0 0 0
78        0 1 1 0 0 0
91        1 0 1 0 0 0
92        0 0 1 0 0 0
93        0 0 1 0 0 0
94        0 0 1 0 0 0
95        0 0 1 0 0 0
96        0 1 1 0 0 0
109       1 0 1 0 0 0
110       0 0 1 0 0 0
111       0 0 1 0 0 0
112       0 0 1 0 0 0
113       0 0 1 0 0 0
114       0 1 1 0 0 0
127       1 0 1 0 0 0
128       0 0 1 0 0 0
129       0 0 1 0 0 0
130       0 0 1 0 0 0
131       0 0 1 0 0 0
132       0 1 1 0 0 0
145       1 0 1 0 0 0
146       0 0 1 0 0 0
147       0 0 1 0 0 0
148       0 0 1 0 0 0
149       0 0 1 0 0 0
150       0 1 1 0 0 0
166       0 0 1 0 0 0
167       0 0 1 0 0 0
171       0 0 1 0 0 0
172       1 0 1 0 0 0
177       0 0 1 0 0 0
178       0 0 1 0 0 0
181       0 0 1 0 0 0
185       0 0 1 0 0 0
186       0 0 1 0 0 0
189       0 0 1 0 0 0
193       0 0 1 0 0 0
194       0 0 1 0 0 0
197       0 0 1 0 0 0
201       0 0 1 0 0 0
202       0 0 1 0 0 0
205       0 1 1 0 0 0
238       0 0 1 0 0 0
239       0 0 1 0 0 0
240       1 0 1 0 0 0
245       0 0 1 0 0 0
246       0 0 1 0 0 0
250       0 0 1 0 0 0
251       0 0 1 0 0 0
255       0 0 1 0 0 0
256       0 0 1 0 0 0
260       0 0 1 0 0 0
261       0 1 1 0 0 0
283       0 0 1 0 0 0
284       0 0 1 0 0 0
285       1 0 1 0 0 0
290       0 0 1 0 0 0
291       0 0 1 0 0 0
295       0 0 1 0 0 0
296       0 0 1 0 0 0
300       0 0 1 0 0 0
301       0 0 1 0 0 0
305       0 0 1 0 0 0
306       0 1 1 0 0 0
328       0 0 1 0 0 0
329       0 0 1 0 0 0
330       1 0 1 0 0 0
335       0 0 1 0 0 0
336       0 0 1 0 0 0
340       0 0 1 0 0 0
341       0 0 1 0 0 0
345       0 0 1 0 0 0
346       0 0 1 0 0 0
350       0 0 1 0 0 0
351       0 1 1 0 0 0
373       0 0 1 0 0 0
374       0 0 1 0 0 0
375       1 0 1 0 0 0
380       0 0 1 0 0 0
381       0 0 1 0 0 0
385       0 0 1 0 0 0
386       0 0 1 0 0 0
390       0 0 1 0 0 0
391       0 0 1 0 0 0
395       0 0 1 0 0 0
396       0 1 1 0 0 0
418       0 0 1 0 0 0
419       0 0 1 0 0 0
420       1 0 1 0 0 0
425       0 0 1 0 0 0
426       0 0 1 0 0 0
430       0 0 1 0 0 0
431       0 0 1 0 0 0
435       0 0 1 0 0 0
436       0 0 1 0 0 0
440       0 0 1 0 0 0
441       0 1 1 0 0 0
463       0 0 1 0 0 0
464       0 0 1 0 0 0
465       1 0 1 0 0 0
470       0 0 1 0 0 0
471       0 0 1 0 0 0
475       0 0 1 0 0 0
476       0 0 1 0 0 0
480       0 0 1 0 0 0
481       0 0 1 0 0 0
485       0 0 1 0 0 0
486       0 1 1 0 0 0
508       0 0 1 0 0 0
509       0 0 1 0 0 0
510       1 0 1 0 0 0
515       0 0 1 0 0 0
516       0 0 1 0 0 0
520       0 0 1 0 0 0
521       0 0 1 0 0 0
525       0 0 1 0 0 0
526       0 0 1 0 0 0
530       0 0 1 0 0 0
531       0 1 1 0 0 0
13        1 0 1 0 0 0
14        0 0 1 0 0 0
15        0 0 1 0 0 0
16        0 0 1 0 0 0
17        0 0 1 0 0 0
18        0 1 1 0 0 0
31        1 0 1 0 0 0
32        0 0 1 0 0 0
33        0 0 1 0 0 0
34        0 0 1 0 0 0
35        0 0 1 0 0 0
36        0 1 1 0 0 0
49        1 0 1 0 0 0
50        0 0 1 0 0 0
51        0 0 1 0 0 0
52        0 0 1 0 0 0
53        0 0 1 0 0 0
54        0 1 1 0 0 0
67        1 0 1 0 0 0
68        0 0 1 0 0 0
69        0 0 1 0 0 0
70        0 0 1 0 0 0
71        0 0 1 0 0 0
72        0 1 1 0 0 0
85        1 0 1 0 0 0
86        0 0 1 0 0 0
87        0 0 1 0 0 0
88        0 0 1 0 0 0
89        0 0 1 0 0 0
90        0 1 1 0 0 0
103       1 0 1 0 0 0
104       0 0 1 0 0 0
105       0 0 1 0 0 0
106       0 0 1 0 0 0
107       0 0 1 0 0 0
108       0 1 1 0 0 0
121       1 0 1 0 0 0
122       0 0 1 0 0 0
123       0 0 1 0 0 0
124       0 0 1 0 0 0
125       0 0 1 0 0 0
126       0 1 1 0 0 0
139       1 0 1 0 0 0
140       0 0 1 0 0 0
141       0 0 1 0 0 0
142       0 0 1 0 0 0
143       0 0 1 0 0 0
144       0 1 1 0 0 0
157       1 0 1 0 0 0
158       0 0 1 0 0 0
159       0 0 1 0 0 0
160       0 0 1 0 0 0
161       0 0 1 0 0 0
162       0 1 1 0 0 0
208       0 0 1 0 0 0
211       0 0 1 0 0 0
213       0 0 1 0 0 0
214       1 0 1 0 0 0
215       0 0 1 0 0 0
218       0 0 1 0 0 0
219       0 0 1 0 0 0
220       0 0 1 0 0 0
223       0 0 1 0 0 0
224       0 0 1 0 0 0
225       0 0 1 0 0 0
228       0 0 1 0 0 0
229       0 0 1 0 0 0
230       0 0 1 0 0 0
233       0 0 1 0 0 0
234       0 1 1 0 0 0
264       0 0 1 0 0 0
266       0 0 1 0 0 0
267       1 0 1 0 0 0
268       0 0 1 0 0 0
270       0 0 1 0 0 0
271       0 0 1 0 0 0
273       0 0 1 0 0 0
274       0 0 1 0 0 0
276       0 0 1 0 0 0
277       0 0 1 0 0 0
279       0 1 1 0 0 0
309       0 0 1 0 0 0
311       0 0 1 0 0 0
312       1 0 1 0 0 0
313       0 0 1 0 0 0
315       0 0 1 0 0 0
316       0 0 1 0 0 0
318       0 0 1 0 0 0
319       0 0 1 0 0 0
321       0 0 1 0 0 0
322       0 0 1 0 0 0
324       0 1 1 0 0 0
354       0 0 1 0 0 0
356       0 0 1 0 0 0
357       1 0 1 0 0 0
358       0 0 1 0 0 0
360       0 0 1 0 0 0
361       0 0 1 0 0 0
363       0 0 1 0 0 0
364       0 0 1 0 0 0
366       0 0 1 0 0 0
367       0 0 1 0 0 0
369       0 1 1 0 0 0
399       0 0 1 0 0 0
401       0 0 1 0 0 0
402       1 0 1 0 0 0
403       0 0 1 0 0 0
405       0 0 1 0 0 0
406       0 0 1 0 0 0
408       0 0 1 0 0 0
409       0 0 1 0 0 0
411       0 0 1 0 0 0
412       0 0 1 0 0 0
414       0 1 1 0 0 0
444       0 0 1 0 0 0
446       0 0 1 0 0 0
447       1 0 1 0 0 0
448       0 0 1 0 0 0
450       0 0 1 0 0 0
451       0 0 1 0 0 0
453       0 0 1 0 0 0
454       0 0 1 0 0 0
456       0 0 1 0 0 0
457       0 0 1 0 0 0
459       0 1 1 0 0 0
489       0 0 1 0 0 0
491       0 0 1 0 0 0
492       1 0 1 0 0 0
493       0 0 1 0 0 0
495       0 0 1 0 0 0
496       0 0 1 0 0 0
498       0 0 1 0 0 0
499       0 0 1 0 0 0
501       0 0 1 0 0 0
502       0 0 1 0 0 0
504       0 1 1 0 0 0
534       0 0 1 0 0 0
536       0 0 1 0 0 0
537       1 0 1 0 0 0
538       0 0 1 0 0 0
540       0 0 1 0 0 0
541       0 0 1 0 0 0
543       0 0 1 0 0 0
544       0 0 1 0 0 0
546       0 0 1 0 0 0
547       0 0 1 0 0 0
549       0 1 1 0 0 0

%MATERIAL
1

%MATERIAL.ELASTOPLASTIC.ISOLINHARD
1
1    210.0e9  0.3  240.0e6  0.0

%SECTION
1

%SECTION.HOMOGENEOUS.ISOTROPIC.3D
1
1    1

%INTEGRATION.ORDER
1
1	2	2	2	2	2	2
1	3	3	3	3	3	3

%ELEMENT
80

%ELEMENT.BRICK20
80
1   1  1   1   172   19   166   20   171   2   167   170   163   165   168   7   174   25   164   26   173   8   169
2   1  1   2   171   20   177   21   181   3   178   168   165   176   179   8   173   26   175   27   182   9   180
3   1  1   3   181   21   185   22   189   4   186   179   176   184   187   9   182   27   183   28   190   10   188
4   1  1   4   189   22   193   23   197   5   194   187   184   192   195   10   190   28   191   29   198   11   196
5   1  1   5   197   23   201   24   205   6   202   195   192   200   203   11   198   29   199   30   206   12   204
6   1  1   7   174   25   164   26   173   8   169   212   207   209   210   13   214   31   208   32   213   14   211
7   1  1   8   173   26   175   27   182   9   180   210   209   216   217   14   213   32   215   33   219   15   218
8   1  1   9   182   27   183   28   190   10   188   217   216   221   222   15   219   33   220   34   224   16   223
9   1  1   10   190   28   191   29   198   11   196   222   221   226   227   16   224   34   225   35   229   17   228
10   1  1   11   198   29   199   30   206   12   204   227   226   231   232   17   229   35   230   36   234   18   233
11   1  1   19   240   37   238   38   239   20   166   163   235   237   165   25   242   43   236   44   241   26   164
12   1  1   20   239   38   245   39   246   21   177   165   237   244   176   26   241   44   243   45   247   27   175
13   1  1   21   246   39   250   40   251   22   185   176   244   249   184   27   247   45   248   46   252   28   183
14   1  1   22   251   40   255   41   256   23   193   184   249   254   192   28   252   46   253   47   257   29   191
15   1  1   23   256   41   260   42   261   24   201   192   254   259   200   29   257   47   258   48   262   30   199
16   1  1   25   242   43   236   44   241   26   164   207   263   265   209   31   267   49   264   50   266   32   208
17   1  1   26   241   44   243   45   247   27   175   209   265   269   216   32   266   50   268   51   270   33   215
18   1  1   27   247   45   248   46   252   28   183   216   269   272   221   33   270   51   271   52   273   34   220
19   1  1   28   252   46   253   47   257   29   191   221   272   275   226   34   273   52   274   53   276   35   225
20   1  1   29   257   47   258   48   262   30   199   226   275   278   231   35   276   53   277   54   279   36   230
21   1  1   37   285   55   283   56   284   38   238   235   280   282   237   43   287   61   281   62   286   44   236
22   1  1   38   284   56   290   57   291   39   245   237   282   289   244   44   286   62   288   63   292   45   243
23   1  1   39   291   57   295   58   296   40   250   244   289   294   249   45   292   63   293   64   297   46   248
24   1  1   40   296   58   300   59   301   41   255   249   294   299   254   46   297   64   298   65   302   47   253
25   1  1   41   301   59   305   60   306   42   260   254   299   304   259   47   302   65   303   66   307   48   258
26   1  1   43   287   61   281   62   286   44   236   263   308   310   265   49   312   67   309   68   311   50   264
27   1  1   44   286   62   288   63   292   45   243   265   310   314   269   50   311   68   313   69   315   51   268
28   1  1   45   292   63   293   64   297   46   248   269   314   317   272   51   315   69   316   70   318   52   271
29   1  1   46   297   64   298   65   302   47   253   272   317   320   275   52   318   70   319   71   321   53   274
30   1  1   47   302   65   303   66   307   48   258   275   320   323   278   53   321   71   322   72   324   54   277
31   1  1   55   330   73   328   74   329   56   283   280   325   327   282   61   332   79   326   80   331   62   281
32   1  1   56   329   74   335   75   336   57   290   282   327   334   289   62   331   80   333   81   337   63   288
33   1  1   57   336   75   340   76   341   58   295   289   334   339   294   63   337   81   338   82   342   64   293
34   1  1   58   341   76   345   77   346   59   300   294   339   344   299   64   342   82   343   83   347   65   298
35   1  1   59   346   77   350   78   351   60   305   299   344   349   304   65   347   83   348   84   352   66   303
36   1  1   61   332   79   326   80   331   62   281   308   353   355   310   67   357   85   354   86   356   68   309
37   1  1   62   331   80   333   81   337   63   288   310   355   359   314   68   356   86   358   87   360   69   313
38   1  1   63   337   81   338   82   342   64   293   314   359   362   317   69   360   87   361   88   363   70   316
39   1  1   64   342   82   343   83   347   65   298   317   362   365   320   70   363   88   364   89   366   71   319
40   1  1   65   347   83   348   84   352   66   303   320   365   368   323   71   366   89   367   90   369   72   322
41   1  1   73   375   91   373   92   374   74   328   325   370   372   327   79   377   97   371   98   376   80   326
42   1  1   74   374   92   380   93   381   75   335   327   372   379   334   80   376   98   378   99   382   81   333
43   1  1   75   381   93   385   94   386   76   340   334   379   384   339   81   382   99   383   100   387   82   338
44   1  1   76   386   94   390   95   391   77   345   339   384   389   344   82   387   100   388   101   392   83   343
45   1  1   77   391   95   395   96   396   78   350   344   389   394   349   83   392   101   393   102   397   84   348
46   1  1   79   377   97   371   98   376   80   326   353   398   400   355   85   402   103   399   104   401   86   354
47   1  1   80   376   98   378   99   382   81   333   355   400   404   359   86   401   104   403   105   405   87   358
48   1  1   81   382   99   383   100   387   82   338   359   404   407   362   87   405   105   406   106   408   88   361
49   1  1   82   387   100   388   101   392   83   343   362   407   410   365   88   408   106   409   107   411   89   364
50   1  1   83   392   101   393   102   397   84   348   365   410   413   368   89   411   107   412   108   414   90   367
51   1  1   91   420   109   418   110   419   92   373   370   415   417   372   97   422   115   416   116   421   98   371
52   1  1   92   419   110   425   111   426   93   380   372   417   424   379   98   421   116   423   117   427   99   378
53   1  1   93   426   111   430   112   431   94   385   379   424   429   384   99   427   117   428   118   432   100   383
54   1  1   94   431   112   435   113   436   95   390   384   429   434   389   100   432   118   433   119   437   101   388
55   1  1   95   436   113   440   114   441   96   395   389   434   439   394   101   437   119   438   120   442   102   393
56   1  1   97   422   115   416   116   421   98   371   398   443   445   400   103   447   121   444   122   446   104   399
57   1  1   98   421   116   423   117   427   99   378   400   445   449   404   104   446   122   448   123   450   105   403
58   1  1   99   427   117   428   118   432   100   383   404   449   452   407   105   450   123   451   124   453   106   406
59   1  1   100   432   118   433   119   437   101   388   407   452   455   410   106   453   124   454   125   456   107   409
60   1  1   101   437   119   438   120   442   102   393   410   455   458   413   107   456   125   457   126   459   108   412
61   1  1   109   465   127   463   128   464   110   418   415   460   462   417   115   467   133   461   134   466   116   416
62   1  1   110   464   128   470   129   471   111   425   417   462   469   424   116   466   134   468   135   472   117   423
63   1  1   111   471   129   475   130   476   112   430   424   469   474   429   117   472   135   473   136   477   118   428
64   1  1   112   476   130   480   131   481   113   435   429   474   479   434   118   477   136   478   137   482   119   433
65   1  1   113   481   131   485   132   486   114   440   434   479   484   439   119   482   137   483   138   487   120   438
66   1  1   115   467   133   461   134   466   116   416   443   488   490   445   121   492   139   489   140   491   122   444
67   1  1   116   466   134   468   135   472   117   423   445   490   494   449   122   491   140   493   141   495   123   448
68   1  1   117   472   135   473   136   477   118   428   449   494   497   452   123   495   141   496   142   498   124   451
69   1  1   118   477   136   478   137   482   119   433   452   497   500   455   124   498   142   499   143   501   125   454
70   1  1   119   482   137   483   138   487   120   438   455   500   503   458   125   501   143   502   144   504   126   457
71   1  1   127   510   145   508   146   509   128   463   460   505   507   462   133   512   151   506   152   511   134   461
72   1  1   128   509   146   515   147   516   129   470   462   507   514   469   134   511   152   513   153   517   135   468
73   1  1   129   516   147   520   148   521   130   475   469   514   519   474   135   517   153   518   154   522   136   473
74   1  1   130   521   148   525   149   526   131   480   474   519   524   479   136   522   154   523   155   527   137   478
75   1  1   131   526   149   530   150   531   132   485   479   524   529   484   137   527   155   528   156   532   138   483
76   1  1   133   512   151   506   152   511   134   461   488   533   535   490   139   537   157   534   158   536   140   489
77   1  1   134   511   152   513   153   517   135   468   490   535   539   494   140   536   158   538   159   540   141   493
78   1  1   135   517   153   518   154   522   136   473   494   539   542   497   141   540   159   541   160   543   142   496
79   1  1   136   522   154   523   155   527   137   478   497   542   545   500   142   543   160   544   161   546   143   499
80   1  1   137   527   155   528   156   532   138   483   500   545   548   503   143   546   161   547   162   549   144   502

%LOAD
1
1       'Load_Case_1'

%LOAD.CASE
1

%LOAD.CASE.AREA.UNIFORM
10
71    145    146    151    1    0.0    0.0   -1.0e9
72    146    147    152    1    0.0    0.0   -1.0e9 
73    147    148    153    1    0.0    0.0   -1.0e9 
74    148    149    154    1    0.0    0.0   -1.0e9 
75    149    150    155    1    0.0    0.0   -1.0e9 
76    151    152    157    1    0.0    0.0   -1.0e9 
77    152    153    158    1    0.0    0.0   -1.0e9 
78    153    154    159    1    0.0    0.0   -1.0e9 
79    154    155    160    1    0.0    0.0   -1.0e9 
80    155    156    161    1    0.0    0.0   -1.0e9 

%END
