%HEADER
----------------------------------------------------------------------------
Stretching of an elastoplastic perforated rectangular plate in plane stress. 
----------------------------------------------------------------------------
Expected results - displacements of node 1079:
----------------
 v        LF
----------------
0.00    0.00000
0.02    1.09058
0.04    2.05006
0.06    2.43066
0.08    2.46317
0.10    2.48584
0.12    2.50478
0.14    2.52087
---------------------------------------------
More results in the file PlastValidation.xlsx
----------------------------------------------------------------------------
Ref: Souza Neto, E. A; Peric, D.; Owen, D. R. J. (2008), Computational 
Methods for Plasticity, John Wiley & Sons.
----------------------------------------------------------------------------
      
%HEADER.ANALYSIS.ALGORITHM
'dcm'

%HEADER.ANALYSIS.DISPLACEMENT.CONTROL
1079     2

%HEADER.ANALYSIS.MAXIMUM.STEPS
7

%HEADER.ANALYSIS.STEP.FACTOR
0.02

%HEADER.ANALYSIS.MAXIMUM.ITERATIONS
30

%HEADER.ANALYSIS.TOLERANCE
1.0e-06

%NODE
405

%NODE
1283

%NODE.COORD
1283
1	5.500000	0.000000	0.000000
2	5.000000	0.000000	0.000000
3	5.341310	0.380106	0.000000
4	4.975924	0.490086	0.000000
5	6.000000	0.000000	0.000000
6	6.285156	0.319011	0.000000
7	5.841310	0.380106	0.000000
8	6.500000	0.000000	0.000000
9	6.126465	0.699117	0.000000
10	7.000000	0.000000	0.000000
11	6.785156	0.319011	0.000000
12	7.245428	0.302885	0.000000
13	7.500000	0.000000	0.000000
14	8.000000	0.000000	0.000000
15	7.745428	0.302885	0.000000
16	8.199427	0.320471	0.000000
17	8.500000	0.000000	0.000000
18	9.000000	0.000000	0.000000
19	9.126419	0.377828	0.000000
20	8.699427	0.320471	0.000000
21	9.500000	0.000000	0.000000
22	10.000000	0.000000	0.000000
23	9.626419	0.377828	0.000000
24	10.000000	0.500000	0.000000
25	5.682619	0.760211	0.000000
26	5.836503	1.501094	0.000000
27	5.957635	1.036233	0.000000
28	5.293273	0.867832	0.000000
29	5.561486	1.225072	0.000000
30	4.903926	0.975452	0.000000
31	5.172140	1.332693	0.000000
32	4.784702	1.451423	0.000000
33	5.754255	1.786837	0.000000
34	6.570311	0.638022	0.000000
35	6.814028	0.929098	0.000000
36	7.030583	0.621896	0.000000
37	6.401482	0.975138	0.000000
38	6.150404	1.597997	0.000000
39	6.232652	1.312254	0.000000
40	6.645198	1.266214	0.000000
41	6.456321	1.551798	0.000000
42	7.490855	0.605769	0.000000
43	7.695384	0.915435	0.000000
44	7.944854	0.623356	0.000000
45	7.274300	0.912972	0.000000
46	8.398853	0.640942	0.000000
47	8.825845	0.698299	0.000000
48	8.538154	0.989891	0.000000
49	8.149383	0.933021	0.000000
50	9.252837	0.755656	0.000000
51	9.626419	0.877828	0.000000
52	9.311992	1.185202	0.000000
53	8.965146	1.047249	0.000000
54	10.000000	1.000000	0.000000
55	9.685574	1.307374	0.000000
56	10.000000	1.500000	0.000000
57	6.068156	1.883740	0.000000
58	6.374073	1.837541	0.000000
59	6.217631	2.108413	0.000000
60	5.889139	2.140205	0.000000
61	6.523548	2.062215	0.000000
62	5.440353	1.689933	0.000000
63	5.575238	2.043302	0.000000
64	5.029875	1.801675	0.000000
65	5.201080	2.172994	0.000000
66	5.335964	2.526362	0.000000
67	5.214823	2.815256	0.000000
68	4.619398	1.913417	0.000000
69	4.790602	2.284736	0.000000
70	4.409606	2.356984	0.000000
71	5.710123	2.396670	0.000000
72	5.883199	2.661937	0.000000
73	6.038614	2.364878	0.000000
74	5.588981	2.685564	0.000000
75	7.057745	1.220175	0.000000
76	6.679991	1.791343	0.000000
77	6.868868	1.505759	0.000000
78	7.266006	1.551312	0.000000
79	7.077129	1.836896	0.000000
80	7.478829	1.222637	0.000000
81	6.812992	2.022290	0.000000
82	8.288684	1.281970	0.000000
83	7.899913	1.225100	0.000000
84	8.055167	1.512845	0.000000
85	7.687090	1.553775	0.000000
86	8.677455	1.338841	0.000000
87	9.024301	1.476794	0.000000
88	8.731476	1.732257	0.000000
89	8.443938	1.569716	0.000000
90	9.371147	1.614747	0.000000
91	9.685574	1.807374	0.000000
92	9.392991	2.075805	0.000000
93	9.078322	1.870211	0.000000
94	10.000000	2.000000	0.000000
95	9.707417	2.268431	0.000000
96	10.000000	2.500000	0.000000
97	7.210130	2.067844	0.000000
98	6.367105	2.333086	0.000000
99	6.945994	2.253238	0.000000
100	6.590431	2.599112	0.000000
101	6.879875	2.559187	0.000000
102	7.163604	2.385799	0.000000
103	6.656550	2.293162	0.000000
104	6.211690	2.630145	0.000000
105	5.467839	2.974458	0.000000
106	5.260826	3.157331	0.000000
107	5.543378	3.284381	0.000000
108	5.762057	2.950831	0.000000
109	5.336364	3.467254	0.000000
110	4.961806	2.656055	0.000000
111	5.053813	3.340205	0.000000
112	4.559577	2.716953	0.000000
113	5.007810	2.998130	0.000000
114	4.656774	3.102269	0.000000
115	4.702777	3.444344	0.000000
116	4.977293	3.647783	0.000000
117	4.157348	2.777851	0.000000
118	4.254544	3.163167	0.000000
119	3.865052	3.171966	0.000000
120	4.626256	3.751923	0.000000
121	6.056275	2.927205	0.000000
122	6.226163	3.216163	0.000000
123	6.435016	2.896171	0.000000
124	5.837595	3.260754	0.000000
125	7.474267	1.882450	0.000000
126	8.210421	1.800591	0.000000
127	8.497959	1.963132	0.000000
128	7.776202	2.219741	0.000000
129	7.842344	1.841520	0.000000
130	8.144279	2.178811	0.000000
131	7.427741	2.200405	0.000000
132	8.785497	2.125674	0.000000
133	9.100165	2.331268	0.000000
134	8.798776	2.578537	0.000000
135	8.431817	2.341353	0.000000
136	9.414834	2.536863	0.000000
137	9.707417	2.768431	0.000000
138	9.420596	3.022047	0.000000
139	9.113445	2.784132	0.000000
140	10.000000	3.000000	0.000000
141	9.713179	3.253615	0.000000
142	10.000000	3.500000	0.000000
143	7.381215	2.518361	0.000000
144	7.448846	2.836451	0.000000
145	7.729676	2.537696	0.000000
146	7.097486	2.691749	0.000000
147	6.604904	3.185129	0.000000
148	6.813756	2.865137	0.000000
149	7.165116	3.009839	0.000000
150	6.912883	3.188740	0.000000
151	4.607353	4.105835	0.000000
152	6.007483	3.549712	0.000000
153	5.618916	3.594304	0.000000
154	4.900772	3.955362	0.000000
155	5.509419	3.984022	0.000000
156	5.853492	3.873011	0.000000
157	5.150347	4.164551	0.000000
158	5.259844	3.774833	0.000000
159	4.809182	4.291677	0.000000
160	4.351741	3.548484	0.000000
161	4.332837	3.902396	0.000000
162	3.969225	3.936227	0.000000
163	3.943637	3.542009	0.000000
164	3.535534	3.535534	0.000000
165	3.561122	3.929752	0.000000
166	3.171966	3.865052	0.000000
167	4.313934	4.256308	0.000000
168	4.515763	4.442150	0.000000
169	4.177841	4.536883	0.000000
170	3.950322	4.290139	0.000000
171	3.814230	4.570714	0.000000
172	4.379671	4.722724	0.000000
173	6.396051	3.505121	0.000000
174	6.574288	3.792005	0.000000
175	6.704031	3.508732	0.000000
176	6.242059	3.828420	0.000000
177	8.078137	2.557032	0.000000
178	8.445096	2.794216	0.000000
179	8.132891	3.048454	0.000000
180	7.797307	2.855786	0.000000
181	8.812055	3.031400	0.000000
182	9.119206	3.269316	0.000000
183	8.827691	3.520372	0.000000
184	8.499850	3.285638	0.000000
185	9.426358	3.507231	0.000000
186	9.713179	3.753615	0.000000
187	9.430104	4.003862	0.000000
188	9.134842	3.758287	0.000000
189	10.000000	4.000000	0.000000
190	9.716925	4.250247	0.000000
191	10.000000	4.500000	0.000000
192	7.516476	3.154541	0.000000
193	7.012011	3.512342	0.000000
194	7.852060	3.347209	0.000000
195	7.256988	3.792495	0.000000
196	7.509220	3.613595	0.000000
197	7.264244	3.333442	0.000000
198	6.882268	3.795616	0.000000
199	6.420296	4.115303	0.000000
200	4.717593	4.627992	0.000000
201	5.058757	4.500866	0.000000
202	4.954060	4.861044	0.000000
203	4.595022	4.949053	0.000000
204	6.088068	4.151718	0.000000
205	6.267970	4.375604	0.000000
206	5.990395	4.497358	0.000000
207	5.743995	4.262729	0.000000
208	5.399922	4.373740	0.000000
209	5.646322	4.608369	0.000000
210	5.295225	4.733918	0.000000
211	4.831490	5.182105	0.000000
212	3.586710	4.323970	0.000000
213	2.777851	4.157348	0.000000
214	3.510618	4.662454	0.000000
215	3.141547	4.641181	0.000000
216	3.182281	4.240659	0.000000
217	2.737118	4.557870	0.000000
218	2.356984	4.409606	0.000000
219	4.041749	4.817457	0.000000
220	3.912982	5.113628	0.000000
221	4.257101	5.043785	0.000000
222	3.738137	4.909197	0.000000
223	3.434526	5.000937	0.000000
224	3.271467	5.252652	0.000000
225	3.609371	5.205368	0.000000
226	3.065455	4.979664	0.000000
227	4.472452	5.270114	0.000000
228	4.334326	5.578644	0.000000
229	4.699483	5.522486	0.000000
230	4.128334	5.339956	0.000000
231	4.561357	5.831016	0.000000
232	6.752524	4.078889	0.000000
233	6.875735	4.416946	0.000000
234	7.127244	4.075768	0.000000
235	6.600199	4.339189	0.000000
236	8.187644	3.539876	0.000000
237	8.515485	3.774610	0.000000
238	8.214396	4.030547	0.000000
239	7.844804	3.806262	0.000000
240	8.843326	4.009343	0.000000
241	9.138588	4.254918	0.000000
242	8.852119	4.506280	0.000000
243	8.542237	4.265281	0.000000
244	9.433850	4.500493	0.000000
245	9.716925	4.750247	0.000000
246	9.435287	5.000202	0.000000
247	9.147381	4.751855	0.000000
248	10.000000	5.000000	0.000000
249	9.718362	5.249956	0.000000
250	10.000000	5.500000	0.000000
251	7.501964	4.072648	0.000000
252	7.577290	4.569813	0.000000
253	7.871556	4.296933	0.000000
254	7.250455	4.413826	0.000000
255	6.447873	4.599489	0.000000
256	6.447816	4.920548	0.000000
257	6.723409	4.677247	0.000000
258	6.170298	4.721243	0.000000
259	5.190528	5.094096	0.000000
260	5.892723	4.842997	0.000000
261	6.170241	5.042302	0.000000
262	5.819418	5.258652	0.000000
263	5.468320	5.384202	0.000000
264	5.541625	4.968547	0.000000
265	5.058521	5.434477	0.000000
266	4.926514	5.774858	0.000000
267	5.125069	6.063733	0.000000
268	5.336313	5.724583	0.000000
269	4.771893	6.087314	0.000000
270	4.970448	6.376188	0.000000
271	1.913417	4.619398	0.000000
272	1.807833	5.028892	0.000000
273	2.304901	4.788895	0.000000
274	1.451423	4.784702	0.000000
275	0.975452	4.903926	0.000000
276	1.338850	5.171157	0.000000
277	0.868402	5.293013	0.000000
278	0.490086	4.975924	0.000000
279	0.000000	5.000000	0.000000
280	0.380676	5.341050	0.000000
281	0.000000	5.500000	0.000000
282	4.810272	6.670378	0.000000
283	2.696385	4.958391	0.000000
284	2.565711	5.330958	0.000000
285	2.199316	5.198389	0.000000
286	2.902397	5.231379	0.000000
287	3.784216	5.409799	0.000000
288	3.990208	5.648486	0.000000
289	3.635477	5.695537	0.000000
290	3.446312	5.457083	0.000000
291	4.617272	6.399769	0.000000
292	4.406737	6.143471	0.000000
293	4.256547	6.446562	0.000000
294	4.476825	6.695463	0.000000
295	2.771723	5.603945	0.000000
296	3.108409	5.504366	0.000000
297	3.297573	5.742821	0.000000
298	2.999226	5.761730	0.000000
299	4.196201	5.887173	0.000000
300	4.046011	6.190264	0.000000
301	3.841469	5.934225	0.000000
302	6.998945	4.755004	0.000000
303	7.039349	5.177242	0.000000
304	7.325780	4.910991	0.000000
305	6.723352	4.998305	0.000000
306	8.241148	4.521218	0.000000
307	8.263652	5.017256	0.000000
308	8.551030	4.762218	0.000000
309	7.946882	4.794098	0.000000
310	8.860912	5.003217	0.000000
311	8.866256	5.502156	0.000000
312	9.148818	5.251564	0.000000
313	8.573533	5.258255	0.000000
314	9.436723	5.499911	0.000000
315	9.437112	5.999956	0.000000
316	9.718362	5.749956	0.000000
317	9.154161	5.750503	0.000000
318	10.000000	6.000000	0.000000
319	9.718750	6.250000	0.000000
320	10.000000	6.500000	0.000000
321	7.652615	5.066978	0.000000
322	7.679789	5.546049	0.000000
323	7.969385	5.290136	0.000000
324	7.366184	5.333229	0.000000
325	6.447759	5.241607	0.000000
326	6.457800	5.652045	0.000000
327	6.763756	5.420543	0.000000
328	6.096936	5.457957	0.000000
329	5.534868	6.013457	0.000000
330	5.746113	5.674307	0.000000
331	5.839620	6.038890	0.000000
332	6.106977	5.868396	0.000000
333	5.323624	6.352607	0.000000
334	5.493163	6.664144	0.000000
335	5.628375	6.378040	0.000000
336	5.163447	6.646797	0.000000
337	4.669824	6.966072	0.000000
338	4.520438	7.238136	0.000000
339	5.003271	6.940987	0.000000
340	5.150019	7.233463	0.000000
341	5.332987	6.958334	0.000000
342	4.853885	7.213051	0.000000
343	5.000633	7.505526	0.000000
344	2.068643	5.570956	0.000000
345	1.702248	5.438387	0.000000
346	1.509393	5.836592	0.000000
347	1.806045	5.750786	0.000000
348	1.231800	5.560244	0.000000
349	0.761353	5.682100	0.000000
350	1.038945	5.958449	0.000000
351	0.696878	6.128443	0.000000
352	0.380676	5.841050	0.000000
353	0.000000	6.000000	0.000000
354	0.316201	6.287393	0.000000
355	0.000000	6.500000	0.000000
356	4.336377	6.991157	0.000000
357	4.116100	6.742256	0.000000
358	3.997270	7.061867	0.000000
359	4.220026	7.280716	0.000000
360	2.435037	5.703525	0.000000
361	2.419385	6.024397	0.000000
362	2.662540	5.861309	0.000000
363	2.172439	5.883354	0.000000
364	3.486738	5.981276	0.000000
365	3.895822	6.493354	0.000000
366	2.890043	6.019093	0.000000
367	2.646888	6.182181	0.000000
368	2.993636	6.322956	0.000000
369	3.291984	6.304047	0.000000
370	3.188391	6.000184	0.000000
371	3.691280	6.237315	0.000000
372	3.496526	6.560086	0.000000
373	3.776993	6.812965	0.000000
374	7.079754	5.599480	0.000000
375	7.090081	6.062323	0.000000
376	7.393359	5.812300	0.000000
377	6.773797	5.830982	0.000000
378	8.286155	5.513294	0.000000
379	8.294410	6.008576	0.000000
380	8.578877	5.757194	0.000000
381	7.996559	5.769207	0.000000
382	8.871599	6.001095	0.000000
383	8.873216	6.500616	0.000000
384	9.154550	6.250547	0.000000
385	8.587132	6.252477	0.000000
386	9.437500	6.500000	0.000000
387	9.718750	6.750000	0.000000
388	9.437500	7.000000	0.000000
389	9.156167	6.750069	0.000000
390	10.000000	7.000000	0.000000
391	9.718750	7.250000	0.000000
392	10.000000	7.500000	0.000000
393	7.706964	6.025120	0.000000
394	7.716552	6.515346	0.000000
395	8.004815	6.264490	0.000000
396	7.403686	6.275144	0.000000
397	6.467841	6.062484	0.000000
398	5.933127	6.403472	0.000000
399	6.200484	6.232978	0.000000
400	6.172468	6.711940	0.000000
401	6.784124	6.293825	0.000000
402	6.439825	6.541446	0.000000
403	5.797915	6.689576	0.000000
404	5.662703	6.975680	0.000000
405	6.037256	6.998044	0.000000
406	5.786182	7.341878	0.000000
407	5.479735	7.250809	0.000000
408	3.880919	7.351425	0.000000
409	4.704498	7.485115	0.000000
410	4.830923	7.711940	0.000000
411	4.576917	7.760633	0.000000
412	4.404086	7.527695	0.000000
413	3.818046	7.666448	0.000000
414	4.103674	7.570274	0.000000
415	4.018591	7.825923	0.000000
416	4.276505	7.803212	0.000000
417	4.703343	7.987458	0.000000
418	5.296767	7.525938	0.000000
419	5.603215	7.617007	0.000000
420	5.351389	7.867003	0.000000
421	5.127058	7.732351	0.000000
422	4.957349	7.938764	0.000000
423	5.181680	8.073417	0.000000
424	4.893203	8.228120	0.000000
425	1.909842	6.063184	0.000000
426	1.613190	6.148991	0.000000
427	1.860890	6.383854	0.000000
428	2.156788	6.204226	0.000000
429	1.316538	6.234798	0.000000
430	1.254509	6.658749	0.000000
431	1.564238	6.469661	0.000000
432	0.974470	6.404792	0.000000
433	0.632403	6.574786	0.000000
434	0.912442	6.828743	0.000000
435	0.607680	7.047510	0.000000
436	0.316201	6.787393	0.000000
437	0.000000	7.000000	0.000000
438	0.291478	7.260117	0.000000
439	0.000000	7.500000	0.000000
440	3.658163	7.132577	0.000000
441	3.337303	7.282637	0.000000
442	3.377697	6.879698	0.000000
443	3.595291	7.447599	0.000000
444	2.403733	6.345269	0.000000
445	2.403058	6.720400	0.000000
446	2.750482	6.486044	0.000000
447	2.107836	6.524896	0.000000
448	3.097230	6.626819	0.000000
449	3.056836	7.029758	0.000000
450	2.749806	6.861175	0.000000
451	7.100408	6.525167	0.000000
452	7.115716	7.016438	0.000000
453	7.413274	6.765370	0.000000
454	6.756109	6.772787	0.000000
455	8.302665	6.503859	0.000000
456	8.305891	7.001832	0.000000
457	8.588749	6.751998	0.000000
458	8.014403	6.754715	0.000000
459	8.874833	7.000138	0.000000
460	8.591975	7.249972	0.000000
461	8.874917	7.500069	0.000000
462	9.156167	7.250069	0.000000
463	9.437500	7.500000	0.000000
464	9.437500	8.000000	0.000000
465	9.718750	7.750000	0.000000
466	9.156250	7.750000	0.000000
467	10.000000	8.000000	0.000000
468	9.718750	8.250000	0.000000
469	10.000000	8.500000	0.000000
470	7.726140	7.005572	0.000000
471	7.732589	7.503014	0.000000
472	8.017629	7.252689	0.000000
473	7.428582	7.256641	0.000000
474	3.274431	7.597660	0.000000
475	6.411809	7.020408	0.000000
476	6.481828	7.532822	0.000000
477	6.771417	7.264059	0.000000
478	6.160736	7.364242	0.000000
479	5.909662	7.708076	0.000000
480	5.945763	8.146839	0.000000
481	6.230755	7.876656	0.000000
482	5.657836	7.958072	0.000000
483	3.532419	7.762622	0.000000
484	3.510633	8.079280	0.000000
485	3.732963	7.922097	0.000000
486	3.297344	7.906228	0.000000
487	4.449337	8.036151	0.000000
488	3.933508	8.081572	0.000000
489	3.711178	8.238755	0.000000
490	4.024232	8.391426	0.000000
491	4.282147	8.368715	0.000000
492	4.191422	8.058861	0.000000
493	4.639197	8.276813	0.000000
494	4.472007	8.609378	0.000000
495	4.829057	8.517476	0.000000
496	5.406010	8.208069	0.000000
497	5.360155	8.645302	0.000000
498	5.071678	8.800005	0.000000
499	5.693937	8.396836	0.000000
500	5.117534	8.362772	0.000000
501	4.738721	8.866154	0.000000
502	4.981343	9.148684	0.000000
503	1.811938	6.704524	0.000000
504	1.791642	7.129987	0.000000
505	2.107160	6.900028	0.000000
506	1.502209	6.893612	0.000000
507	1.192481	7.082700	0.000000
508	1.172519	7.550331	0.000000
509	1.481914	7.319075	0.000000
510	0.887719	7.301467	0.000000
511	0.582957	7.520234	0.000000
512	0.867757	7.769098	0.000000
513	0.575228	8.011472	0.000000
514	0.291478	7.760117	0.000000
515	0.000000	8.000000	0.000000
516	0.283749	8.251355	0.000000
517	0.000000	8.500000	0.000000
518	3.016443	7.432697	0.000000
519	2.402383	7.095532	0.000000
520	2.086865	7.325491	0.000000
521	2.709413	7.264115	0.000000
522	2.728556	7.735768	0.000000
523	2.421525	7.567185	0.000000
524	3.039356	7.741265	0.000000
525	7.131024	7.507710	0.000000
526	7.149999	8.007613	0.000000
527	7.435031	7.754083	0.000000
528	6.841436	7.776473	0.000000
529	8.309117	7.499806	0.000000
530	8.592059	7.749903	0.000000
531	8.310441	7.999778	0.000000
532	8.024077	7.750131	0.000000
533	8.875000	8.000000	0.000000
534	8.875000	8.500000	0.000000
535	9.156250	8.250000	0.000000
536	8.593383	8.249875	0.000000
537	9.437500	8.500000	0.000000
538	9.437500	9.000000	0.000000
539	9.156250	8.750000	0.000000
540	9.718750	8.750000	0.000000
541	10.000000	9.000000	0.000000
542	9.718750	9.250000	0.000000
543	10.000000	9.500000	0.000000
544	7.739037	8.000456	0.000000
545	7.743551	8.500221	0.000000
546	8.025401	8.250103	0.000000
547	7.454005	8.253986	0.000000
548	3.062269	8.049833	0.000000
549	2.751469	8.044336	0.000000
550	3.275558	8.222886	0.000000
551	2.988522	8.371664	0.000000
552	6.551848	8.045236	0.000000
553	6.572622	8.532966	0.000000
554	6.860410	8.276376	0.000000
555	6.266856	8.315419	0.000000
556	5.981864	8.585603	0.000000
557	5.977829	9.058728	0.000000
558	6.287630	8.803149	0.000000
559	5.648082	8.834069	0.000000
560	3.488848	8.395938	0.000000
561	3.472934	8.773193	0.000000
562	3.801902	8.548609	0.000000
563	3.201811	8.544717	0.000000
564	4.114957	8.701279	0.000000
565	4.076522	9.135633	0.000000
566	4.381671	8.958056	0.000000
567	3.785988	8.925864	0.000000
568	4.648386	9.214833	0.000000
569	4.627726	9.567589	0.000000
570	4.807904	9.385270	0.000000
571	4.343237	9.392410	0.000000
572	5.314300	9.082535	0.000000
573	4.967422	9.555707	0.000000
574	5.140861	9.319121	0.000000
575	5.644048	9.307194	0.000000
576	5.295980	9.562518	0.000000
577	5.122541	9.799104	0.000000
578	4.787244	9.738026	0.000000
579	1.771347	7.555450	0.000000
580	1.754057	8.035268	0.000000
581	2.106008	7.797145	0.000000
582	1.461952	7.786706	0.000000
583	1.152558	8.017962	0.000000
584	0.860028	8.260336	0.000000
585	1.444663	8.266524	0.000000
586	1.143804	8.510011	0.000000
587	0.567499	8.502709	0.000000
588	0.851275	8.752384	0.000000
589	0.565401	9.001119	0.000000
590	0.283749	8.751355	0.000000
591	0.000000	9.000000	0.000000
592	0.281652	9.249764	0.000000
593	0.000000	9.500000	0.000000
594	2.440668	8.038839	0.000000
595	2.372582	8.542143	0.000000
596	2.677721	8.366167	0.000000
597	2.088718	8.276963	0.000000
598	7.168973	8.507516	0.000000
599	7.175039	9.005102	0.000000
600	7.458519	8.753750	0.000000
601	6.881185	8.764106	0.000000
602	8.311765	8.499750	0.000000
603	8.312133	8.999875	0.000000
604	8.593383	8.749875	0.000000
605	8.029915	8.749868	0.000000
606	8.875000	9.000000	0.000000
607	8.875000	9.500000	0.000000
608	9.156250	9.250000	0.000000
609	8.593750	9.250000	0.000000
610	9.437500	9.500000	0.000000
611	9.437500	10.000000	0.000000
612	9.718750	9.750000	0.000000
613	9.156250	9.750000	0.000000
614	10.000000	10.000000	0.000000
615	9.718750	10.250000	0.000000
616	10.000000	10.500000	0.000000
617	7.748065	8.999985	0.000000
618	7.749112	9.500006	0.000000
619	8.030283	9.249993	0.000000
620	7.464585	9.251337	0.000000
621	2.914774	8.693495	0.000000
622	2.882778	9.130308	0.000000
623	3.185897	8.921972	0.000000
624	2.609635	8.869471	0.000000
625	6.593396	9.020696	0.000000
626	6.595131	9.513514	0.000000
627	6.887250	9.261692	0.000000
628	6.283596	9.276274	0.000000
629	5.973795	9.531853	0.000000
630	5.973772	10.020895	0.000000
631	6.285331	9.769092	0.000000
632	5.625727	9.787177	0.000000
633	3.457019	9.150448	0.000000
634	3.440791	9.591763	0.000000
635	3.747553	9.360218	0.000000
636	3.153900	9.358784	0.000000
637	4.942363	9.981423	0.000000
638	4.038088	9.569987	0.000000
639	4.322577	9.745166	0.000000
640	4.040588	10.006287	0.000000
641	3.731325	9.801533	0.000000
642	4.607067	9.920345	0.000000
643	4.654018	10.319887	0.000000
644	4.325078	10.181466	0.000000
645	5.277659	10.042501	0.000000
646	5.312095	10.534469	0.000000
647	5.625704	10.276219	0.000000
648	4.989314	10.380965	0.000000
649	1.736768	8.515086	0.000000
650	1.435909	8.758573	0.000000
651	2.020631	8.780266	0.000000
652	1.719212	9.011444	0.000000
653	1.135051	9.002059	0.000000
654	0.849178	9.250794	0.000000
655	1.418354	9.254931	0.000000
656	1.130986	9.501001	0.000000
657	0.563304	9.499528	0.000000
658	0.281652	9.749764	0.000000
659	0.845112	9.749735	0.000000
660	0.562902	9.999764	0.000000
661	0.000000	10.000000	0.000000
662	0.281250	10.250000	0.000000
663	0.000000	10.500000	0.000000
664	2.304495	9.045446	0.000000
665	2.003076	9.276624	0.000000
666	2.577638	9.306283	0.000000
667	2.283410	9.530792	0.000000
668	7.181105	9.502688	0.000000
669	7.181555	10.000561	0.000000
670	7.465632	9.751358	0.000000
671	6.888985	9.754510	0.000000
672	8.312500	9.500000	0.000000
673	8.312500	10.000000	0.000000
674	8.593750	9.750000	0.000000
675	8.031329	9.750014	0.000000
676	8.875000	10.000000	0.000000
677	8.875000	10.500000	0.000000
678	9.156250	10.250000	0.000000
679	8.593750	10.250000	0.000000
680	9.437500	10.500000	0.000000
681	9.437500	11.000000	0.000000
682	9.718750	10.750000	0.000000
683	9.156250	10.750000	0.000000
684	10.000000	11.000000	0.000000
685	9.718750	11.250000	0.000000
686	10.000000	11.500000	0.000000
687	7.750158	10.000028	0.000000
688	7.749808	10.498679	0.000000
689	8.031329	10.250014	0.000000
690	7.466082	10.249230	0.000000
691	2.850781	9.567121	0.000000
692	2.556553	9.791629	0.000000
693	3.137672	9.800099	0.000000
694	2.840504	10.039370	0.000000
695	6.596866	10.006332	0.000000
696	6.595043	10.498770	0.000000
697	6.889435	10.252382	0.000000
698	6.285308	10.258134	0.000000
699	5.973749	10.509937	0.000000
700	5.971172	10.992075	0.000000
701	6.283485	10.750572	0.000000
702	5.660140	10.768187	0.000000
703	3.424563	10.033078	0.000000
704	3.127395	10.272348	0.000000
705	3.733825	10.237832	0.000000
706	3.429831	10.508119	0.000000
707	5.023750	10.872933	0.000000
708	4.700969	10.719428	0.000000
709	4.043088	10.442587	0.000000
710	3.739093	10.712873	0.000000
711	4.372029	10.581008	0.000000
712	4.424302	11.085578	0.000000
713	4.095362	10.947157	0.000000
714	4.761649	11.087243	0.000000
715	5.346531	11.026438	0.000000
716	5.084430	11.240748	0.000000
717	5.657562	11.250326	0.000000
718	5.322811	11.489134	0.000000
719	1.701656	9.507802	0.000000
720	1.414288	9.753872	0.000000
721	1.981991	9.761970	0.000000
722	1.695717	10.004976	0.000000
723	1.126921	9.999942	0.000000
724	0.844710	10.249971	0.000000
725	1.408349	10.251046	0.000000
726	1.125960	10.499971	0.000000
727	0.562500	10.500000	0.000000
728	0.843750	10.750000	0.000000
729	0.562500	11.000000	0.000000
730	0.281250	10.750000	0.000000
731	0.000000	11.000000	0.000000
732	0.281250	11.250000	0.000000
733	0.000000	11.500000	0.000000
734	2.262326	10.016138	0.000000
735	1.976052	10.259144	0.000000
736	2.546277	10.263879	0.000000
737	2.257675	10.509244	0.000000
738	7.182005	10.498433	0.000000
739	7.179085	10.992573	0.000000
740	7.465731	10.747881	0.000000
741	6.887613	10.744820	0.000000
742	8.312500	10.500000	0.000000
743	8.312215	10.998806	0.000000
744	8.593750	10.750000	0.000000
745	8.030978	10.748665	0.000000
746	8.875000	11.000000	0.000000
747	8.593465	11.248806	0.000000
748	8.874842	11.499398	0.000000
749	9.156250	11.250000	0.000000
750	9.437500	11.500000	0.000000
751	10.000000	12.000000	0.000000
752	9.437464	11.999873	0.000000
753	9.718750	11.750000	0.000000
754	9.156092	11.749398	0.000000
755	9.718714	12.249873	0.000000
756	10.000000	12.500000	0.000000
757	7.749457	10.997329	0.000000
758	7.747119	11.492512	0.000000
759	8.030694	11.247470	0.000000
760	7.462812	11.242021	0.000000
761	2.830228	10.511619	0.000000
762	2.541626	10.756985	0.000000
763	3.132663	10.747389	0.000000
764	2.829856	11.002504	0.000000
765	6.593220	10.991207	0.000000
766	6.584826	11.473602	0.000000
767	6.884693	11.238960	0.000000
768	6.280907	11.232711	0.000000
769	5.968594	11.474214	0.000000
770	5.952477	11.924807	0.000000
771	6.272513	11.715105	0.000000
772	5.633843	11.713023	0.000000
773	3.435099	10.983160	0.000000
774	3.132291	11.238274	0.000000
775	3.791367	11.217444	0.000000
776	3.437945	11.475671	0.000000
777	4.822328	11.455057	0.000000
778	5.060710	11.703444	0.000000
779	4.484982	11.453392	0.000000
780	4.739767	11.783806	0.000000
781	4.978148	12.032193	0.000000
782	4.147636	11.451728	0.000000
783	4.402420	11.782141	0.000000
784	4.100924	11.943900	0.000000
785	3.794213	11.709956	0.000000
786	5.299091	11.951831	0.000000
787	5.617725	12.163615	0.000000
788	5.313998	12.331981	0.000000
789	5.144811	12.190570	0.000000
790	1.689778	10.502150	0.000000
791	1.407389	10.751075	0.000000
792	1.971401	10.752250	0.000000
793	1.688639	11.001075	0.000000
794	1.125000	11.000000	0.000000
795	0.843750	11.250000	0.000000
796	1.406250	11.250000	0.000000
797	1.125000	11.500000	0.000000
798	0.562500	11.500000	0.000000
799	0.000000	12.000000	0.000000
800	0.281250	11.750000	0.000000
801	0.843750	11.750000	0.000000
802	0.562500	12.000000	0.000000
803	0.281250	12.250000	0.000000
804	0.000000	12.500000	0.000000
805	2.253025	11.002351	0.000000
806	1.970262	11.251175	0.000000
807	2.541254	11.247870	0.000000
808	2.253703	11.498663	0.000000
809	7.176166	11.486713	0.000000
810	7.166445	11.970513	0.000000
811	7.460474	11.737204	0.000000
812	6.876299	11.721354	0.000000
813	8.311930	11.497612	0.000000
814	8.028356	11.742653	0.000000
815	8.310094	11.993568	0.000000
816	8.593307	11.748204	0.000000
817	10.000000	13.000000	0.000000
818	9.718714	12.749873	0.000000
819	9.717401	13.249474	0.000000
820	10.000000	13.500000	0.000000
821	8.874683	11.998796	0.000000
822	8.872779	12.496509	0.000000
823	9.156056	12.249271	0.000000
824	8.591470	12.244160	0.000000
825	9.437429	12.499746	0.000000
826	9.436116	12.999347	0.000000
827	9.154151	12.746983	0.000000
828	7.744782	11.987695	0.000000
829	7.450753	12.221004	0.000000
830	7.736595	12.472740	0.000000
831	8.026520	12.238609	0.000000
832	2.829484	11.493389	0.000000
833	2.541932	11.744182	0.000000
834	3.135137	11.730786	0.000000
835	2.834205	11.983585	0.000000
836	6.576432	11.955996	0.000000
837	6.546297	12.420322	0.000000
838	6.866577	12.205155	0.000000
839	6.256396	12.165698	0.000000
840	5.936360	12.375400	0.000000
841	5.879802	12.783740	0.000000
842	6.226261	12.630024	0.000000
843	5.632632	12.543766	0.000000
844	3.440791	11.968183	0.000000
845	3.139859	12.220982	0.000000
846	3.747502	12.202128	0.000000
847	3.449764	12.440037	0.000000
848	4.657205	12.112554	0.000000
849	4.990532	12.429309	0.000000
850	4.823868	12.270932	0.000000
851	4.355709	12.274313	0.000000
852	4.671567	12.494802	0.000000
853	4.838231	12.653179	0.000000
854	5.159718	12.570720	0.000000
855	5.576074	12.952106	0.000000
856	3.756476	12.673981	0.000000
857	4.054213	12.436072	0.000000
858	4.370071	12.656561	0.000000
859	4.057898	12.814721	0.000000
860	5.328905	12.712131	0.000000
861	5.007417	12.794591	0.000000
862	5.259178	13.011861	0.000000
863	1.687500	11.500000	0.000000
864	1.406250	11.750000	0.000000
865	1.970940	11.747487	0.000000
866	1.688775	11.998060	0.000000
867	0.000000	13.000000	0.000000
868	0.281250	12.750000	0.000000
869	0.281836	13.249363	0.000000
870	0.000000	13.500000	0.000000
871	1.125000	12.000000	0.000000
872	0.843750	12.250000	0.000000
873	1.407525	12.248060	0.000000
874	1.126265	12.498703	0.000000
875	0.562500	12.500000	0.000000
876	0.845015	12.748703	0.000000
877	0.563086	12.999363	0.000000
878	2.254381	11.994974	0.000000
879	1.972215	12.245547	0.000000
880	2.546654	12.234378	0.000000
881	2.260068	12.485999	0.000000
882	7.156723	12.454313	0.000000
883	6.836443	12.669481	0.000000
884	7.133263	12.925929	0.000000
885	7.442566	12.706049	0.000000
886	8.308258	12.489524	0.000000
887	8.300856	12.979706	0.000000
888	8.589566	12.741872	0.000000
889	8.018333	12.723655	0.000000
890	10.000000	14.000000	0.000000
891	9.712842	14.246521	0.000000
892	9.717401	13.749474	0.000000
893	10.000000	14.500000	0.000000
894	9.434802	13.498948	0.000000
895	8.870874	12.994221	0.000000
896	8.864059	13.489761	0.000000
897	9.152838	13.246585	0.000000
898	8.582164	13.232055	0.000000
899	9.430243	13.995995	0.000000
900	9.146023	13.742124	0.000000
901	7.728408	12.957786	0.000000
902	8.010931	13.213837	0.000000
903	7.419105	13.177666	0.000000
904	7.710986	13.424778	0.000000
905	10.000000	15.000000	0.000000
906	9.704007	15.234452	0.000000
907	9.712842	14.746521	0.000000
908	10.000000	15.500000	0.000000
909	2.838927	12.473782	0.000000
910	2.552341	12.725403	0.000000
911	3.148833	12.692836	0.000000
912	2.859152	12.948239	0.000000
913	6.516162	12.884649	0.000000
914	6.812982	13.141097	0.000000
915	6.443320	13.358817	0.000000
916	6.169703	13.038365	0.000000
917	5.823244	13.192081	0.000000
918	5.655039	13.539738	0.000000
919	5.506348	13.251836	0.000000
920	6.096861	13.512533	0.000000
921	3.458738	12.911890	0.000000
922	3.169057	13.167293	0.000000
923	3.538153	13.376163	0.000000
924	3.760161	13.052629	0.000000
925	4.685929	12.877050	0.000000
926	5.189452	13.311590	0.000000
927	4.061583	13.193369	0.000000
928	4.889781	13.539465	0.000000
929	4.373756	13.035209	0.000000
930	4.638020	13.322195	0.000000
931	4.325847	13.480355	0.000000
932	4.937691	13.094320	0.000000
933	3.839575	13.516902	0.000000
934	5.338143	13.599492	0.000000
935	0.000000	14.000000	0.000000
936	0.281836	13.749363	0.000000
937	0.285219	14.245535	0.000000
938	0.000000	14.500000	0.000000
939	1.690049	12.496120	0.000000
940	1.408790	12.746762	0.000000
941	1.977902	12.736572	0.000000
942	1.695980	12.988296	0.000000
943	0.563672	13.498725	0.000000
944	1.127530	12.997405	0.000000
945	0.845601	13.248065	0.000000
946	1.414721	13.238939	0.000000
947	1.132850	13.492272	0.000000
948	0.850921	13.742932	0.000000
949	0.567055	13.994898	0.000000
950	2.265756	12.977024	0.000000
951	1.983834	13.228748	0.000000
952	2.572566	13.199860	0.000000
953	2.281698	13.445968	0.000000
954	0.000000	15.000000	0.000000
955	0.285219	14.745535	0.000000
956	0.291628	15.230692	0.000000
957	0.000000	15.500000	0.000000
958	7.109802	13.397545	0.000000
959	6.740140	13.615265	0.000000
960	7.091051	13.824355	0.000000
961	7.401683	13.644658	0.000000
962	8.293454	13.469888	0.000000
963	8.267382	13.950228	0.000000
964	8.575349	13.727594	0.000000
965	7.993509	13.680829	0.000000
966	9.425683	14.493042	0.000000
967	9.120663	14.729377	0.000000
968	9.141464	14.239171	0.000000
969	9.416849	14.980973	0.000000
970	8.857244	13.985300	0.000000
971	8.836444	14.475506	0.000000
972	8.549277	14.207934	0.000000
973	7.693565	13.891770	0.000000
974	7.648398	14.321889	0.000000
975	7.967437	14.161169	0.000000
976	7.382932	14.071468	0.000000
977	10.000000	16.000000	0.000000
978	9.704007	15.734452	0.000000
979	9.680115	16.197523	0.000000
980	10.000000	16.500000	0.000000
981	9.408014	15.468905	0.000000
982	9.091387	15.674631	0.000000
983	9.111829	15.217308	0.000000
984	9.384122	15.931976	0.000000
985	6.721389	14.042075	0.000000
986	2.879377	13.422697	0.000000
987	2.588508	13.668805	0.000000
988	3.248472	13.631566	0.000000
989	2.897762	13.852454	0.000000
990	3.266857	14.061323	0.000000
991	6.370478	13.832984	0.000000
992	6.122238	14.181607	0.000000
993	5.928656	13.860189	0.000000
994	6.454900	14.196844	0.000000
995	5.486833	13.887394	0.000000
996	5.038472	13.827367	0.000000
997	5.251624	14.204916	0.000000
998	5.680416	14.208812	0.000000
999	3.617567	13.840435	0.000000
1000	3.879272	14.182781	0.000000
1001	4.103839	13.803888	0.000000
1002	3.536533	14.210964	0.000000
1003	4.590110	13.767340	0.000000
1004	4.365544	14.146234	0.000000
1005	4.803262	14.144889	0.000000
1006	0.570437	14.491070	0.000000
1007	0.854303	14.239105	0.000000
1008	0.871805	14.725694	0.000000
1009	0.576847	14.976227	0.000000
1010	1.701912	13.480472	0.000000
1011	1.420041	13.733806	0.000000
1012	1.999776	13.697692	0.000000
1013	1.725424	13.960451	0.000000
1014	1.138169	13.987140	0.000000
1015	1.443552	14.213784	0.000000
1016	1.155671	14.473729	0.000000
1017	2.297639	13.914913	0.000000
1018	2.606893	14.098562	0.000000
1019	2.023287	14.177671	0.000000
1020	2.341464	14.342198	0.000000
1021	0.000000	16.000000	0.000000
1022	0.291628	15.730692	0.000000
1023	0.314300	16.192078	0.000000
1024	0.000000	16.500000	0.000000
1025	0.583256	15.461385	0.000000
1026	0.878215	15.210852	0.000000
1027	0.896230	15.664472	0.000000
1028	0.605929	15.922771	0.000000
1029	10.000000	17.000000	0.000000
1030	9.622044	17.126376	0.000000
1031	9.680115	16.697523	0.000000
1032	10.000000	17.500000	0.000000
1033	7.072300	14.251165	0.000000
1034	7.020768	14.609895	0.000000
1035	7.337766	14.501587	0.000000
1036	6.805810	14.405934	0.000000
1037	8.241310	14.430568	0.000000
1038	8.815643	14.965712	0.000000
1039	8.528476	14.698140	0.000000
1040	8.451928	15.191340	0.000000
1041	7.922270	14.591288	0.000000
1042	8.164761	14.923768	0.000000
1043	8.795201	15.423035	0.000000
1044	7.286234	14.860316	0.000000
1045	7.603231	14.752009	0.000000
1046	7.498581	15.073357	0.000000
1047	7.845722	15.084488	0.000000
1048	9.360230	16.395047	0.000000
1049	9.067495	16.137703	0.000000
1050	9.302159	16.823899	0.000000
1051	9.009329	16.535926	0.000000
1052	8.774760	15.880358	0.000000
1053	8.480455	16.042606	0.000000
1054	8.431486	15.648663	0.000000
1055	8.716594	16.278581	0.000000
1056	6.539321	14.560703	0.000000
1057	6.754279	14.764663	0.000000
1058	6.407079	14.832474	0.000000
1059	6.206660	14.545466	0.000000
1060	2.916147	14.282211	0.000000
1061	3.185823	14.431851	0.000000
1062	2.968935	14.636943	0.000000
1063	2.650718	14.525848	0.000000
1064	3.455499	14.581492	0.000000
1065	3.238611	14.786584	0.000000
1066	3.798238	14.553310	0.000000
1067	3.589011	14.851254	0.000000
1068	5.873999	14.530229	0.000000
1069	5.661454	14.836694	0.000000
1070	6.074418	14.817237	0.000000
1071	5.445206	14.526334	0.000000
1072	5.016414	14.522438	0.000000
1073	4.140977	14.525127	0.000000
1074	3.931750	14.823072	0.000000
1075	4.578696	14.523783	0.000000
1076	4.786864	14.834497	0.000000
1077	4.349145	14.835842	0.000000
1078	5.232662	14.832799	0.000000
1079	10.000000	18.000000	0.000000
1080	9.622044	17.626376	0.000000
1081	9.500000	18.000000	0.000000
1082	0.000000	17.000000	0.000000
1083	0.373624	17.122044	0.000000
1084	0.314300	16.692078	0.000000
1085	0.000000	17.500000	0.000000
1086	1.173173	14.960319	0.000000
1087	1.748936	14.440429	0.000000
1088	1.534975	15.187592	0.000000
1089	1.461054	14.700374	0.000000
1090	2.067112	14.604957	0.000000
1091	1.822856	14.927647	0.000000
1092	1.191188	15.413940	0.000000
1093	2.703506	14.880580	0.000000
1094	2.385288	14.769484	0.000000
1095	2.488837	15.087264	0.000000
1096	2.141032	15.092174	0.000000
1097	0.628601	16.384156	0.000000
1098	0.918902	16.125858	0.000000
1099	0.976005	16.521706	0.000000
1100	0.687924	16.814122	0.000000
1101	1.552990	15.641212	0.000000
1102	1.209204	15.867560	0.000000
1103	1.501163	16.027908	0.000000
1104	1.266306	16.263408	0.000000
1105	9.244088	17.252752	0.000000
1106	8.951258	16.964778	0.000000
1107	9.122044	17.626376	0.000000
1108	8.814043	17.312154	0.000000
1109	6.969237	14.968624	0.000000
1110	6.865322	15.290191	0.000000
1111	7.181584	15.181664	0.000000
1112	6.622037	15.036435	0.000000
1113	8.088212	15.416968	0.000000
1114	7.393930	15.394705	0.000000
1115	7.402165	15.747622	0.000000
1116	7.749306	15.758753	0.000000
1117	7.741071	15.405836	0.000000
1118	7.077668	15.503232	0.000000
1119	8.137181	15.810911	0.000000
1120	8.658428	16.676804	0.000000
1121	8.422289	16.440829	0.000000
1122	8.521213	17.024180	0.000000
1123	8.262343	16.733690	0.000000
1124	8.186150	16.204853	0.000000
1125	8.026204	16.497714	0.000000
1126	7.798275	16.152696	0.000000
1127	6.274837	15.104245	0.000000
1128	6.095047	15.405543	0.000000
1129	6.518122	15.358002	0.000000
1130	5.861873	15.123702	0.000000
1131	3.021724	14.991675	0.000000
1132	2.807055	15.198359	0.000000
1133	3.372124	15.056345	0.000000
1134	3.125792	15.305817	0.000000
1135	3.722524	15.121016	0.000000
1136	3.476192	15.370488	0.000000
1137	4.139918	15.133786	0.000000
1138	3.902490	15.416471	0.000000
1139	5.448909	15.143159	0.000000
1140	5.224501	15.436652	0.000000
1141	5.682083	15.425000	0.000000
1142	5.003111	15.144858	0.000000
1143	4.557313	15.146556	0.000000
1144	4.319885	15.429241	0.000000
1145	4.778703	15.438350	0.000000
1146	9.000000	18.000000	0.000000
1147	8.691999	17.685778	0.000000
1148	8.500000	18.000000	0.000000
1149	0.373624	17.622044	0.000000
1150	0.000000	18.000000	0.000000
1151	0.500000	18.000000	0.000000
1152	0.747248	17.244088	0.000000
1153	1.035329	16.951671	0.000000
1154	1.176070	17.302268	0.000000
1155	0.873624	17.622044	0.000000
1156	1.896776	15.414864	0.000000
1157	2.592386	15.405043	0.000000
1158	2.584021	15.749681	0.000000
1159	2.244581	15.409954	0.000000
1160	2.911123	15.512501	0.000000
1161	2.236216	15.754592	0.000000
1162	1.844950	15.801560	0.000000
1163	1.323409	16.659255	0.000000
1164	1.793123	16.188255	0.000000
1165	1.558266	16.423755	0.000000
1166	2.184390	16.141288	0.000000
1167	1.955595	16.482340	0.000000
1168	1.720738	16.717839	0.000000
1169	1.464151	17.009852	0.000000
1170	8.383999	17.371557	0.000000
1171	8.125128	17.081066	0.000000
1172	8.191999	17.685778	0.000000
1173	7.922493	17.394349	0.000000
1174	6.761406	15.611759	0.000000
1175	6.599257	15.931029	0.000000
1176	7.085903	15.856149	0.000000
1177	6.338331	15.659300	0.000000
1178	7.410400	16.100539	0.000000
1179	7.866258	16.790575	0.000000
1180	7.184746	16.463540	0.000000
1181	7.638329	16.445557	0.000000
1182	6.923754	16.175418	0.000000
1183	7.663622	17.103859	0.000000
1184	7.412675	16.808558	0.000000
1185	5.915256	15.706840	0.000000
1186	5.699288	16.002086	0.000000
1187	6.176182	15.978569	0.000000
1188	5.457675	15.718492	0.000000
1189	3.229861	15.619959	0.000000
1190	2.902759	15.857140	0.000000
1191	3.656159	15.665943	0.000000
1192	3.392883	15.934686	0.000000
1193	4.082457	15.711927	0.000000
1194	5.000093	15.730144	0.000000
1195	3.819181	15.980670	0.000000
1196	4.541275	15.721035	0.000000
1197	4.757274	16.013813	0.000000
1198	4.298456	16.004704	0.000000
1199	5.241706	16.013738	0.000000
1200	8.000000	18.000000	0.000000
1201	7.730493	17.708571	0.000000
1202	7.500000	18.000000	0.000000
1203	1.000000	18.000000	0.000000
1204	1.302446	17.680224	0.000000
1205	1.500000	18.000000	0.000000
1206	1.604892	17.360448	0.000000
1207	1.861480	17.068436	0.000000
1208	2.067721	17.384563	0.000000
1209	1.802446	17.680224	0.000000
1210	2.575656	16.094320	0.000000
1211	3.065781	16.171867	0.000000
1212	2.346862	16.435372	0.000000
1213	2.803128	16.456032	0.000000
1214	2.118067	16.776424	0.000000
1215	2.574333	16.797084	0.000000
1216	2.324308	17.092551	0.000000
1217	7.460986	17.417142	0.000000
1218	7.210039	17.121841	0.000000
1219	7.230493	17.708571	0.000000
1220	6.975866	17.423514	0.000000
1221	6.437108	16.250298	0.000000
1222	6.211724	16.556301	0.000000
1223	6.698100	16.538419	0.000000
1224	5.960214	16.273815	0.000000
1225	6.959092	16.826540	0.000000
1226	6.724919	17.128214	0.000000
1227	6.472716	16.844423	0.000000
1228	5.483319	16.297332	0.000000
1229	5.241353	16.583595	0.000000
1230	5.734829	16.579818	0.000000
1231	4.998887	16.297407	0.000000
1232	3.555905	16.249414	0.000000
1233	3.293252	16.533579	0.000000
1234	4.035180	16.273448	0.000000
1235	3.783109	16.554348	0.000000
1236	4.514455	16.297482	0.000000
1237	4.262384	16.578383	0.000000
1238	4.756921	16.583670	0.000000
1239	7.000000	18.000000	0.000000
1240	6.745373	17.714943	0.000000
1241	6.500000	18.000000	0.000000
1242	2.000000	18.000000	0.000000
1243	2.265275	17.704339	0.000000
1244	2.500000	18.000000	0.000000
1245	2.530549	17.408677	0.000000
1246	3.030599	16.817745	0.000000
1247	3.520456	16.838514	0.000000
1248	2.780574	17.113211	0.000000
1249	3.268196	17.122085	0.000000
1250	3.018171	17.417551	0.000000
1251	2.765275	17.704339	0.000000
1252	6.490746	17.429887	0.000000
1253	5.986340	16.862305	0.000000
1254	5.742491	17.149358	0.000000
1255	6.238543	17.146096	0.000000
1256	5.492863	16.866082	0.000000
1257	6.245373	17.714943	0.000000
1258	5.994694	17.433149	0.000000
1259	4.999387	16.869859	0.000000
1260	4.010313	16.859283	0.000000
1261	4.255216	17.147227	0.000000
1262	3.758053	17.142854	0.000000
1263	4.749752	17.152515	0.000000
1264	4.504850	16.864571	0.000000
1265	5.249014	17.153135	0.000000
1266	6.000000	18.000000	0.000000
1267	5.749321	17.718206	0.000000
1268	5.500000	18.000000	0.000000
1269	3.000000	18.000000	0.000000
1270	3.252896	17.713213	0.000000
1271	3.500000	18.000000	0.000000
1272	3.505793	17.426426	0.000000
1273	4.002956	17.430798	0.000000
1274	3.752896	17.713213	0.000000
1275	5.498642	17.436411	0.000000
1276	4.999380	17.435791	0.000000
1277	5.249321	17.718206	0.000000
1278	4.500118	17.435171	0.000000
1279	5.000000	18.000000	0.000000
1280	4.000000	18.000000	0.000000
1281	4.250059	17.717586	0.000000
1282	4.750059	17.717586	0.000000
1283	4.500000	18.000000	0.000000

%NODE.SUPPORT
38
2	0	1	0	0	0	0
1	0	1	0	0	0	0
5	0	1	0	0	0	0
8	0	1	0	0	0	0
10	0	1	0	0	0	0
13	0	1	0	0	0	0
14	0	1	0	0	0	0
17	0	1	0	0	0	0
18	0	1	0	0	0	0
21	0	1	0	0	0	0
22	0	1	0	0	0	0
279	1	0	0	0	0	0
281	1	0	0	0	0	0
353	1	0	0	0	0	0
355	1	0	0	0	0	0
437	1	0	0	0	0	0
439	1	0	0	0	0	0
515	1	0	0	0	0	0
517	1	0	0	0	0	0
591	1	0	0	0	0	0
593	1	0	0	0	0	0
661	1	0	0	0	0	0
663	1	0	0	0	0	0
731	1	0	0	0	0	0
733	1	0	0	0	0	0
799	1	0	0	0	0	0
804	1	0	0	0	0	0
867	1	0	0	0	0	0
870	1	0	0	0	0	0
935	1	0	0	0	0	0
938	1	0	0	0	0	0
954	1	0	0	0	0	0
957	1	0	0	0	0	0
1021	1	0	0	0	0	0
1024	1	0	0	0	0	0
1082	1	0	0	0	0	0
1085	1	0	0	0	0	0
1150	1	0	0	0	0	0

%NODE.CONSTRAINT
20
1079	1050	0	1	0	0	0	0
1079	1051	0	1	0	0	0	0
1079	1203	0	1	0	0	0	0
1079	1205	0	1	0	0	0	0
1079	1242	0	1	0	0	0	0
1079	1244	0	1	0	0	0	0
1079	1269	0	1	0	0	0	0
1079	1271	0	1	0	0	0	0
1079	1280	0	1	0	0	0	0
1079	1283	0	1	0	0	0	0
1079	1279	0	1	0	0	0	0
1079	1268	0	1	0	0	0	0
1079	1266	0	1	0	0	0	0
1079	1241	0	1	0	0	0	0
1079	1239	0	1	0	0	0	0
1079	1202	0	1	0	0	0	0
1079	1200	0	1	0	0	0	0
1079	1148	0	1	0	0	0	0
1079	1146	0	1	0	0	0	0
1079	1081	0	1	0	0	0	0

%MATERIAL
1

%MATERIAL.ELASTOPLASTIC.ISOLINHARD
1
1    70.0e3    0.2    0.243e3   0.2e3

%SECTION
1

%SECTION.HOMOGENEOUS.ISOTROPIC.2D
1
1    1    1.0

%INTEGRATION.ORDER
1
1	2	1	1	2	1	1

%ELEMENT
614

%ELEMENT.PLSTRESS.T6
614
1	1	1	14	15	42	12	10	13
2	1	1	10	11	34	6	5	8
3	1	1	5	7	25	3	2	1
4	1	1	18	20	46	16	14	17
5	1	1	22	23	50	19	18	21
6	1	1	10	12	42	36	34	11
7	1	1	14	16	46	44	42	15
8	1	1	5	6	34	9	25	7
9	1	1	18	19	50	47	46	20
10	1	1	2	3	25	28	30	4
11	1	1	54	51	50	23	22	24
12	1	1	42	45	75	35	34	36
13	1	1	46	49	83	43	42	44
14	1	1	34	37	39	27	25	9
15	1	1	50	53	86	48	46	47
16	1	1	42	43	83	80	75	45
17	1	1	34	35	75	40	39	37
18	1	1	46	48	86	82	83	49
19	1	1	54	55	90	52	50	51
20	1	1	25	29	62	31	30	28
21	1	1	90	87	86	53	50	52
22	1	1	25	27	39	26	62	29
23	1	1	75	77	76	41	39	40
24	1	1	83	85	125	78	75	80
25	1	1	86	89	126	84	83	82
26	1	1	30	31	62	64	68	32
27	1	1	94	91	90	55	54	56
28	1	1	75	78	125	79	76	77
29	1	1	39	38	57	33	62	26
30	1	1	83	84	126	129	125	85
31	1	1	76	58	57	38	39	41
32	1	1	90	93	132	88	86	87
33	1	1	132	127	126	89	86	88
34	1	1	125	97	99	81	76	79
35	1	1	62	33	57	60	71	63
36	1	1	57	58	76	61	98	59
37	1	1	94	95	136	92	90	91
38	1	1	126	130	177	128	125	129
39	1	1	68	64	62	65	110	69
40	1	1	136	133	132	93	90	92
41	1	1	76	81	99	103	98	61
42	1	1	132	135	177	130	126	127
43	1	1	125	131	143	102	99	97
44	1	1	57	59	98	73	71	60
45	1	1	62	63	71	66	110	65
46	1	1	177	145	143	131	125	128
47	1	1	68	69	110	112	117	70
48	1	1	99	101	148	100	98	103
49	1	1	140	137	136	95	94	96
50	1	1	99	102	143	146	148	101
51	1	1	98	104	121	72	71	73
52	1	1	136	139	181	134	132	133
53	1	1	181	178	177	135	132	134
54	1	1	71	74	105	67	110	66
55	1	1	98	100	148	123	121	104
56	1	1	192	144	143	145	177	180
57	1	1	71	72	121	108	105	74
58	1	1	192	149	148	146	143	144
59	1	1	110	67	105	106	111	113
60	1	1	110	114	160	118	117	112
61	1	1	140	141	185	138	136	137
62	1	1	185	182	181	139	136	138
63	1	1	181	184	236	179	177	178
64	1	1	236	194	192	180	177	179
65	1	1	148	147	173	122	121	123
66	1	1	121	124	153	107	105	108
67	1	1	148	149	192	197	193	150
68	1	1	110	113	111	115	160	114
69	1	1	148	150	193	175	173	147
70	1	1	105	107	153	109	111	106
71	1	1	117	118	160	163	164	119
72	1	1	121	122	173	152	153	124
73	1	1	189	186	185	141	140	142
74	1	1	185	188	240	183	181	182
75	1	1	240	237	236	184	181	183
76	1	1	251	195	193	197	192	196
77	1	1	236	239	251	196	192	194
78	1	1	111	116	154	120	160	115
79	1	1	111	109	153	158	154	116
80	1	1	193	198	232	174	173	175
81	1	1	173	176	204	156	153	152
82	1	1	160	162	212	165	164	163
83	1	1	251	234	232	198	193	195
84	1	1	173	174	232	199	204	176
85	1	1	160	120	154	151	167	161
86	1	1	153	155	208	157	154	158
87	1	1	189	190	244	187	185	186
88	1	1	244	241	240	188	185	187
89	1	1	164	165	212	216	213	166
90	1	1	240	243	306	238	236	237
91	1	1	153	156	204	207	208	155
92	1	1	160	161	167	170	212	162
93	1	1	306	253	251	239	236	238
94	1	1	232	235	255	205	204	199
95	1	1	154	159	200	168	167	151
96	1	1	302	233	232	234	251	254
97	1	1	208	201	200	159	154	157
98	1	1	204	206	260	209	208	207
99	1	1	167	169	219	171	212	170
100	1	1	213	216	212	215	283	217
101	1	1	232	233	302	257	255	235
102	1	1	248	245	244	190	189	191
103	1	1	244	247	310	242	240	241
104	1	1	204	205	255	258	260	206
105	1	1	310	308	306	243	240	242
106	1	1	167	168	200	172	219	169
107	1	1	321	252	251	253	306	309
108	1	1	213	217	283	273	271	218
109	1	1	321	304	302	254	251	252
110	1	1	208	210	259	202	200	201
111	1	1	212	171	219	222	223	214
112	1	1	212	214	223	226	283	215
113	1	1	260	264	259	210	208	209
114	1	1	325	256	255	257	302	305
115	1	1	255	256	325	261	260	258
116	1	1	200	203	227	221	219	172
117	1	1	271	272	345	276	275	274
118	1	1	248	249	314	246	244	245
119	1	1	200	202	259	211	227	203
120	1	1	314	312	310	247	244	246
121	1	1	271	273	283	285	345	272
122	1	1	378	307	306	308	310	313
123	1	1	378	323	321	309	306	307
124	1	1	219	220	287	225	223	222
125	1	1	374	303	302	304	321	324
126	1	1	223	224	296	286	283	226
127	1	1	219	221	227	230	287	220
128	1	1	374	327	325	305	302	303
129	1	1	275	277	349	280	279	278
130	1	1	260	262	330	263	259	264
131	1	1	325	328	330	262	260	261
132	1	1	223	225	287	290	296	224
133	1	1	345	348	349	277	275	276
134	1	1	283	284	360	344	345	285
135	1	1	283	286	296	295	360	284
136	1	1	259	265	266	229	227	211
137	1	1	318	316	314	249	248	250
138	1	1	382	311	310	312	314	317
139	1	1	259	263	330	268	266	265
140	1	1	382	380	378	313	310	311
141	1	1	227	228	299	288	287	230
142	1	1	279	280	349	352	353	281
143	1	1	393	322	321	323	378	381
144	1	1	393	376	374	324	321	322
145	1	1	287	289	364	297	296	290
146	1	1	397	326	325	327	374	377
147	1	1	397	332	330	328	325	326
148	1	1	227	229	266	231	299	228
149	1	1	360	363	425	347	345	344
150	1	1	287	288	299	301	364	289
151	1	1	296	298	366	362	360	295
152	1	1	345	346	429	350	349	348
153	1	1	296	297	364	370	366	298
154	1	1	345	347	425	426	429	346
155	1	1	330	329	333	267	266	268
156	1	1	386	315	314	316	318	319
157	1	1	386	384	382	317	314	315
158	1	1	455	379	378	380	382	385
159	1	1	366	367	444	361	360	362
160	1	1	455	395	393	381	378	379
161	1	1	266	269	291	292	299	231
162	1	1	360	361	444	428	425	363
163	1	1	397	399	398	331	330	332
164	1	1	451	375	374	376	393	396
165	1	1	451	401	397	377	374	375
166	1	1	353	352	349	351	433	354
167	1	1	299	300	365	371	364	301
168	1	1	330	331	398	335	333	329
169	1	1	349	350	429	432	433	351
170	1	1	266	267	333	270	291	269
171	1	1	364	369	448	368	366	370
172	1	1	299	292	291	293	365	300
173	1	1	366	368	448	446	444	367
174	1	1	429	426	425	427	503	431
175	1	1	364	371	365	372	448	369
176	1	1	444	447	503	427	425	428
177	1	1	390	387	386	319	318	320
178	1	1	459	383	382	384	386	389
179	1	1	475	400	398	399	397	402
180	1	1	459	457	455	385	382	383
181	1	1	353	354	433	436	437	355
182	1	1	470	394	393	395	455	458
183	1	1	470	453	451	396	393	394
184	1	1	333	336	339	282	291	270
185	1	1	475	402	397	401	451	454
186	1	1	398	403	404	334	333	335
187	1	1	291	294	356	357	365	293
188	1	1	429	430	507	434	433	432
189	1	1	429	431	503	506	507	430
190	1	1	448	450	519	445	444	446
191	1	1	444	445	519	505	503	447
192	1	1	333	334	404	341	339	336
193	1	1	365	373	440	442	448	372
194	1	1	291	282	339	337	356	294
195	1	1	398	400	475	405	404	403
196	1	1	365	357	356	358	440	373
197	1	1	390	391	463	388	386	387
198	1	1	463	462	459	389	386	388
199	1	1	529	456	455	457	459	460
200	1	1	529	472	470	458	455	456
201	1	1	525	452	451	453	470	473
202	1	1	525	477	475	454	451	452
203	1	1	433	435	511	438	437	436
204	1	1	448	449	518	521	519	450
205	1	1	440	441	518	449	448	442
206	1	1	433	434	507	510	511	435
207	1	1	339	342	409	338	356	337
208	1	1	404	407	418	340	339	341
209	1	1	503	504	579	509	507	506
210	1	1	503	505	519	520	579	504
211	1	1	475	478	479	406	404	405
212	1	1	356	359	414	408	440	358
213	1	1	339	340	418	343	409	342
214	1	1	356	338	409	412	414	359
215	1	1	404	406	479	419	418	407
216	1	1	440	443	483	474	518	441
217	1	1	533	530	529	460	459	461
218	1	1	467	465	463	391	390	392
219	1	1	463	466	533	461	459	462
220	1	1	437	438	511	514	515	439
221	1	1	414	413	483	443	440	408
222	1	1	544	471	470	472	529	532
223	1	1	544	527	525	473	470	471
224	1	1	519	521	518	522	594	523
225	1	1	552	476	475	477	525	528
226	1	1	507	508	583	512	511	510
227	1	1	507	509	579	582	583	508
228	1	1	579	520	519	523	594	581
229	1	1	552	481	479	478	475	476
230	1	1	418	421	422	410	409	343
231	1	1	409	411	487	416	414	412
232	1	1	518	474	483	486	548	524
233	1	1	409	410	422	417	487	411
234	1	1	479	482	496	420	418	419
235	1	1	414	415	488	485	483	413
236	1	1	518	524	548	549	594	522
237	1	1	418	420	496	423	422	421
238	1	1	487	492	488	415	414	416
239	1	1	533	536	602	531	529	530
240	1	1	602	546	544	532	529	531
241	1	1	537	535	533	466	463	464
242	1	1	537	464	463	465	467	468
243	1	1	515	514	511	513	587	516
244	1	1	598	526	525	527	544	547
245	1	1	511	512	583	584	587	513
246	1	1	598	554	552	528	525	526
247	1	1	579	580	649	585	583	582
248	1	1	579	581	594	597	649	580
249	1	1	483	484	560	550	548	486
250	1	1	483	485	488	489	560	484
251	1	1	556	480	479	481	552	555
252	1	1	556	499	496	482	479	480
253	1	1	422	424	495	493	487	417
254	1	1	422	423	496	500	495	424
255	1	1	594	549	548	551	621	596
256	1	1	487	491	564	490	488	492
257	1	1	548	550	560	563	621	551
258	1	1	488	490	564	562	560	489
259	1	1	495	494	564	491	487	493
260	1	1	606	604	602	536	533	534
261	1	1	606	534	533	535	537	539
262	1	1	617	545	544	546	602	605
263	1	1	515	516	587	590	591	517
264	1	1	541	540	537	468	467	469
265	1	1	617	600	598	547	544	545
266	1	1	587	584	583	586	653	588
267	1	1	583	585	649	650	653	586
268	1	1	625	553	552	554	598	601
269	1	1	594	595	664	651	649	597
270	1	1	625	558	556	555	552	553
271	1	1	594	596	621	624	664	595
272	1	1	496	497	572	498	495	500
273	1	1	572	497	496	499	556	559
274	1	1	560	561	633	623	621	563
275	1	1	560	562	564	567	633	561
276	1	1	564	494	495	501	568	566
277	1	1	672	619	617	605	602	603
278	1	1	495	498	572	502	568	501
279	1	1	672	603	602	604	606	609
280	1	1	591	590	587	589	657	592
281	1	1	610	608	606	539	537	538
282	1	1	541	542	610	538	537	540
283	1	1	587	588	653	654	657	589
284	1	1	668	599	598	600	617	620
285	1	1	653	650	649	652	719	655
286	1	1	668	627	625	601	598	599
287	1	1	649	651	664	665	719	652
288	1	1	629	557	556	558	625	628
289	1	1	629	575	572	559	556	557
290	1	1	621	622	691	666	664	624
291	1	1	621	623	633	636	691	622
292	1	1	564	565	638	635	633	567
293	1	1	564	566	568	571	638	565
294	1	1	573	570	568	502	572	574
295	1	1	591	592	657	658	661	593
296	1	1	676	674	672	609	606	607
297	1	1	657	654	653	656	723	659
298	1	1	676	607	606	608	610	613
299	1	1	687	618	617	619	672	675
300	1	1	614	612	610	542	541	543
301	1	1	687	670	668	620	617	618
302	1	1	653	655	719	720	723	656
303	1	1	695	626	625	627	668	671
304	1	1	568	570	573	578	642	569
305	1	1	695	631	629	628	625	626
306	1	1	719	665	664	667	734	721
307	1	1	568	569	642	639	638	571
308	1	1	664	666	691	692	734	667
309	1	1	645	576	572	575	629	632
310	1	1	645	577	573	574	572	576
311	1	1	633	634	703	693	691	636
312	1	1	633	635	638	641	703	634
313	1	1	645	637	642	578	573	577
314	1	1	657	659	723	724	727	660
315	1	1	661	658	657	660	727	662
316	1	1	742	673	672	674	676	679
317	1	1	638	639	642	644	709	640
318	1	1	680	678	676	613	610	611
319	1	1	742	689	687	675	672	673
320	1	1	738	669	668	670	687	690
321	1	1	680	611	610	612	614	615
322	1	1	723	720	719	722	790	725
323	1	1	738	697	695	671	668	669
324	1	1	638	640	709	705	703	641
325	1	1	719	721	734	735	790	722
326	1	1	699	630	629	631	695	698
327	1	1	699	647	645	632	629	630
328	1	1	734	692	691	694	761	736
329	1	1	691	693	703	704	761	694
330	1	1	642	637	645	648	708	643
331	1	1	642	643	708	711	709	644
332	1	1	757	740	738	690	687	688
333	1	1	703	705	709	710	773	706
334	1	1	765	696	695	697	738	741
335	1	1	661	662	727	730	731	663
336	1	1	727	724	723	726	794	728
337	1	1	757	688	687	689	742	745
338	1	1	746	744	742	679	676	677
339	1	1	746	677	676	678	680	683
340	1	1	723	725	790	791	794	726
341	1	1	684	682	680	615	614	616
342	1	1	765	701	699	698	695	696
343	1	1	761	704	703	706	773	763
344	1	1	790	735	734	737	805	792
345	1	1	734	736	761	762	805	737
346	1	1	715	646	645	647	699	702
347	1	1	715	707	708	648	645	646
348	1	1	709	711	708	712	782	713
349	1	1	773	710	709	713	782	775
350	1	1	809	767	765	741	738	739
351	1	1	809	739	738	740	757	760
352	1	1	769	700	699	701	765	768
353	1	1	813	759	757	745	742	743
354	1	1	761	763	773	774	832	764
355	1	1	813	743	742	744	746	747
356	1	1	731	730	727	729	798	732
357	1	1	727	728	794	795	798	729
358	1	1	769	717	715	702	699	700
359	1	1	684	685	750	681	680	682
360	1	1	750	749	746	683	680	681
361	1	1	794	791	790	793	863	796
362	1	1	805	762	761	764	832	807
363	1	1	777	714	708	707	715	716
364	1	1	790	792	805	806	863	793
365	1	1	708	714	777	779	782	712
366	1	1	773	775	782	785	844	776
367	1	1	836	771	769	768	765	766
368	1	1	836	766	765	767	809	812
369	1	1	832	774	773	776	844	834
370	1	1	786	778	777	716	715	718
371	1	1	828	811	809	760	757	758
372	1	1	828	758	757	759	813	814
373	1	1	786	718	715	717	769	772
374	1	1	805	807	832	833	878	808
375	1	1	821	816	813	747	746	748
376	1	1	731	732	798	800	799	733
377	1	1	863	806	805	808	878	865
378	1	1	750	754	821	748	746	749
379	1	1	798	795	794	797	871	801
380	1	1	794	796	863	864	871	797
381	1	1	751	753	750	685	684	686
382	1	1	782	779	777	780	848	783
383	1	1	777	778	786	781	848	780
384	1	1	840	787	786	772	769	770
385	1	1	840	770	769	771	836	839
386	1	1	782	784	857	846	844	785
387	1	1	882	838	836	812	809	810
388	1	1	882	810	809	811	828	829
389	1	1	832	834	844	845	909	835
390	1	1	878	833	832	835	909	880
391	1	1	886	831	828	814	813	815
392	1	1	782	783	848	851	857	784
393	1	1	821	824	886	815	813	816
394	1	1	863	865	878	879	939	866
395	1	1	871	864	863	866	939	873
396	1	1	825	823	821	754	750	752
397	1	1	799	800	798	802	875	803
398	1	1	825	752	750	753	751	755
399	1	1	798	801	871	872	875	802
400	1	1	849	850	848	781	786	789
401	1	1	860	788	786	787	840	843
402	1	1	860	854	849	789	786	788
403	1	1	913	842	840	839	836	837
404	1	1	913	837	836	838	882	883
405	1	1	844	846	857	856	921	847
406	1	1	909	845	844	847	921	911
407	1	1	901	885	882	829	828	830
408	1	1	886	889	901	830	828	831
409	1	1	848	850	849	853	925	852
410	1	1	878	880	909	910	950	881
411	1	1	857	851	848	852	925	858
412	1	1	939	879	878	881	950	941
413	1	1	895	888	886	824	821	822
414	1	1	895	822	821	823	825	827
415	1	1	871	873	939	940	944	874
416	1	1	875	872	871	874	944	876
417	1	1	799	803	875	868	867	804
418	1	1	817	818	825	755	751	756
419	1	1	925	853	849	854	860	861
420	1	1	917	855	860	843	840	841
421	1	1	917	841	840	842	913	916
422	1	1	857	858	925	929	927	859
423	1	1	921	856	857	859	927	924
424	1	1	958	914	913	883	882	884
425	1	1	909	911	921	922	986	912
426	1	1	901	903	958	884	882	885
427	1	1	950	910	909	912	986	952
428	1	1	962	902	901	889	886	887
429	1	1	962	887	886	888	895	898
430	1	1	939	941	950	951	1010	942
431	1	1	926	932	925	861	860	862
432	1	1	944	940	939	942	1010	946
433	1	1	894	897	895	827	825	826
434	1	1	875	876	944	945	943	877
435	1	1	894	826	825	818	817	819
436	1	1	867	868	875	877	943	869
437	1	1	926	862	860	855	917	919
438	1	1	927	929	925	930	1003	931
439	1	1	991	920	917	916	913	915
440	1	1	921	924	927	933	999	923
441	1	1	1003	930	925	932	926	928
442	1	1	958	959	991	915	913	914
443	1	1	986	922	921	923	999	988
444	1	1	973	961	958	903	901	904
445	1	1	950	952	986	987	1017	953
446	1	1	973	904	901	902	962	965
447	1	1	1010	951	950	953	1017	1012
448	1	1	970	964	962	898	895	896
449	1	1	944	946	1010	1011	1014	947
450	1	1	995	934	926	919	917	918
451	1	1	970	896	895	897	894	900
452	1	1	943	945	944	947	1014	948
453	1	1	867	869	943	936	935	870
454	1	1	890	892	894	819	817	820
455	1	1	999	933	927	931	1003	1001
456	1	1	991	993	995	918	917	920
457	1	1	1003	928	926	934	995	996
458	1	1	1033	985	991	959	958	960
459	1	1	986	988	999	990	1060	989
460	1	1	973	976	1033	960	958	961
461	1	1	1017	987	986	989	1060	1018
462	1	1	1037	975	973	965	962	963
463	1	1	1010	1012	1017	1019	1087	1013
464	1	1	1037	963	962	964	970	972
465	1	1	1014	1011	1010	1013	1087	1015
466	1	1	943	948	1014	1007	1006	949
467	1	1	966	968	970	900	894	899
468	1	1	935	936	943	949	1006	937
469	1	1	890	891	966	899	894	892
470	1	1	1073	1000	999	1001	1003	1004
471	1	1	1003	996	995	997	1072	1005
472	1	1	1068	998	995	993	991	992
473	1	1	1033	1036	1056	994	991	985
474	1	1	999	1002	1064	1061	1060	990
475	1	1	1073	1004	1003	1005	1072	1075
476	1	1	1045	1035	1033	976	973	974
477	1	1	1072	997	995	998	1068	1071
478	1	1	1056	1059	1068	992	991	994
479	1	1	999	1000	1073	1066	1064	1002
480	1	1	1017	1018	1060	1063	1094	1020
481	1	1	1045	974	973	975	1037	1041
482	1	1	1087	1019	1017	1020	1094	1090
483	1	1	1038	1039	1037	972	970	971
484	1	1	1014	1015	1087	1089	1086	1016
485	1	1	1006	1007	1014	1016	1086	1008
486	1	1	966	967	1038	971	970	968
487	1	1	935	937	1006	955	954	938
488	1	1	905	907	966	891	890	893
489	1	1	1109	1057	1056	1036	1033	1034
490	1	1	1060	1061	1064	1065	1131	1062
491	1	1	1109	1034	1033	1035	1045	1044
492	1	1	1060	1062	1131	1093	1094	1063
493	1	1	1073	1075	1072	1076	1143	1077
494	1	1	1068	1059	1056	1058	1127	1070
495	1	1	1072	1071	1068	1069	1139	1078
496	1	1	1064	1066	1073	1074	1135	1067
497	1	1	1113	1047	1045	1041	1037	1042
498	1	1	1087	1090	1094	1096	1156	1091
499	1	1	1127	1058	1056	1057	1109	1112
500	1	1	1131	1065	1064	1067	1135	1133
501	1	1	1038	1040	1113	1042	1037	1039
502	1	1	1086	1089	1087	1091	1156	1088
503	1	1	1139	1069	1068	1070	1127	1130
504	1	1	1135	1074	1073	1077	1143	1137
505	1	1	1143	1076	1072	1078	1139	1142
506	1	1	1006	1008	1086	1026	1025	1009
507	1	1	981	983	1038	967	966	969
508	1	1	954	955	1006	1009	1025	956
509	1	1	905	906	981	969	966	907
510	1	1	1114	1111	1109	1044	1045	1046
511	1	1	1094	1093	1131	1132	1157	1095
512	1	1	1114	1046	1045	1047	1113	1117
513	1	1	1094	1095	1157	1159	1156	1096
514	1	1	1127	1112	1109	1110	1174	1129
515	1	1	1131	1133	1135	1136	1189	1134
516	1	1	1185	1141	1139	1130	1127	1128
517	1	1	1174	1110	1109	1111	1114	1118
518	1	1	1135	1137	1143	1144	1193	1138
519	1	1	1157	1132	1131	1134	1189	1160
520	1	1	1143	1142	1139	1140	1194	1145
521	1	1	1086	1088	1156	1101	1102	1092
522	1	1	1052	1054	1113	1040	1038	1043
523	1	1	1025	1026	1086	1092	1102	1027
524	1	1	1185	1128	1127	1129	1174	1177
525	1	1	981	982	1052	1043	1038	983
526	1	1	1189	1136	1135	1138	1193	1191
527	1	1	954	956	1025	1022	1021	957
528	1	1	977	978	981	906	905	908
529	1	1	1194	1140	1139	1141	1185	1188
530	1	1	1193	1144	1143	1145	1194	1196
531	1	1	1156	1159	1157	1158	1210	1161
532	1	1	1178	1115	1114	1117	1113	1116
533	1	1	1174	1118	1114	1115	1178	1176
534	1	1	1210	1158	1157	1160	1189	1190
535	1	1	1102	1101	1156	1162	1164	1103
536	1	1	1221	1187	1185	1177	1174	1175
537	1	1	1052	1053	1124	1119	1113	1054
538	1	1	1189	1191	1193	1195	1232	1192
539	1	1	1025	1027	1102	1098	1097	1028
540	1	1	1164	1162	1156	1161	1210	1166
541	1	1	1228	1199	1194	1188	1185	1186
542	1	1	1048	1049	1052	982	981	984
543	1	1	1124	1126	1178	1116	1113	1119
544	1	1	1193	1196	1194	1197	1236	1198
545	1	1	1021	1022	1025	1028	1097	1023
546	1	1	1048	984	981	978	977	979
547	1	1	1221	1175	1174	1176	1178	1182
548	1	1	1210	1190	1189	1192	1232	1211
549	1	1	1228	1186	1185	1187	1221	1224
550	1	1	1232	1195	1193	1198	1236	1234
551	1	1	1236	1197	1194	1199	1228	1231
552	1	1	1102	1103	1164	1165	1163	1104
553	1	1	1120	1121	1124	1053	1052	1055
554	1	1	1097	1098	1102	1104	1163	1099
555	1	1	1120	1055	1052	1049	1048	1051
556	1	1	1164	1166	1210	1212	1214	1167
557	1	1	1179	1181	1178	1126	1124	1125
558	1	1	1210	1211	1232	1233	1246	1213
559	1	1	1225	1223	1221	1182	1178	1180
560	1	1	1021	1023	1097	1084	1082	1024
561	1	1	1029	1031	1048	979	977	980
562	1	1	1232	1234	1236	1237	1260	1235
563	1	1	1253	1230	1228	1224	1221	1222
564	1	1	1163	1165	1164	1167	1214	1168
565	1	1	1259	1238	1236	1231	1228	1229
566	1	1	1214	1212	1210	1213	1246	1215
567	1	1	1179	1125	1124	1121	1120	1123
568	1	1	1225	1180	1178	1181	1179	1184
569	1	1	1246	1233	1232	1235	1260	1247
570	1	1	1253	1222	1221	1223	1225	1227
571	1	1	1259	1229	1228	1230	1253	1256
572	1	1	1260	1237	1236	1238	1259	1264
573	1	1	1097	1099	1163	1153	1152	1100
574	1	1	1105	1106	1120	1051	1048	1050
575	1	1	1082	1084	1097	1100	1152	1083
576	1	1	1029	1030	1105	1050	1048	1031
577	1	1	1206	1169	1163	1168	1214	1207
578	1	1	1170	1171	1179	1123	1120	1122
579	1	1	1214	1215	1246	1248	1245	1216
580	1	1	1217	1218	1225	1184	1179	1183
581	1	1	1246	1247	1260	1262	1272	1249
582	1	1	1252	1255	1253	1227	1225	1226
583	1	1	1152	1153	1163	1169	1206	1154
584	1	1	1170	1122	1120	1106	1105	1108
585	1	1	1278	1261	1260	1264	1259	1263
586	1	1	1275	1265	1259	1256	1253	1254
587	1	1	1206	1207	1214	1216	1245	1208
588	1	1	1217	1183	1179	1171	1170	1173
589	1	1	1245	1248	1246	1249	1272	1250
590	1	1	1252	1226	1225	1218	1217	1220
591	1	1	1272	1262	1260	1261	1278	1273
592	1	1	1275	1254	1253	1255	1252	1258
593	1	1	1278	1263	1259	1265	1275	1276
594	1	1	1082	1083	1152	1149	1150	1085
595	1	1	1079	1080	1105	1030	1029	1032
596	1	1	1203	1155	1152	1154	1206	1204
597	1	1	1242	1209	1206	1208	1245	1243
598	1	1	1146	1147	1170	1108	1105	1107
599	1	1	1200	1201	1217	1173	1170	1172
600	1	1	1245	1250	1272	1270	1269	1251
601	1	1	1239	1240	1252	1220	1217	1219
602	1	1	1272	1273	1278	1281	1280	1274
603	1	1	1150	1149	1152	1155	1203	1151
604	1	1	1266	1267	1275	1258	1252	1257
605	1	1	1279	1282	1278	1276	1275	1277
606	1	1	1203	1204	1206	1209	1242	1205
607	1	1	1242	1243	1245	1251	1269	1244
608	1	1	1269	1270	1272	1274	1280	1271
609	1	1	1146	1107	1105	1080	1079	1081
610	1	1	1200	1172	1170	1147	1146	1148
611	1	1	1239	1219	1217	1201	1200	1202
612	1	1	1280	1281	1278	1282	1279	1283
613	1	1	1266	1257	1252	1240	1239	1241
614	1	1	1279	1277	1275	1267	1266	1268

%LOAD.CASE.LINE.FORCE.UNIFORM
10
614	1266	1279	0	0.000000	50.00000	0.000000
603	1203	1150	0	0.000000	50.00000	0.000000
608	1280	1269	0	0.000000	50.00000	0.000000
611	1200	1239	0	0.000000	50.00000	0.000000
610	1146	1200	0	0.000000	50.00000	0.000000
613	1239	1266	0	0.000000	50.00000	0.000000
609	1079	1146	0	0.000000	50.00000	0.000000
607	1269	1242	0	0.000000	50.00000	0.000000
612	1279	1280	0	0.000000	50.00000	0.000000
606	1242	1203	0	0.000000	50.00000	0.000000

%END
