%HEADER
NAFEMS benchmark: 
Elliptical membrane with uniform local load (T6 elements).
Expected maximum stress Syy = 92.7
Computed values at Node 1 - Element 1
'STRESS_XX'  'STRESS_YY'  'STRESS_XY'  
+3.04868e-02 +9.26912e+01 -4.03112e-02

%NODE
861

%NODE.COORD
861
1        2.000000     0.000000     0.000000
2        2.013889     0.000000     0.000000
3        2.027778     0.000000     0.000000
4        2.052469     0.000000     0.000000
5        2.077160     0.000000     0.000000
6        2.112654     0.000000     0.000000
7        2.148148     0.000000     0.000000
8        2.194444     0.000000     0.000000
9        2.240741     0.000000     0.000000
10       2.297840     0.000000     0.000000
11       2.354938     0.000000     0.000000
12       2.422840     0.000000     0.000000
13       2.490741     0.000000     0.000000
14       2.569444     0.000000     0.000000
15       2.648148     0.000000     0.000000
16       2.737654     0.000000     0.000000
17       2.827160     0.000000     0.000000
18       2.927469     0.000000     0.000000
19       3.027778     0.000000     0.000000
20       3.138889     0.000000     0.000000
21       3.250000     0.000000     0.000000
22       1.999829     0.013090     0.000000
23       2.013716     0.013344     0.000000
24       2.027604     0.013599     0.000000
25       2.052293     0.014051     0.000000
26       2.076983     0.014504     0.000000
27       2.112473     0.015154     0.000000
28       2.147964     0.015804     0.000000
29       2.194256     0.016653     0.000000
30       2.240549     0.017501     0.000000
31       2.297643     0.018548     0.000000
32       2.354737     0.019594     0.000000
33       2.422632     0.020838     0.000000
34       2.490527     0.022083     0.000000
35       2.569224     0.023525     0.000000
36       2.647921     0.024967     0.000000
37       2.737420     0.026607     0.000000
38       2.826918     0.028248     0.000000
39       2.927218     0.030086     0.000000
40       3.027518     0.031924     0.000000
41       3.138620     0.033960     0.000000
42       3.249722     0.035996     0.000000
43       1.999315     0.026177     0.000000
44       2.013199     0.026686     0.000000
45       2.027083     0.027195     0.000000
46       2.051766     0.028100     0.000000
47       2.076449     0.029005     0.000000
48       2.111930     0.030305     0.000000
49       2.147412     0.031606     0.000000
50       2.193692     0.033303     0.000000
51       2.239973     0.035000     0.000000
52       2.297052     0.037092     0.000000
53       2.354131     0.039185     0.000000
54       2.422009     0.041673     0.000000
55       2.489887     0.044161     0.000000
56       2.568564     0.047046     0.000000
57       2.647241     0.049930     0.000000
58       2.736716     0.053210     0.000000
59       2.826192     0.056491     0.000000
60       2.926466     0.060167     0.000000
61       3.026740     0.063843     0.000000
62       3.137813     0.067915     0.000000
63       3.248886     0.071987     0.000000
64       1.998234     0.042013     0.000000
65       2.012111     0.042830     0.000000
66       2.025987     0.043647     0.000000
67       2.050657     0.045099     0.000000
68       2.075326     0.046552     0.000000
69       2.110789     0.048639     0.000000
70       2.146251     0.050727     0.000000
71       2.192507     0.053450     0.000000
72       2.238762     0.056173     0.000000
73       2.295811     0.059532     0.000000
74       2.352859     0.062890     0.000000
75       2.420700     0.066884     0.000000
76       2.488542     0.070878     0.000000
77       2.567176     0.075507     0.000000
78       2.645810     0.080137     0.000000
79       2.735237     0.085401     0.000000
80       2.824664     0.090666     0.000000
81       2.924884     0.096566     0.000000
82       3.025104     0.102466     0.000000
83       3.136117     0.109001     0.000000
84       3.247130     0.115537     0.000000
85       1.996652     0.057839     0.000000
86       2.010517     0.058964     0.000000
87       2.024383     0.060088     0.000000
88       2.049033     0.062088     0.000000
89       2.073683     0.064087     0.000000
90       2.109118     0.066961     0.000000
91       2.144552     0.069835     0.000000
92       2.190771     0.073584     0.000000
93       2.236990     0.077333     0.000000
94       2.293993     0.081957     0.000000
95       2.350996     0.086580     0.000000
96       2.418783     0.092078     0.000000
97       2.486571     0.097577     0.000000
98       2.565143     0.103950     0.000000
99       2.643715     0.110323     0.000000
100      2.733071     0.117571     0.000000
101      2.822428     0.124818     0.000000
102      2.922568     0.132941     0.000000
103      3.022709     0.141063     0.000000
104      3.133634     0.150060     0.000000
105      3.244559     0.159058     0.000000
106      1.994155     0.076398     0.000000
107      2.008003     0.077884     0.000000
108      2.021851     0.079370     0.000000
109      2.046471     0.082010     0.000000
110      2.071090     0.084651     0.000000
111      2.106480     0.088448     0.000000
112      2.141870     0.092244     0.000000
113      2.188031     0.097196     0.000000
114      2.234192     0.102148     0.000000
115      2.291124     0.108255     0.000000
116      2.348056     0.114362     0.000000
117      2.415758     0.121624     0.000000
118      2.483461     0.128887     0.000000
119      2.561935     0.137305     0.000000
120      2.640409     0.145723     0.000000
121      2.729653     0.155296     0.000000
122      2.818898     0.164870     0.000000
123      2.918913     0.175599     0.000000
124      3.018929     0.186327     0.000000
125      3.129715     0.198212     0.000000
126      3.240501     0.210096     0.000000
127      1.990968     0.094931     0.000000
128      2.004794     0.096777     0.000000
129      2.018620     0.098623     0.000000
130      2.043200     0.101905     0.000000
131      2.067780     0.105186     0.000000
132      2.103113     0.109904     0.000000
133      2.138447     0.114621     0.000000
134      2.184534     0.120774     0.000000
135      2.230621     0.126927     0.000000
136      2.287462     0.134515     0.000000
137      2.344303     0.142104     0.000000
138      2.411898     0.151128     0.000000
139      2.479492     0.160153     0.000000
140      2.557840     0.170613     0.000000
141      2.636189     0.181073     0.000000
142      2.725291     0.192968     0.000000
143      2.814393     0.204864     0.000000
144      2.914248     0.218196     0.000000
145      3.014104     0.231527     0.000000
146      3.124713     0.246294     0.000000
147      3.235322     0.261061     0.000000
148      1.986459     0.116169     0.000000
149      2.000254     0.118428     0.000000
150      2.014049     0.120687     0.000000
151      2.038573     0.124702     0.000000
152      2.063097     0.128718     0.000000
153      2.098351     0.134491     0.000000
154      2.133604     0.140263     0.000000
155      2.179587     0.147793     0.000000
156      2.225570     0.155322     0.000000
157      2.282282     0.164609     0.000000
158      2.338994     0.173895     0.000000
159      2.406436     0.184938     0.000000
160      2.473877     0.195981     0.000000
161      2.552048     0.208781     0.000000
162      2.630219     0.221582     0.000000
163      2.719119     0.236138     0.000000
164      2.808019     0.250695     0.000000
165      2.907649     0.267009     0.000000
166      3.007278     0.283323     0.000000
167      3.117637     0.301394     0.000000
168      3.227996     0.319465     0.000000
169      1.981044     0.137354     0.000000
170      1.994801     0.140024     0.000000
171      2.008559     0.142695     0.000000
172      2.033016     0.147443     0.000000
173      2.057473     0.152191     0.000000
174      2.092631     0.159016     0.000000
175      2.127788     0.165842     0.000000
176      2.173646     0.174744     0.000000
177      2.219503     0.183647     0.000000
178      2.276061     0.194627     0.000000
179      2.332618     0.205606     0.000000
180      2.399876     0.218663     0.000000
181      2.467134     0.231721     0.000000
182      2.545091     0.246855     0.000000
183      2.623049     0.261989     0.000000
184      2.711707     0.279201     0.000000
185      2.800365     0.296412     0.000000
186      2.899723     0.315701     0.000000
187      2.999081     0.334990     0.000000
188      3.109139     0.356356     0.000000
189      3.219197     0.377722     0.000000
190      1.973845     0.161196     0.000000
191      1.987552     0.164330     0.000000
192      2.001259     0.167465     0.000000
193      2.025628     0.173037     0.000000
194      2.049996     0.178609     0.000000
195      2.085026     0.186619     0.000000
196      2.120056     0.194629     0.000000
197      2.165746     0.205077     0.000000
198      2.211437     0.215525     0.000000
199      2.267789     0.228411     0.000000
200      2.324141     0.241296     0.000000
201      2.391155     0.256620     0.000000
202      2.458168     0.271943     0.000000
203      2.535842     0.289705     0.000000
204      2.613517     0.307466     0.000000
205      2.701852     0.327665     0.000000
206      2.790188     0.347865     0.000000
207      2.889185     0.370502     0.000000
208      2.988182     0.393139     0.000000
209      3.097840     0.418214     0.000000
210      3.207498     0.443289     0.000000
211      1.965498     0.184944     0.000000
212      1.979147     0.188541     0.000000
213      1.992797     0.192137     0.000000
214      2.017062     0.198530     0.000000
215      2.041327     0.204923     0.000000
216      2.076209     0.214113     0.000000
217      2.111090     0.223303     0.000000
218      2.156588     0.235290     0.000000
219      2.202086     0.247278     0.000000
220      2.258199     0.262062     0.000000
221      2.314313     0.276846     0.000000
222      2.381043     0.294427     0.000000
223      2.447773     0.312008     0.000000
224      2.525119     0.332386     0.000000
225      2.602465     0.352764     0.000000
226      2.690427     0.375940     0.000000
227      2.778389     0.399115     0.000000
228      2.876967     0.425087     0.000000
229      2.975546     0.451059     0.000000
230      3.084740     0.479828     0.000000
231      3.193934     0.508597     0.000000
232      1.954851     0.211280     0.000000
233      1.968427     0.215388     0.000000
234      1.982002     0.219496     0.000000
235      2.006136     0.226800     0.000000
236      2.030270     0.234103     0.000000
237      2.064962     0.244602     0.000000
238      2.099655     0.255101     0.000000
239      2.144906     0.268795     0.000000
240      2.190157     0.282489     0.000000
241      2.245967     0.299378     0.000000
242      2.301777     0.316268     0.000000
243      2.368145     0.336352     0.000000
244      2.434514     0.356437     0.000000
245      2.511441     0.379717     0.000000
246      2.588368     0.402997     0.000000
247      2.675853     0.429472     0.000000
248      2.763339     0.455947     0.000000
249      2.861383     0.485618     0.000000
250      2.959428     0.515288     0.000000
251      3.068030     0.548154     0.000000
252      3.176633     0.581020     0.000000
253      1.942793     0.237463     0.000000
254      1.956285     0.242080     0.000000
255      1.969776     0.246697     0.000000
256      1.993762     0.254906     0.000000
257      2.017747     0.263115     0.000000
258      2.052225     0.274915     0.000000
259      2.086704     0.286714     0.000000
260      2.131676     0.302105     0.000000
261      2.176648     0.317497     0.000000
262      2.232114     0.336479     0.000000
263      2.287579     0.355461     0.000000
264      2.353538     0.378035     0.000000
265      2.419497     0.400609     0.000000
266      2.495950     0.426773     0.000000
267      2.572402     0.452938     0.000000
268      2.659348     0.482694     0.000000
269      2.746294     0.512451     0.000000
270      2.843734     0.545798     0.000000
271      2.941173     0.579145     0.000000
272      3.049106     0.616084     0.000000
273      3.157039     0.653023     0.000000
274      1.927873     0.266132     0.000000
275      1.941261     0.271307     0.000000
276      1.954649     0.276481     0.000000
277      1.978450     0.285681     0.000000
278      2.002251     0.294881     0.000000
279      2.036465     0.308105     0.000000
280      2.070679     0.321329     0.000000
281      2.115305     0.338579     0.000000
282      2.159932     0.355828     0.000000
283      2.214972     0.377102     0.000000
284      2.270011     0.398376     0.000000
285      2.335464     0.423675     0.000000
286      2.400916     0.448974     0.000000
287      2.476782     0.478298     0.000000
288      2.552647     0.507622     0.000000
289      2.638925     0.540970     0.000000
290      2.725204     0.574319     0.000000
291      2.821895     0.611692     0.000000
292      2.918586     0.649066     0.000000
293      3.025690     0.690464     0.000000
294      3.132794     0.731862     0.000000
295      1.911262     0.294567     0.000000
296      1.924534     0.300295     0.000000
297      1.937807     0.306022     0.000000
298      1.961403     0.316205     0.000000
299      1.984999     0.326388     0.000000
300      2.018918     0.341025     0.000000
301      2.052837     0.355662     0.000000
302      2.097079     0.374755     0.000000
303      2.141321     0.393847     0.000000
304      2.195886     0.417394     0.000000
305      2.250452     0.440941     0.000000
306      2.315340     0.468944     0.000000
307      2.380229     0.496946     0.000000
308      2.455440     0.529402     0.000000
309      2.530652     0.561859     0.000000
310      2.616187     0.598771     0.000000
311      2.701722     0.635683     0.000000
312      2.797580     0.677050     0.000000
313      2.893438     0.718416     0.000000
314      2.999619     0.764238     0.000000
315      3.105800     0.810059     0.000000
316      1.891187     0.325351     0.000000
317      1.904320     0.331677     0.000000
318      1.917453     0.338004     0.000000
319      1.940801     0.349250     0.000000
320      1.964149     0.360497     0.000000
321      1.997712     0.376664     0.000000
322      2.031275     0.392831     0.000000
323      2.075052     0.413919     0.000000
324      2.118829     0.435006     0.000000
325      2.172822     0.461014     0.000000
326      2.226814     0.487022     0.000000
327      2.291021     0.517951     0.000000
328      2.355228     0.548879     0.000000
329      2.429649     0.584728     0.000000
330      2.504071     0.620577     0.000000
331      2.588708     0.661346     0.000000
332      2.673344     0.702116     0.000000
333      2.768195     0.747805     0.000000
334      2.863046     0.793495     0.000000
335      2.968112     0.844105     0.000000
336      3.073178     0.894715     0.000000
337      1.869129     0.355794     0.000000
338      1.882109     0.362712     0.000000
339      1.895089     0.369630     0.000000
340      1.918165     0.381929     0.000000
341      1.941240     0.394228     0.000000
342      1.974412     0.411908     0.000000
343      2.007583     0.429588     0.000000
344      2.050850     0.452649     0.000000
345      2.094117     0.475710     0.000000
346      2.147479     0.504151     0.000000
347      2.200842     0.532593     0.000000
348      2.264300     0.566415     0.000000
349      2.327758     0.600237     0.000000
350      2.401311     0.639441     0.000000
351      2.474865     0.678644     0.000000
352      2.558514     0.723228     0.000000
353      2.642164     0.767812     0.000000
354      2.735909     0.817777     0.000000
355      2.829654     0.867742     0.000000
356      2.933494     0.923087     0.000000
357      3.037335     0.978433     0.000000
358      1.842978     0.388405     0.000000
359      1.855776     0.395957     0.000000
360      1.868575     0.403509     0.000000
361      1.891328     0.416936     0.000000
362      1.914080     0.430362     0.000000
363      1.946788     0.449662     0.000000
364      1.979495     0.468963     0.000000
365      2.022156     0.494137     0.000000
366      2.064818     0.519311     0.000000
367      2.117434     0.550360     0.000000
368      2.170050     0.581408     0.000000
369      2.232620     0.618330     0.000000
370      2.295190     0.655253     0.000000
371      2.367715     0.698049     0.000000
372      2.440239     0.740846     0.000000
373      2.522718     0.789516     0.000000
374      2.605197     0.838187     0.000000
375      2.697630     0.892731     0.000000
376      2.790064     0.947276     0.000000
377      2.892451     1.007694     0.000000
378      2.994839     1.068113     0.000000
379      1.814552     0.420536     0.000000
380      1.827153     0.428713     0.000000
381      1.839754     0.436890     0.000000
382      1.862156     0.451427     0.000000
383      1.884558     0.465964     0.000000
384      1.916760     0.486861     0.000000
385      1.948963     0.507758     0.000000
386      1.990967     0.535015     0.000000
387      2.032970     0.562272     0.000000
388      2.084774     0.595889     0.000000
389      2.136579     0.629506     0.000000
390      2.198184     0.669483     0.000000
391      2.259789     0.709460     0.000000
392      2.331195     0.755796     0.000000
393      2.402601     0.802133     0.000000
394      2.483808     0.854830     0.000000
395      2.565015     0.907527     0.000000
396      2.656022     0.966583     0.000000
397      2.747030     1.025640     0.000000
398      2.847838     1.091057     0.000000
399      2.948647     1.156474     0.000000
400      1.781387     0.454604     0.000000
401      1.793758     0.463444     0.000000
402      1.806129     0.472283     0.000000
403      1.828121     0.487998     0.000000
404      1.850113     0.503713     0.000000
405      1.881728     0.526303     0.000000
406      1.913342     0.548893     0.000000
407      1.954577     0.578358     0.000000
408      1.995813     0.607823     0.000000
409      2.046671     0.644163     0.000000
410      2.097528     0.680503     0.000000
411      2.158007     0.723719     0.000000
412      2.218487     0.766934     0.000000
413      2.288588     0.817025     0.000000
414      2.358688     0.867116     0.000000
415      2.438411     0.924081     0.000000
416      2.518134     0.981047     0.000000
417      2.607478     1.044888     0.000000
418      2.696822     1.108729     0.000000
419      2.795788     1.179445     0.000000
420      2.894754     1.250162     0.000000
421      1.745665     0.488020     0.000000
422      1.757788     0.497509     0.000000
423      1.769910     0.506999     0.000000
424      1.791462     0.523868     0.000000
425      1.813013     0.540738     0.000000
426      1.843993     0.564989     0.000000
427      1.874973     0.589239     0.000000
428      1.915382     0.620870     0.000000
429      1.955791     0.652501     0.000000
430      2.005629     0.691512     0.000000
431      2.055467     0.730524     0.000000
432      2.114733     0.776916     0.000000
433      2.173999     0.823308     0.000000
434      2.242694     0.877080     0.000000
435      2.311390     0.930853     0.000000
436      2.389513     0.992006     0.000000
437      2.467637     1.053159     0.000000
438      2.555190     1.121693     0.000000
439      2.642743     1.190227     0.000000
440      2.739724     1.266141     0.000000
441      2.836705     1.342055     0.000000
442      1.704560     0.523086     0.000000
443      1.716397     0.533257     0.000000
444      1.728234     0.543428     0.000000
445      1.749278     0.561510     0.000000
446      1.770322     0.579592     0.000000
447      1.800573     0.605585     0.000000
448      1.830824     0.631578     0.000000
449      1.870281     0.665481     0.000000
450      1.909738     0.699385     0.000000
451      1.958403     0.741200     0.000000
452      2.007067     0.783014     0.000000
453      2.064938     0.832740     0.000000
454      2.122808     0.882465     0.000000
455      2.189886     0.940102     0.000000
456      2.256964     0.997738     0.000000
457      2.333248     1.063285     0.000000
458      2.409532     1.128832     0.000000
459      2.495023     1.202290     0.000000
460      2.580514     1.275748     0.000000
461      2.675212     1.357117     0.000000
462      2.769910     1.438486     0.000000
463      1.660639     0.557288     0.000000
464      1.672171     0.568124     0.000000
465      1.683704     0.578960     0.000000
466      1.704205     0.598224     0.000000
467      1.724707     0.617488     0.000000
468      1.754178     0.645181     0.000000
469      1.783649     0.672873     0.000000
470      1.822090     0.708994     0.000000
471      1.860531     0.745114     0.000000
472      1.907941     0.789663     0.000000
473      1.955351     0.834211     0.000000
474      2.011731     0.887188     0.000000
475      2.068111     0.940165     0.000000
476      2.133460     1.001570     0.000000
477      2.198809     1.062974     0.000000
478      2.273128     1.132807     0.000000
479      2.347447     1.202640     0.000000
480      2.430735     1.280901     0.000000
481      2.514023     1.359162     0.000000
482      2.606281     1.445852     0.000000
483      2.698539     1.532541     0.000000
484      1.610714     0.592790     0.000000
485      1.621899     0.604317     0.000000
486      1.633085     0.615843     0.000000
487      1.652970     0.636335     0.000000
488      1.672856     0.656826     0.000000
489      1.701441     0.686283     0.000000
490      1.730026     0.715739     0.000000
491      1.767311     0.754161     0.000000
492      1.804596     0.792583     0.000000
493      1.850581     0.839969     0.000000
494      1.896566     0.887356     0.000000
495      1.951251     0.943707     0.000000
496      2.005935     1.000059     0.000000
497      2.069320     1.065376     0.000000
498      2.132704     1.130692     0.000000
499      2.204789     1.204974     0.000000
500      2.276873     1.279256     0.000000
501      2.357657     1.362503     0.000000
502      2.438442     1.445750     0.000000
503      2.527926     1.537961     0.000000
504      2.617410     1.630173     0.000000
505      1.557755     0.627176     0.000000
506      1.568572     0.639371     0.000000
507      1.579390     0.651567     0.000000
508      1.598622     0.673247     0.000000
509      1.617853     0.694927     0.000000
510      1.645498     0.726092     0.000000
511      1.673144     0.757257     0.000000
512      1.709203     0.797908     0.000000
513      1.745262     0.838558     0.000000
514      1.789735     0.888693     0.000000
515      1.834208     0.938829     0.000000
516      1.887095     0.998449     0.000000
517      1.939981     1.058070     0.000000
518      2.001282     1.127175     0.000000
519      2.062582     1.196281     0.000000
520      2.132297     1.274871     0.000000
521      2.202011     1.353462     0.000000
522      2.280139     1.441538     0.000000
523      2.358267     1.529613     0.000000
524      2.444809     1.627174     0.000000
525      2.531351     1.724735     0.000000
526      1.498216     0.662448     0.000000
527      1.508620     0.675329     0.000000
528      1.519024     0.688210     0.000000
529      1.537521     0.711109     0.000000
530      1.556017     0.734009     0.000000
531      1.582606     0.766927     0.000000
532      1.609195     0.799845     0.000000
533      1.643876     0.842781     0.000000
534      1.678557     0.885718     0.000000
535      1.721330     0.938673     0.000000
536      1.764103     0.991627     0.000000
537      1.814968     1.054601     0.000000
538      1.865833     1.117574     0.000000
539      1.924791     1.190566     0.000000
540      1.983749     1.263558     0.000000
541      2.050798     1.346569     0.000000
542      2.117848     1.429579     0.000000
543      2.192990     1.522608     0.000000
544      2.268132     1.615637     0.000000
545      2.351366     1.718685     0.000000
546      2.434601     1.821732     0.000000
547      1.435485     0.696308     0.000000
548      1.445454     0.709848     0.000000
549      1.455423     0.723387     0.000000
550      1.473145     0.747457     0.000000
551      1.490867     0.771527     0.000000
552      1.516342     0.806128     0.000000
553      1.541818     0.840728     0.000000
554      1.575046     0.885859     0.000000
555      1.608275     0.930990     0.000000
556      1.649257     0.986652     0.000000
557      1.690240     1.042314     0.000000
558      1.738975     1.108506     0.000000
559      1.787711     1.174698     0.000000
560      1.844200     1.251421     0.000000
561      1.900689     1.328144     0.000000
562      1.964931     1.415397     0.000000
563      2.029174     1.502651     0.000000
564      2.101169     1.600435     0.000000
565      2.173165     1.698219     0.000000
566      2.252914     1.806534     0.000000
567      2.332664     1.914848     0.000000
568      1.365675     0.730570     0.000000
569      1.375159     0.744776     0.000000
570      1.384643     0.758981     0.000000
571      1.401503     0.784235     0.000000
572      1.418363     0.809490     0.000000
573      1.442600     0.845793     0.000000
574      1.466837     0.882096     0.000000
575      1.498449     0.929448     0.000000
576      1.530062     0.976799     0.000000
577      1.569051     1.035200     0.000000
578      1.608041     1.093600     0.000000
579      1.654406     1.163050     0.000000
580      1.700772     1.232499     0.000000
581      1.754513     1.312997     0.000000
582      1.808255     1.393495     0.000000
583      1.869374     1.485042     0.000000
584      1.930492     1.576588     0.000000
585      1.998986     1.679184     0.000000
586      2.067481     1.781779     0.000000
587      2.143352     1.895424     0.000000
588      2.219222     2.009068     0.000000
589      1.292598     0.763084     0.000000
590      1.301575     0.777922     0.000000
591      1.310551     0.792760     0.000000
592      1.326509     0.819138     0.000000
593      1.342467     0.845516     0.000000
594      1.365407     0.883435     0.000000
595      1.388347     0.921353     0.000000
596      1.418268     0.970813     0.000000
597      1.448189     1.020272     0.000000
598      1.485092     1.081271     0.000000
599      1.521995     1.142271     0.000000
600      1.565879     1.214811     0.000000
601      1.609764     1.287351     0.000000
602      1.660630     1.371432     0.000000
603      1.711496     1.455512     0.000000
604      1.769344     1.551133     0.000000
605      1.827192     1.646754     0.000000
606      1.892021     1.753916     0.000000
607      1.956850     1.861077     0.000000
608      2.028661     1.979779     0.000000
609      2.100473     2.098481     0.000000
610      1.212050     0.795446     0.000000
611      1.220467     0.810913     0.000000
612      1.228884     0.826380     0.000000
613      1.243847     0.853877     0.000000
614      1.258811     0.881373     0.000000
615      1.280321     0.920900     0.000000
616      1.301831     0.960427     0.000000
617      1.329888     1.011984     0.000000
618      1.357945     1.063540     0.000000
619      1.392548     1.127127     0.000000
620      1.427151     1.190713     0.000000
621      1.468301     1.266330     0.000000
622      1.509451     1.341946     0.000000
623      1.557147     1.429593     0.000000
624      1.604844     1.517239     0.000000
625      1.659087     1.616915     0.000000
626      1.713330     1.716591     0.000000
627      1.774119     1.828297     0.000000
628      1.834909     1.940004     0.000000
629      1.902245     2.063740     0.000000
630      1.969581     2.187476     0.000000
631      1.128266     0.825684     0.000000
632      1.136101     0.841739     0.000000
633      1.143936     0.857794     0.000000
634      1.157866     0.886336     0.000000
635      1.171795     0.914878     0.000000
636      1.191818     0.955908     0.000000
637      1.211841     0.996937     0.000000
638      1.237958     1.050453     0.000000
639      1.264076     1.103970     0.000000
640      1.296287     1.169974     0.000000
641      1.328498     1.235978     0.000000
642      1.366804     1.314468     0.000000
643      1.405109     1.392959     0.000000
644      1.449508     1.483938     0.000000
645      1.493908     1.574916     0.000000
646      1.544401     1.678381     0.000000
647      1.594894     1.781846     0.000000
648      1.651482     1.897799     0.000000
649      1.708069     2.013751     0.000000
650      1.770751     2.142191     0.000000
651      1.833432     2.270631     0.000000
652      1.036761     0.855150     0.000000
653      1.043961     0.871778     0.000000
654      1.051161     0.888406     0.000000
655      1.063960     0.917967     0.000000
656      1.076760     0.947527     0.000000
657      1.095159     0.990021     0.000000
658      1.113558     1.032515     0.000000
659      1.137557     1.087941     0.000000
660      1.161556     1.143367     0.000000
661      1.191155     1.211727     0.000000
662      1.220754     1.280086     0.000000
663      1.255953     1.361378     0.000000
664      1.291152     1.442670     0.000000
665      1.331950     1.536895     0.000000
666      1.372748     1.631120     0.000000
667      1.419147     1.738277     0.000000
668      1.465545     1.845435     0.000000
669      1.517543     1.965525     0.000000
670      1.569541     2.085616     0.000000
671      1.627139     2.218639     0.000000
672      1.684737     2.351663     0.000000
673      0.942186     0.882084     0.000000
674      0.948729     0.899235     0.000000
675      0.955272     0.916387     0.000000
676      0.966904     0.946879     0.000000
677      0.978536     0.977370     0.000000
678      0.995256     1.021202     0.000000
679      1.011977     1.065034     0.000000
680      1.033787     1.122206     0.000000
681      1.055597     1.179378     0.000000
682      1.082496     1.249891     0.000000
683      1.109395     1.320403     0.000000
684      1.141383     1.404255     0.000000
685      1.173370     1.488108     0.000000
686      1.210447     1.585300     0.000000
687      1.247524     1.682493     0.000000
688      1.289690     1.793025     0.000000
689      1.331855     1.903558     0.000000
690      1.379110     2.027431     0.000000
691      1.426365     2.151304     0.000000
692      1.478708     2.288517     0.000000
693      1.531052     2.425730     0.000000
694      0.839821     0.907565     0.000000
695      0.845653     0.925213     0.000000
696      0.851486     0.942860     0.000000
697      0.861854     0.974232     0.000000
698      0.872222     1.005605     0.000000
699      0.887126     1.050703     0.000000
700      0.902030     1.095801     0.000000
701      0.921471     1.154625     0.000000
702      0.940911     1.213449     0.000000
703      0.964887     1.285998     0.000000
704      0.988864     1.358547     0.000000
705      1.017376     1.444822     0.000000
706      1.045889     1.531097     0.000000
707      1.078937     1.631097     0.000000
708      1.111986     1.731097     0.000000
709      1.149570     1.844823     0.000000
710      1.187155     1.958549     0.000000
711      1.229276     2.086000     0.000000
712      1.271396     2.213451     0.000000
713      1.318053     2.354628     0.000000
714      1.364710     2.495805     0.000000
715      0.734711     0.930081     0.000000
716      0.739814     0.948165     0.000000
717      0.744916     0.966250     0.000000
718      0.753986     0.998401     0.000000
719      0.763057     1.030552     0.000000
720      0.776096     1.076769     0.000000
721      0.789135     1.122986     0.000000
722      0.806142     1.183269     0.000000
723      0.823149     1.243552     0.000000
724      0.844125     1.317901     0.000000
725      0.865100     1.392250     0.000000
726      0.890044     1.480665     0.000000
727      0.914988     1.569080     0.000000
728      0.943900     1.671561     0.000000
729      0.972812     1.774042     0.000000
730      1.005693     1.890590     0.000000
731      1.038574     2.007137     0.000000
732      1.075423     2.137750     0.000000
733      1.112272     2.268363     0.000000
734      1.153089     2.413042     0.000000
735      1.193906     2.557721     0.000000
736      0.621964     0.950416     0.000000
737      0.626283     0.968896     0.000000
738      0.630602     0.987376     0.000000
739      0.638281     1.020230     0.000000
740      0.645960     1.053084     0.000000
741      0.656997     1.100312     0.000000
742      0.668035     1.147539     0.000000
743      0.682433     1.209140     0.000000
744      0.696830     1.270741     0.000000
745      0.714587     1.346716     0.000000
746      0.732343     1.422690     0.000000
747      0.753460     1.513038     0.000000
748      0.774576     1.603387     0.000000
749      0.799051     1.708108     0.000000
750      0.823526     1.812830     0.000000
751      0.851361     1.931925     0.000000
752      0.879196     2.051021     0.000000
753      0.910390     2.184490     0.000000
754      0.941584     2.317959     0.000000
755      0.976138     2.465801     0.000000
756      1.010692     2.613643     0.000000
757      0.506983     0.967338     0.000000
758      0.510503     0.986147     0.000000
759      0.514024     1.004956     0.000000
760      0.520283     1.038395     0.000000
761      0.526542     1.071834     0.000000
762      0.535540     1.119902     0.000000
763      0.544537     1.167971     0.000000
764      0.556273     1.230668     0.000000
765      0.568008     1.293366     0.000000
766      0.582483     1.370694     0.000000
767      0.596957     1.448021     0.000000
768      0.614169     1.539978     0.000000
769      0.631381     1.631934     0.000000
770      0.651332     1.738521     0.000000
771      0.671283     1.845107     0.000000
772      0.693972     1.966323     0.000000
773      0.716661     2.087539     0.000000
774      0.742088     2.223384     0.000000
775      0.767516     2.359229     0.000000
776      0.795681     2.509704     0.000000
777      0.823847     2.660179     0.000000
778      0.384774     0.981319     0.000000
779      0.387446     1.000400     0.000000
780      0.390118     1.019482     0.000000
781      0.394868     1.053404     0.000000
782      0.399618     1.087326     0.000000
783      0.406447     1.136089     0.000000
784      0.413275     1.184852     0.000000
785      0.422182     1.248456     0.000000
786      0.431089     1.312060     0.000000
787      0.442074     1.390505     0.000000
788      0.453059     1.468950     0.000000
789      0.466122     1.562236     0.000000
790      0.479186     1.655522     0.000000
791      0.494327     1.763649     0.000000
792      0.509469     1.871775     0.000000
793      0.526688     1.994743     0.000000
794      0.543908     2.117711     0.000000
795      0.563206     2.255520     0.000000
796      0.582504     2.393328     0.000000
797      0.603881     2.545978     0.000000
798      0.625257     2.698628     0.000000
799      0.261052     0.991445     0.000000
800      0.262865     1.010723     0.000000
801      0.264678     1.030001     0.000000
802      0.267901     1.064273     0.000000
803      0.271124     1.098545     0.000000
804      0.275757     1.147812     0.000000
805      0.280390     1.197078     0.000000
806      0.286432     1.261338     0.000000
807      0.292475     1.325598     0.000000
808      0.299928     1.404853     0.000000
809      0.307381     1.484107     0.000000
810      0.316244     1.578356     0.000000
811      0.325107     1.672604     0.000000
812      0.335380     1.781847     0.000000
813      0.345653     1.891089     0.000000
814      0.357336     2.015326     0.000000
815      0.369018     2.139562     0.000000
816      0.382111     2.278793     0.000000
817      0.395204     2.418024     0.000000
818      0.409707     2.572249     0.000000
819      0.424210     2.726473     0.000000
820      0.130806     0.997859     0.000000
821      0.131715     1.017262     0.000000
822      0.132623     1.036665     0.000000
823      0.134238     1.071158     0.000000
824      0.135853     1.105652     0.000000
825      0.138174     1.155237     0.000000
826      0.140496     1.204822     0.000000
827      0.143524     1.269498     0.000000
828      0.146551     1.334174     0.000000
829      0.150286     1.413941     0.000000
830      0.154020     1.493709     0.000000
831      0.158461     1.588567     0.000000
832      0.162902     1.683425     0.000000
833      0.168050     1.793374     0.000000
834      0.173197     1.903324     0.000000
835      0.179051     2.028364     0.000000
836      0.184905     2.153404     0.000000
837      0.191466     2.293536     0.000000
838      0.198026     2.433667     0.000000
839      0.205293     2.588890     0.000000
840      0.212560     2.744112     0.000000
841      0.000000     1.000000     0.000000
842      0.000000     1.019444     0.000000
843      0.000000     1.038889     0.000000
844      0.000000     1.073457     0.000000
845      0.000000     1.108025     0.000000
846      0.000000     1.157716     0.000000
847      0.000000     1.207407     0.000000
848      0.000000     1.272222     0.000000
849      0.000000     1.337037     0.000000
850      0.000000     1.416975     0.000000
851      0.000000     1.496914     0.000000
852      0.000000     1.591975     0.000000
853      0.000000     1.687037     0.000000
854      0.000000     1.797222     0.000000
855      0.000000     1.907407     0.000000
856      0.000000     2.032716     0.000000
857      0.000000     2.158025     0.000000
858      0.000000     2.298457     0.000000
859      0.000000     2.438889     0.000000
860      0.000000     2.594444     0.000000
861      0.000000     2.750000     0.000000


%NODE.SUPPORT
42
1	0	1	0	0	0	0
2	0	1	0	0	0	0
3	0	1	0	0	0	0
4	0	1	0	0	0	0
5	0	1	0	0	0	0
6	0	1	0	0	0	0
7	0	1	0	0	0	0
8	0	1	0	0	0	0
9	0	1	0	0	0	0
10	0	1	0	0	0	0
11	0	1	0	0	0	0
12	0	1	0	0	0	0
13	0	1	0	0	0	0
14	0	1	0	0	0	0
15	0	1	0	0	0	0
16	0	1	0	0	0	0
17	0	1	0	0	0	0
18	0	1	0	0	0	0
19	0	1	0	0	0	0
20	0	1	0	0	0	0
21	0	1	0	0	0	0
841	1	0	0	0	0	0
842	1	0	0	0	0	0
843	1	0	0	0	0	0
844	1	0	0	0	0	0
845	1	0	0	0	0	0
846	1	0	0	0	0	0
847	1	0	0	0	0	0
848	1	0	0	0	0	0
849	1	0	0	0	0	0
850	1	0	0	0	0	0
851	1	0	0	0	0	0
852	1	0	0	0	0	0
853	1	0	0	0	0	0
854	1	0	0	0	0	0
855	1	0	0	0	0	0
856	1	0	0	0	0	0
857	1	0	0	0	0	0
858	1	0	0	0	0	0
859	1	0	0	0	0	0
860	1	0	0	0	0	0
861	1	0	0	0	0	0

%MATERIAL
1

%MATERIAL.ISOTROPIC
1
1	210000	0.3

%SECTION
1

%SECTION.HOMOGENEOUS.ISOTROPIC.2D
1
1	1	0.1

%INTEGRATION.ORDER
1
1	2	1	1	2	1	1

%ELEMENT
400

%ELEMENT.PLSTRESS.T6
400
1    1   1     1   2   3  23  43  22
2    1   1     3  24  45  44  43  23
3    1   1    43  44  45  65  85  64
4    1   1    45  66  87  86  85  65
5    1   1    85  86  87 107 127 106
6    1   1    87 108 129 128 127 107
7    1   1   127 128 129 149 169 148
8    1   1   129 150 171 170 169 149
9    1   1   169 170 171 191 211 190
10   1   1   171 192 213 212 211 191
11   1   1   211 212 213 233 253 232
12   1   1   213 234 255 254 253 233
13   1   1   253 254 255 275 295 274
14   1   1   255 276 297 296 295 275
15   1   1   295 296 297 317 337 316
16   1   1   297 318 339 338 337 317
17   1   1   337 338 339 359 379 358
18   1   1   339 360 381 380 379 359
19   1   1   379 380 381 401 421 400
20   1   1   381 402 423 422 421 401
21   1   1   421 422 423 443 463 442
22   1   1   423 444 465 464 463 443
23   1   1   463 464 465 485 505 484
24   1   1   465 486 507 506 505 485
25   1   1   505 506 507 527 547 526
26   1   1   507 528 549 548 547 527
27   1   1   547 548 549 569 589 568
28   1   1   549 570 591 590 589 569
29   1   1   589 590 591 611 631 610
30   1   1   591 612 633 632 631 611
31   1   1   631 632 633 653 673 652
32   1   1   633 654 675 674 673 653
33   1   1   673 674 675 695 715 694
34   1   1   675 696 717 716 715 695
35   1   1   715 716 717 737 757 736
36   1   1   717 738 759 758 757 737
37   1   1   757 758 759 779 799 778
38   1   1   759 780 801 800 799 779
39   1   1   799 800 801 821 841 820
40   1   1   801 822 843 842 841 821
41   1   1     3   4   5  25  45  24
42   1   1     5  26  47  46  45  25
43   1   1    45  46  47  67  87  66
44   1   1    47  68  89  88  87  67
45   1   1    87  88  89 109 129 108
46   1   1    89 110 131 130 129 109
47   1   1   129 130 131 151 171 150
48   1   1   131 152 173 172 171 151
49   1   1   171 172 173 193 213 192
50   1   1   173 194 215 214 213 193
51   1   1   213 214 215 235 255 234
52   1   1   215 236 257 256 255 235
53   1   1   255 256 257 277 297 276
54   1   1   257 278 299 298 297 277
55   1   1   297 298 299 319 339 318
56   1   1   299 320 341 340 339 319
57   1   1   339 340 341 361 381 360
58   1   1   341 362 383 382 381 361
59   1   1   381 382 383 403 423 402
60   1   1   383 404 425 424 423 403
61   1   1   423 424 425 445 465 444
62   1   1   425 446 467 466 465 445
63   1   1   465 466 467 487 507 486
64   1   1   467 488 509 508 507 487
65   1   1   507 508 509 529 549 528
66   1   1   509 530 551 550 549 529
67   1   1   549 550 551 571 591 570
68   1   1   551 572 593 592 591 571
69   1   1   591 592 593 613 633 612
70   1   1   593 614 635 634 633 613
71   1   1   633 634 635 655 675 654
72   1   1   635 656 677 676 675 655
73   1   1   675 676 677 697 717 696
74   1   1   677 698 719 718 717 697
75   1   1   717 718 719 739 759 738
76   1   1   719 740 761 760 759 739
77   1   1   759 760 761 781 801 780
78   1   1   761 782 803 802 801 781
79   1   1   801 802 803 823 843 822
80   1   1   803 824 845 844 843 823
81   1   1     5   6   7  27  47  26
82   1   1     7  28  49  48  47  27
83   1   1    47  48  49  69  89  68
84   1   1    49  70  91  90  89  69
85   1   1    89  90  91 111 131 110
86   1   1    91 112 133 132 131 111
87   1   1   131 132 133 153 173 152
88   1   1   133 154 175 174 173 153
89   1   1   173 174 175 195 215 194
90   1   1   175 196 217 216 215 195
91   1   1   215 216 217 237 257 236
92   1   1   217 238 259 258 257 237
93   1   1   257 258 259 279 299 278
94   1   1   259 280 301 300 299 279
95   1   1   299 300 301 321 341 320
96   1   1   301 322 343 342 341 321
97   1   1   341 342 343 363 383 362
98   1   1   343 364 385 384 383 363
99   1   1   383 384 385 405 425 404
100  1   1   385 406 427 426 425 405
101  1   1   425 426 427 447 467 446
102  1   1   427 448 469 468 467 447
103  1   1   467 468 469 489 509 488
104  1   1   469 490 511 510 509 489
105  1   1   509 510 511 531 551 530
106  1   1   511 532 553 552 551 531
107  1   1   551 552 553 573 593 572
108  1   1   553 574 595 594 593 573
109  1   1   593 594 595 615 635 614
110  1   1   595 616 637 636 635 615
111  1   1   635 636 637 657 677 656
112  1   1   637 658 679 678 677 657
113  1   1   677 678 679 699 719 698
114  1   1   679 700 721 720 719 699
115  1   1   719 720 721 741 761 740
116  1   1   721 742 763 762 761 741
117  1   1   761 762 763 783 803 782
118  1   1   763 784 805 804 803 783
119  1   1   803 804 805 825 845 824
120  1   1   805 826 847 846 845 825
121  1   1     7   8   9  29  49  28
122  1   1     9  30  51  50  49  29
123  1   1    49  50  51  71  91  70
124  1   1    51  72  93  92  91  71
125  1   1    91  92  93 113 133 112
126  1   1    93 114 135 134 133 113
127  1   1   133 134 135 155 175 154
128  1   1   135 156 177 176 175 155
129  1   1   175 176 177 197 217 196
130  1   1   177 198 219 218 217 197
131  1   1   217 218 219 239 259 238
132  1   1   219 240 261 260 259 239
133  1   1   259 260 261 281 301 280
134  1   1   261 282 303 302 301 281
135  1   1   301 302 303 323 343 322
136  1   1   303 324 345 344 343 323
137  1   1   343 344 345 365 385 364
138  1   1   345 366 387 386 385 365
139  1   1   385 386 387 407 427 406
140  1   1   387 408 429 428 427 407
141  1   1   427 428 429 449 469 448
142  1   1   429 450 471 470 469 449
143  1   1   469 470 471 491 511 490
144  1   1   471 492 513 512 511 491
145  1   1   511 512 513 533 553 532
146  1   1   513 534 555 554 553 533
147  1   1   553 554 555 575 595 574
148  1   1   555 576 597 596 595 575
149  1   1   595 596 597 617 637 616
150  1   1   597 618 639 638 637 617
151  1   1   637 638 639 659 679 658
152  1   1   639 660 681 680 679 659
153  1   1   679 680 681 701 721 700
154  1   1   681 702 723 722 721 701
155  1   1   721 722 723 743 763 742
156  1   1   723 744 765 764 763 743
157  1   1   763 764 765 785 805 784
158  1   1   765 786 807 806 805 785
159  1   1   805 806 807 827 847 826
160  1   1   807 828 849 848 847 827
161  1   1     9  10  11  31  51  30
162  1   1    11  32  53  52  51  31
163  1   1    51  52  53  73  93  72
164  1   1    53  74  95  94  93  73
165  1   1    93  94  95 115 135 114
166  1   1    95 116 137 136 135 115
167  1   1   135 136 137 157 177 156
168  1   1   137 158 179 178 177 157
169  1   1   177 178 179 199 219 198
170  1   1   179 200 221 220 219 199
171  1   1   219 220 221 241 261 240
172  1   1   221 242 263 262 261 241
173  1   1   261 262 263 283 303 282
174  1   1   263 284 305 304 303 283
175  1   1   303 304 305 325 345 324
176  1   1   305 326 347 346 345 325
177  1   1   345 346 347 367 387 366
178  1   1   347 368 389 388 387 367
179  1   1   387 388 389 409 429 408
180  1   1   389 410 431 430 429 409
181  1   1   429 430 431 451 471 450
182  1   1   431 452 473 472 471 451
183  1   1   471 472 473 493 513 492
184  1   1   473 494 515 514 513 493
185  1   1   513 514 515 535 555 534
186  1   1   515 536 557 556 555 535
187  1   1   555 556 557 577 597 576
188  1   1   557 578 599 598 597 577
189  1   1   597 598 599 619 639 618
190  1   1   599 620 641 640 639 619
191  1   1   639 640 641 661 681 660
192  1   1   641 662 683 682 681 661
193  1   1   681 682 683 703 723 702
194  1   1   683 704 725 724 723 703
195  1   1   723 724 725 745 765 744
196  1   1   725 746 767 766 765 745
197  1   1   765 766 767 787 807 786
198  1   1   767 788 809 808 807 787
199  1   1   807 808 809 829 849 828
200  1   1   809 830 851 850 849 829
201  1   1    11  12  13  33  53  32
202  1   1    13  34  55  54  53  33
203  1   1    53  54  55  75  95  74
204  1   1    55  76  97  96  95  75
205  1   1    95  96  97 117 137 116
206  1   1    97 118 139 138 137 117
207  1   1   137 138 139 159 179 158
208  1   1   139 160 181 180 179 159
209  1   1   179 180 181 201 221 200
210  1   1   181 202 223 222 221 201
211  1   1   221 222 223 243 263 242
212  1   1   223 244 265 264 263 243
213  1   1   263 264 265 285 305 284
214  1   1   265 286 307 306 305 285
215  1   1   305 306 307 327 347 326
216  1   1   307 328 349 348 347 327
217  1   1   347 348 349 369 389 368
218  1   1   349 370 391 390 389 369
219  1   1   389 390 391 411 431 410
220  1   1   391 412 433 432 431 411
221  1   1   431 432 433 453 473 452
222  1   1   433 454 475 474 473 453
223  1   1   473 474 475 495 515 494
224  1   1   475 496 517 516 515 495
225  1   1   515 516 517 537 557 536
226  1   1   517 538 559 558 557 537
227  1   1   557 558 559 579 599 578
228  1   1   559 580 601 600 599 579
229  1   1   599 600 601 621 641 620
230  1   1   601 622 643 642 641 621
231  1   1   641 642 643 663 683 662
232  1   1   643 664 685 684 683 663
233  1   1   683 684 685 705 725 704
234  1   1   685 706 727 726 725 705
235  1   1   725 726 727 747 767 746
236  1   1   727 748 769 768 767 747
237  1   1   767 768 769 789 809 788
238  1   1   769 790 811 810 809 789
239  1   1   809 810 811 831 851 830
240  1   1   811 832 853 852 851 831
241  1   1    13  14  15  35  55  34
242  1   1    15  36  57  56  55  35
243  1   1    55  56  57  77  97  76
244  1   1    57  78  99  98  97  77
245  1   1    97  98  99 119 139 118
246  1   1    99 120 141 140 139 119
247  1   1   139 140 141 161 181 160
248  1   1   141 162 183 182 181 161
249  1   1   181 182 183 203 223 202
250  1   1   183 204 225 224 223 203
251  1   1   223 224 225 245 265 244
252  1   1   225 246 267 266 265 245
253  1   1   265 266 267 287 307 286
254  1   1   267 288 309 308 307 287
255  1   1   307 308 309 329 349 328
256  1   1   309 330 351 350 349 329
257  1   1   349 350 351 371 391 370
258  1   1   351 372 393 392 391 371
259  1   1   391 392 393 413 433 412
260  1   1   393 414 435 434 433 413
261  1   1   433 434 435 455 475 454
262  1   1   435 456 477 476 475 455
263  1   1   475 476 477 497 517 496
264  1   1   477 498 519 518 517 497
265  1   1   517 518 519 539 559 538
266  1   1   519 540 561 560 559 539
267  1   1   559 560 561 581 601 580
268  1   1   561 582 603 602 601 581
269  1   1   601 602 603 623 643 622
270  1   1   603 624 645 644 643 623
271  1   1   643 644 645 665 685 664
272  1   1   645 666 687 686 685 665
273  1   1   685 686 687 707 727 706
274  1   1   687 708 729 728 727 707
275  1   1   727 728 729 749 769 748
276  1   1   729 750 771 770 769 749
277  1   1   769 770 771 791 811 790
278  1   1   771 792 813 812 811 791
279  1   1   811 812 813 833 853 832
280  1   1   813 834 855 854 853 833
281  1   1    15  16  17  37  57  36
282  1   1    17  38  59  58  57  37
283  1   1    57  58  59  79  99  78
284  1   1    59  80 101 100  99  79
285  1   1    99 100 101 121 141 120
286  1   1   101 122 143 142 141 121
287  1   1   141 142 143 163 183 162
288  1   1   143 164 185 184 183 163
289  1   1   183 184 185 205 225 204
290  1   1   185 206 227 226 225 205
291  1   1   225 226 227 247 267 246
292  1   1   227 248 269 268 267 247
293  1   1   267 268 269 289 309 288
294  1   1   269 290 311 310 309 289
295  1   1   309 310 311 331 351 330
296  1   1   311 332 353 352 351 331
297  1   1   351 352 353 373 393 372
298  1   1   353 374 395 394 393 373
299  1   1   393 394 395 415 435 414
300  1   1   395 416 437 436 435 415
301  1   1   435 436 437 457 477 456
302  1   1   437 458 479 478 477 457
303  1   1   477 478 479 499 519 498
304  1   1   479 500 521 520 519 499
305  1   1   519 520 521 541 561 540
306  1   1   521 542 563 562 561 541
307  1   1   561 562 563 583 603 582
308  1   1   563 584 605 604 603 583
309  1   1   603 604 605 625 645 624
310  1   1   605 626 647 646 645 625
311  1   1   645 646 647 667 687 666
312  1   1   647 668 689 688 687 667
313  1   1   687 688 689 709 729 708
314  1   1   689 710 731 730 729 709
315  1   1   729 730 731 751 771 750
316  1   1   731 752 773 772 771 751
317  1   1   771 772 773 793 813 792
318  1   1   773 794 815 814 813 793
319  1   1   813 814 815 835 855 834
320  1   1   815 836 857 856 855 835
321  1   1    17  18  19  39  59  38
322  1   1    19  40  61  60  59  39
323  1   1    59  60  61  81 101  80
324  1   1    61  82 103 102 101  81
325  1   1   101 102 103 123 143 122
326  1   1   103 124 145 144 143 123
327  1   1   143 144 145 165 185 164
328  1   1   145 166 187 186 185 165
329  1   1   185 186 187 207 227 206
330  1   1   187 208 229 228 227 207
331  1   1   227 228 229 249 269 248
332  1   1   229 250 271 270 269 249
333  1   1   269 270 271 291 311 290
334  1   1   271 292 313 312 311 291
335  1   1   311 312 313 333 353 332
336  1   1   313 334 355 354 353 333
337  1   1   353 354 355 375 395 374
338  1   1   355 376 397 396 395 375
339  1   1   395 396 397 417 437 416
340  1   1   397 418 439 438 437 417
341  1   1   437 438 439 459 479 458
342  1   1   439 460 481 480 479 459
343  1   1   479 480 481 501 521 500
344  1   1   481 502 523 522 521 501
345  1   1   521 522 523 543 563 542
346  1   1   523 544 565 564 563 543
347  1   1   563 564 565 585 605 584
348  1   1   565 586 607 606 605 585
349  1   1   605 606 607 627 647 626
350  1   1   607 628 649 648 647 627
351  1   1   647 648 649 669 689 668
352  1   1   649 670 691 690 689 669
353  1   1   689 690 691 711 731 710
354  1   1   691 712 733 732 731 711
355  1   1   731 732 733 753 773 752
356  1   1   733 754 775 774 773 753
357  1   1   773 774 775 795 815 794
358  1   1   775 796 817 816 815 795
359  1   1   815 816 817 837 857 836
360  1   1   817 838 859 858 857 837
361  1   1    19  20  21  41  61  40
362  1   1    21  42  63  62  61  41
363  1   1    61  62  63  83 103  82
364  1   1    63  84 105 104 103  83
365  1   1   103 104 105 125 145 124
366  1   1   105 126 147 146 145 125
367  1   1   145 146 147 167 187 166
368  1   1   147 168 189 188 187 167
369  1   1   187 188 189 209 229 208
370  1   1   189 210 231 230 229 209
371  1   1   229 230 231 251 271 250
372  1   1   231 252 273 272 271 251
373  1   1   271 272 273 293 313 292
374  1   1   273 294 315 314 313 293
375  1   1   313 314 315 335 355 334
376  1   1   315 336 357 356 355 335
377  1   1   355 356 357 377 397 376
378  1   1   357 378 399 398 397 377
379  1   1   397 398 399 419 439 418
380  1   1   399 420 441 440 439 419
381  1   1   439 440 441 461 481 460
382  1   1   441 462 483 482 481 461
383  1   1   481 482 483 503 523 502
384  1   1   483 504 525 524 523 503
385  1   1   523 524 525 545 565 544
386  1   1   525 546 567 566 565 545
387  1   1   565 566 567 587 607 586
388  1   1   567 588 609 608 607 587
389  1   1   607 608 609 629 649 628
390  1   1   609 630 651 650 649 629
391  1   1   649 650 651 671 691 670
392  1   1   651 672 693 692 691 671
393  1   1   691 692 693 713 733 712
394  1   1   693 714 735 734 733 713
395  1   1   733 734 735 755 775 754
396  1   1   735 756 777 776 775 755
397  1   1   775 776 777 797 817 796
398  1   1   777 798 819 818 817 797
399  1   1   817 818 819 839 859 838
400  1   1   819 840 861 860 859 839

%LOAD
1
1	'Load_Case_1'

%LOAD.CASE
1

%LOAD.CASE.LINE.FORCE.UNIFORM
20
362	21	63	1
0	-1	0
364	63	105	1
0	-1	0
366	105	147	1
0	-1	0
368	147	189	1
0	-1	0
370	189	231	1
0	-1	0
372	231	273	1
0	-1	0
374	273	315	1
0	-1	0
376	315	357	1
0	-1	0
378	357	399	1
0	-1	0
380	399	441	1
0	-1	0
382	441	483	1
0	-1	0
384	483	525	1
0	-1	0
386	525	567	1
0	-1	0
388	567	609	1
0	-1	0
390	609	651	1
0	-1	0
392	651	693	1
0	-1	0
394	693	735	1
0	-1	0
396	735	777	1
0	-1	0
398	777	819	1
0	-1	0
400	819	861	1
0	-1	0


%END

