%HEADER
NAFEMS benchmark: 
Elliptical membrane with uniform local load (Q8 elements).
Expected maximum stress Syy = 92.7
Computed values at Node 1 - Element 1
'STRESS_XX'  'STRESS_YY'  'STRESS_XY'  
+1.09658e-01 +9.25102e+01 -3.14823e-01 

%HEADER.ANALYSIS.PROGRAM
'FAST'

%NODE
661

%NODE.COORD
661
   1     2.000000     0.000000     0.000000
   2     2.013889     0.000000     0.000000
   3     2.027778     0.000000     0.000000
   4     2.052469     0.000000     0.000000
   5     2.077160     0.000000     0.000000
   6     2.112654     0.000000     0.000000
   7     2.148148     0.000000     0.000000
   8     2.194444     0.000000     0.000000
   9     2.240741     0.000000     0.000000
  10     2.297840     0.000000     0.000000
  11     2.354938     0.000000     0.000000
  12     2.422840     0.000000     0.000000
  13     2.490741     0.000000     0.000000
  14     2.569444     0.000000     0.000000
  15     2.648148     0.000000     0.000000
  16     2.737654     0.000000     0.000000
  17     2.827160     0.000000     0.000000
  18     2.927469     0.000000     0.000000
  19     3.027778     0.000000     0.000000
  20     3.138889     0.000000     0.000000
  21     3.250000     0.000000     0.000000
  22     1.999829     0.013090     0.000000
  23     2.027604     0.013599     0.000000
  24     2.076983     0.014504     0.000000
  25     2.147964     0.015804     0.000000
  26     2.240549     0.017501     0.000000
  27     2.354737     0.019594     0.000000
  28     2.490527     0.022083     0.000000
  29     2.647921     0.024967     0.000000
  30     2.826918     0.028248     0.000000
  31     3.027518     0.031924     0.000000
  32     3.249722     0.035996     0.000000
  33     1.999315     0.026177     0.000000
  34     2.013199     0.026686     0.000000
  35     2.027083     0.027195     0.000000
  36     2.051766     0.028100     0.000000
  37     2.076449     0.029005     0.000000
  38     2.111930     0.030305     0.000000
  39     2.147412     0.031606     0.000000
  40     2.193692     0.033303     0.000000
  41     2.239973     0.035000     0.000000
  42     2.297052     0.037092     0.000000
  43     2.354131     0.039185     0.000000
  44     2.422009     0.041673     0.000000
  45     2.489887     0.044161     0.000000
  46     2.568564     0.047046     0.000000
  47     2.647241     0.049930     0.000000
  48     2.736716     0.053210     0.000000
  49     2.826192     0.056491     0.000000
  50     2.926466     0.060167     0.000000
  51     3.026740     0.063843     0.000000
  52     3.137813     0.067915     0.000000
  53     3.248886     0.071987     0.000000
  54     1.998234     0.042013     0.000000
  55     2.025987     0.043647     0.000000
  56     2.075326     0.046552     0.000000
  57     2.146251     0.050727     0.000000
  58     2.238762     0.056173     0.000000
  59     2.352859     0.062890     0.000000
  60     2.488542     0.070878     0.000000
  61     2.645810     0.080137     0.000000
  62     2.824664     0.090666     0.000000
  63     3.025104     0.102466     0.000000
  64     3.247130     0.115537     0.000000
  65     1.996652     0.057839     0.000000
  66     2.010517     0.058964     0.000000
  67     2.024383     0.060088     0.000000
  68     2.049033     0.062088     0.000000
  69     2.073683     0.064087     0.000000
  70     2.109118     0.066961     0.000000
  71     2.144552     0.069835     0.000000
  72     2.190771     0.073584     0.000000
  73     2.236990     0.077333     0.000000
  74     2.293993     0.081957     0.000000
  75     2.350996     0.086580     0.000000
  76     2.418783     0.092078     0.000000
  77     2.486571     0.097577     0.000000
  78     2.565143     0.103950     0.000000
  79     2.643715     0.110323     0.000000
  80     2.733071     0.117571     0.000000
  81     2.822428     0.124818     0.000000
  82     2.922568     0.132941     0.000000
  83     3.022709     0.141063     0.000000
  84     3.133634     0.150060     0.000000
  85     3.244559     0.159058     0.000000
  86     1.994155     0.076398     0.000000
  87     2.021851     0.079370     0.000000
  88     2.071090     0.084651     0.000000
  89     2.141870     0.092244     0.000000
  90     2.234192     0.102148     0.000000
  91     2.348056     0.114362     0.000000
  92     2.483461     0.128887     0.000000
  93     2.640409     0.145723     0.000000
  94     2.818898     0.164870     0.000000
  95     3.018929     0.186327     0.000000
  96     3.240501     0.210096     0.000000
  97     1.990968     0.094931     0.000000
  98     2.004794     0.096777     0.000000
  99     2.018620     0.098623     0.000000
 100     2.043200     0.101905     0.000000
 101     2.067780     0.105186     0.000000
 102     2.103113     0.109904     0.000000
 103     2.138447     0.114621     0.000000
 104     2.184534     0.120774     0.000000
 105     2.230621     0.126927     0.000000
 106     2.287462     0.134515     0.000000
 107     2.344303     0.142104     0.000000
 108     2.411898     0.151128     0.000000
 109     2.479492     0.160153     0.000000
 110     2.557840     0.170613     0.000000
 111     2.636189     0.181073     0.000000
 112     2.725291     0.192968     0.000000
 113     2.814393     0.204864     0.000000
 114     2.914248     0.218196     0.000000
 115     3.014104     0.231527     0.000000
 116     3.124713     0.246294     0.000000
 117     3.235322     0.261061     0.000000
 118     1.986459     0.116169     0.000000
 119     2.014049     0.120687     0.000000
 120     2.063097     0.128718     0.000000
 121     2.133604     0.140263     0.000000
 122     2.225570     0.155322     0.000000
 123     2.338994     0.173895     0.000000
 124     2.473877     0.195981     0.000000
 125     2.630219     0.221582     0.000000
 126     2.808019     0.250695     0.000000
 127     3.007278     0.283323     0.000000
 128     3.227996     0.319465     0.000000
 129     1.981044     0.137354     0.000000
 130     1.994801     0.140024     0.000000
 131     2.008559     0.142695     0.000000
 132     2.033016     0.147443     0.000000
 133     2.057473     0.152191     0.000000
 134     2.092631     0.159016     0.000000
 135     2.127788     0.165842     0.000000
 136     2.173646     0.174744     0.000000
 137     2.219503     0.183647     0.000000
 138     2.276061     0.194627     0.000000
 139     2.332618     0.205606     0.000000
 140     2.399876     0.218663     0.000000
 141     2.467134     0.231721     0.000000
 142     2.545091     0.246855     0.000000
 143     2.623049     0.261989     0.000000
 144     2.711707     0.279201     0.000000
 145     2.800365     0.296412     0.000000
 146     2.899723     0.315701     0.000000
 147     2.999081     0.334990     0.000000
 148     3.109139     0.356356     0.000000
 149     3.219197     0.377722     0.000000
 150     1.973845     0.161196     0.000000
 151     2.001259     0.167465     0.000000
 152     2.049996     0.178609     0.000000
 153     2.120056     0.194629     0.000000
 154     2.211437     0.215525     0.000000
 155     2.324141     0.241296     0.000000
 156     2.458168     0.271943     0.000000
 157     2.613517     0.307466     0.000000
 158     2.790188     0.347865     0.000000
 159     2.988182     0.393139     0.000000
 160     3.207498     0.443289     0.000000
 161     1.965498     0.184944     0.000000
 162     1.979147     0.188541     0.000000
 163     1.992797     0.192137     0.000000
 164     2.017062     0.198530     0.000000
 165     2.041327     0.204923     0.000000
 166     2.076209     0.214113     0.000000
 167     2.111090     0.223303     0.000000
 168     2.156588     0.235290     0.000000
 169     2.202086     0.247278     0.000000
 170     2.258199     0.262062     0.000000
 171     2.314313     0.276846     0.000000
 172     2.381043     0.294427     0.000000
 173     2.447773     0.312008     0.000000
 174     2.525119     0.332386     0.000000
 175     2.602465     0.352764     0.000000
 176     2.690427     0.375940     0.000000
 177     2.778389     0.399115     0.000000
 178     2.876967     0.425087     0.000000
 179     2.975546     0.451059     0.000000
 180     3.084740     0.479828     0.000000
 181     3.193934     0.508597     0.000000
 182     1.954851     0.211280     0.000000
 183     1.982002     0.219496     0.000000
 184     2.030270     0.234103     0.000000
 185     2.099655     0.255101     0.000000
 186     2.190157     0.282489     0.000000
 187     2.301777     0.316268     0.000000
 188     2.434514     0.356437     0.000000
 189     2.588368     0.402997     0.000000
 190     2.763339     0.455947     0.000000
 191     2.959428     0.515288     0.000000
 192     3.176633     0.581020     0.000000
 193     1.942793     0.237463     0.000000
 194     1.956285     0.242080     0.000000
 195     1.969776     0.246697     0.000000
 196     1.993762     0.254906     0.000000
 197     2.017747     0.263115     0.000000
 198     2.052225     0.274915     0.000000
 199     2.086704     0.286714     0.000000
 200     2.131676     0.302105     0.000000
 201     2.176648     0.317497     0.000000
 202     2.232114     0.336479     0.000000
 203     2.287579     0.355461     0.000000
 204     2.353538     0.378035     0.000000
 205     2.419497     0.400609     0.000000
 206     2.495950     0.426773     0.000000
 207     2.572402     0.452938     0.000000
 208     2.659348     0.482694     0.000000
 209     2.746294     0.512451     0.000000
 210     2.843734     0.545798     0.000000
 211     2.941173     0.579145     0.000000
 212     3.049106     0.616084     0.000000
 213     3.157039     0.653023     0.000000
 214     1.927873     0.266132     0.000000
 215     1.954649     0.276481     0.000000
 216     2.002251     0.294881     0.000000
 217     2.070679     0.321329     0.000000
 218     2.159932     0.355828     0.000000
 219     2.270011     0.398376     0.000000
 220     2.400916     0.448974     0.000000
 221     2.552647     0.507622     0.000000
 222     2.725204     0.574319     0.000000
 223     2.918586     0.649066     0.000000
 224     3.132794     0.731862     0.000000
 225     1.911262     0.294567     0.000000
 226     1.924534     0.300295     0.000000
 227     1.937807     0.306022     0.000000
 228     1.961403     0.316205     0.000000
 229     1.984999     0.326388     0.000000
 230     2.018918     0.341025     0.000000
 231     2.052837     0.355662     0.000000
 232     2.097079     0.374755     0.000000
 233     2.141321     0.393847     0.000000
 234     2.195886     0.417394     0.000000
 235     2.250452     0.440941     0.000000
 236     2.315340     0.468944     0.000000
 237     2.380229     0.496946     0.000000
 238     2.455440     0.529402     0.000000
 239     2.530652     0.561859     0.000000
 240     2.616187     0.598771     0.000000
 241     2.701722     0.635683     0.000000
 242     2.797580     0.677050     0.000000
 243     2.893438     0.718416     0.000000
 244     2.999619     0.764238     0.000000
 245     3.105800     0.810059     0.000000
 246     1.891187     0.325351     0.000000
 247     1.917453     0.338004     0.000000
 248     1.964149     0.360497     0.000000
 249     2.031275     0.392831     0.000000
 250     2.118829     0.435006     0.000000
 251     2.226814     0.487022     0.000000
 252     2.355228     0.548879     0.000000
 253     2.504071     0.620577     0.000000
 254     2.673344     0.702116     0.000000
 255     2.863046     0.793495     0.000000
 256     3.073178     0.894715     0.000000
 257     1.869129     0.355794     0.000000
 258     1.882109     0.362712     0.000000
 259     1.895089     0.369630     0.000000
 260     1.918165     0.381929     0.000000
 261     1.941240     0.394228     0.000000
 262     1.974412     0.411908     0.000000
 263     2.007583     0.429588     0.000000
 264     2.050850     0.452649     0.000000
 265     2.094117     0.475710     0.000000
 266     2.147479     0.504151     0.000000
 267     2.200842     0.532593     0.000000
 268     2.264300     0.566415     0.000000
 269     2.327758     0.600237     0.000000
 270     2.401311     0.639441     0.000000
 271     2.474865     0.678644     0.000000
 272     2.558514     0.723228     0.000000
 273     2.642164     0.767812     0.000000
 274     2.735909     0.817777     0.000000
 275     2.829654     0.867742     0.000000
 276     2.933494     0.923087     0.000000
 277     3.037335     0.978433     0.000000
 278     1.842978     0.388405     0.000000
 279     1.868575     0.403509     0.000000
 280     1.914080     0.430362     0.000000
 281     1.979495     0.468963     0.000000
 282     2.064818     0.519311     0.000000
 283     2.170050     0.581408     0.000000
 284     2.295190     0.655253     0.000000
 285     2.440239     0.740846     0.000000
 286     2.605197     0.838187     0.000000
 287     2.790064     0.947276     0.000000
 288     2.994839     1.068113     0.000000
 289     1.814552     0.420536     0.000000
 290     1.827153     0.428713     0.000000
 291     1.839754     0.436890     0.000000
 292     1.862156     0.451427     0.000000
 293     1.884558     0.465964     0.000000
 294     1.916760     0.486861     0.000000
 295     1.948963     0.507758     0.000000
 296     1.990967     0.535015     0.000000
 297     2.032970     0.562272     0.000000
 298     2.084774     0.595889     0.000000
 299     2.136579     0.629506     0.000000
 300     2.198184     0.669483     0.000000
 301     2.259789     0.709460     0.000000
 302     2.331195     0.755796     0.000000
 303     2.402601     0.802133     0.000000
 304     2.483808     0.854830     0.000000
 305     2.565015     0.907527     0.000000
 306     2.656022     0.966583     0.000000
 307     2.747030     1.025640     0.000000
 308     2.847838     1.091057     0.000000
 309     2.948647     1.156474     0.000000
 310     1.781387     0.454604     0.000000
 311     1.806129     0.472283     0.000000
 312     1.850113     0.503713     0.000000
 313     1.913342     0.548893     0.000000
 314     1.995813     0.607823     0.000000
 315     2.097528     0.680503     0.000000
 316     2.218487     0.766934     0.000000
 317     2.358688     0.867116     0.000000
 318     2.518134     0.981047     0.000000
 319     2.696822     1.108729     0.000000
 320     2.894754     1.250162     0.000000
 321     1.745665     0.488020     0.000000
 322     1.757788     0.497509     0.000000
 323     1.769910     0.506999     0.000000
 324     1.791462     0.523868     0.000000
 325     1.813013     0.540738     0.000000
 326     1.843993     0.564989     0.000000
 327     1.874973     0.589239     0.000000
 328     1.915382     0.620870     0.000000
 329     1.955791     0.652501     0.000000
 330     2.005629     0.691512     0.000000
 331     2.055467     0.730524     0.000000
 332     2.114733     0.776916     0.000000
 333     2.173999     0.823308     0.000000
 334     2.242694     0.877080     0.000000
 335     2.311390     0.930853     0.000000
 336     2.389513     0.992006     0.000000
 337     2.467637     1.053159     0.000000
 338     2.555190     1.121693     0.000000
 339     2.642743     1.190227     0.000000
 340     2.739724     1.266141     0.000000
 341     2.836705     1.342055     0.000000
 342     1.704560     0.523086     0.000000
 343     1.728234     0.543428     0.000000
 344     1.770322     0.579592     0.000000
 345     1.830824     0.631578     0.000000
 346     1.909738     0.699385     0.000000
 347     2.007067     0.783014     0.000000
 348     2.122808     0.882465     0.000000
 349     2.256964     0.997738     0.000000
 350     2.409532     1.128832     0.000000
 351     2.580514     1.275748     0.000000
 352     2.769910     1.438486     0.000000
 353     1.660639     0.557288     0.000000
 354     1.672171     0.568124     0.000000
 355     1.683704     0.578960     0.000000
 356     1.704205     0.598224     0.000000
 357     1.724707     0.617488     0.000000
 358     1.754178     0.645181     0.000000
 359     1.783649     0.672873     0.000000
 360     1.822090     0.708994     0.000000
 361     1.860531     0.745114     0.000000
 362     1.907941     0.789663     0.000000
 363     1.955351     0.834211     0.000000
 364     2.011731     0.887188     0.000000
 365     2.068111     0.940165     0.000000
 366     2.133460     1.001570     0.000000
 367     2.198809     1.062974     0.000000
 368     2.273128     1.132807     0.000000
 369     2.347447     1.202640     0.000000
 370     2.430735     1.280901     0.000000
 371     2.514023     1.359162     0.000000
 372     2.606281     1.445852     0.000000
 373     2.698539     1.532541     0.000000
 374     1.610714     0.592790     0.000000
 375     1.633085     0.615843     0.000000
 376     1.672856     0.656826     0.000000
 377     1.730026     0.715739     0.000000
 378     1.804596     0.792583     0.000000
 379     1.896566     0.887356     0.000000
 380     2.005935     1.000059     0.000000
 381     2.132704     1.130692     0.000000
 382     2.276873     1.279256     0.000000
 383     2.438442     1.445750     0.000000
 384     2.617410     1.630173     0.000000
 385     1.557755     0.627176     0.000000
 386     1.568572     0.639371     0.000000
 387     1.579390     0.651567     0.000000
 388     1.598622     0.673247     0.000000
 389     1.617853     0.694927     0.000000
 390     1.645498     0.726092     0.000000
 391     1.673144     0.757257     0.000000
 392     1.709203     0.797908     0.000000
 393     1.745262     0.838558     0.000000
 394     1.789735     0.888693     0.000000
 395     1.834208     0.938829     0.000000
 396     1.887095     0.998449     0.000000
 397     1.939981     1.058070     0.000000
 398     2.001282     1.127175     0.000000
 399     2.062582     1.196281     0.000000
 400     2.132297     1.274871     0.000000
 401     2.202011     1.353462     0.000000
 402     2.280139     1.441538     0.000000
 403     2.358267     1.529613     0.000000
 404     2.444809     1.627174     0.000000
 405     2.531351     1.724735     0.000000
 406     1.498216     0.662448     0.000000
 407     1.519024     0.688210     0.000000
 408     1.556017     0.734009     0.000000
 409     1.609195     0.799845     0.000000
 410     1.678557     0.885718     0.000000
 411     1.764103     0.991627     0.000000
 412     1.865833     1.117574     0.000000
 413     1.983749     1.263558     0.000000
 414     2.117848     1.429579     0.000000
 415     2.268132     1.615637     0.000000
 416     2.434601     1.821732     0.000000
 417     1.435485     0.696308     0.000000
 418     1.445454     0.709848     0.000000
 419     1.455423     0.723387     0.000000
 420     1.473145     0.747457     0.000000
 421     1.490867     0.771527     0.000000
 422     1.516342     0.806128     0.000000
 423     1.541818     0.840728     0.000000
 424     1.575046     0.885859     0.000000
 425     1.608275     0.930990     0.000000
 426     1.649257     0.986652     0.000000
 427     1.690240     1.042314     0.000000
 428     1.738975     1.108506     0.000000
 429     1.787711     1.174698     0.000000
 430     1.844200     1.251421     0.000000
 431     1.900689     1.328144     0.000000
 432     1.964931     1.415397     0.000000
 433     2.029174     1.502651     0.000000
 434     2.101169     1.600435     0.000000
 435     2.173165     1.698219     0.000000
 436     2.252914     1.806534     0.000000
 437     2.332664     1.914848     0.000000
 438     1.365675     0.730570     0.000000
 439     1.384643     0.758981     0.000000
 440     1.418363     0.809490     0.000000
 441     1.466837     0.882096     0.000000
 442     1.530062     0.976799     0.000000
 443     1.608041     1.093600     0.000000
 444     1.700772     1.232499     0.000000
 445     1.808255     1.393495     0.000000
 446     1.930492     1.576588     0.000000
 447     2.067481     1.781779     0.000000
 448     2.219222     2.009068     0.000000
 449     1.292598     0.763084     0.000000
 450     1.301575     0.777922     0.000000
 451     1.310551     0.792760     0.000000
 452     1.326509     0.819138     0.000000
 453     1.342467     0.845516     0.000000
 454     1.365407     0.883435     0.000000
 455     1.388347     0.921353     0.000000
 456     1.418268     0.970813     0.000000
 457     1.448189     1.020272     0.000000
 458     1.485092     1.081271     0.000000
 459     1.521995     1.142271     0.000000
 460     1.565879     1.214811     0.000000
 461     1.609764     1.287351     0.000000
 462     1.660630     1.371432     0.000000
 463     1.711496     1.455512     0.000000
 464     1.769344     1.551133     0.000000
 465     1.827192     1.646754     0.000000
 466     1.892021     1.753916     0.000000
 467     1.956850     1.861077     0.000000
 468     2.028661     1.979779     0.000000
 469     2.100473     2.098481     0.000000
 470     1.212050     0.795446     0.000000
 471     1.228884     0.826380     0.000000
 472     1.258811     0.881373     0.000000
 473     1.301831     0.960427     0.000000
 474     1.357945     1.063540     0.000000
 475     1.427151     1.190713     0.000000
 476     1.509451     1.341946     0.000000
 477     1.604844     1.517239     0.000000
 478     1.713330     1.716591     0.000000
 479     1.834909     1.940004     0.000000
 480     1.969581     2.187476     0.000000
 481     1.128266     0.825684     0.000000
 482     1.136101     0.841739     0.000000
 483     1.143936     0.857794     0.000000
 484     1.157866     0.886336     0.000000
 485     1.171795     0.914878     0.000000
 486     1.191818     0.955908     0.000000
 487     1.211841     0.996937     0.000000
 488     1.237958     1.050453     0.000000
 489     1.264076     1.103970     0.000000
 490     1.296287     1.169974     0.000000
 491     1.328498     1.235978     0.000000
 492     1.366804     1.314468     0.000000
 493     1.405109     1.392959     0.000000
 494     1.449508     1.483938     0.000000
 495     1.493908     1.574916     0.000000
 496     1.544401     1.678381     0.000000
 497     1.594894     1.781846     0.000000
 498     1.651482     1.897799     0.000000
 499     1.708069     2.013751     0.000000
 500     1.770751     2.142191     0.000000
 501     1.833432     2.270631     0.000000
 502     1.036761     0.855150     0.000000
 503     1.051161     0.888406     0.000000
 504     1.076760     0.947527     0.000000
 505     1.113558     1.032515     0.000000
 506     1.161556     1.143367     0.000000
 507     1.220754     1.280086     0.000000
 508     1.291152     1.442670     0.000000
 509     1.372748     1.631120     0.000000
 510     1.465545     1.845435     0.000000
 511     1.569541     2.085616     0.000000
 512     1.684737     2.351663     0.000000
 513     0.942186     0.882084     0.000000
 514     0.948729     0.899235     0.000000
 515     0.955272     0.916387     0.000000
 516     0.966904     0.946879     0.000000
 517     0.978536     0.977370     0.000000
 518     0.995256     1.021202     0.000000
 519     1.011977     1.065034     0.000000
 520     1.033787     1.122206     0.000000
 521     1.055597     1.179378     0.000000
 522     1.082496     1.249891     0.000000
 523     1.109395     1.320403     0.000000
 524     1.141383     1.404255     0.000000
 525     1.173370     1.488108     0.000000
 526     1.210447     1.585300     0.000000
 527     1.247524     1.682493     0.000000
 528     1.289690     1.793025     0.000000
 529     1.331855     1.903558     0.000000
 530     1.379110     2.027431     0.000000
 531     1.426365     2.151304     0.000000
 532     1.478708     2.288517     0.000000
 533     1.531052     2.425730     0.000000
 534     0.839821     0.907565     0.000000
 535     0.851486     0.942860     0.000000
 536     0.872222     1.005605     0.000000
 537     0.902030     1.095801     0.000000
 538     0.940911     1.213449     0.000000
 539     0.988864     1.358547     0.000000
 540     1.045889     1.531097     0.000000
 541     1.111986     1.731097     0.000000
 542     1.187155     1.958549     0.000000
 543     1.271396     2.213451     0.000000
 544     1.364710     2.495805     0.000000
 545     0.734711     0.930081     0.000000
 546     0.739814     0.948165     0.000000
 547     0.744916     0.966250     0.000000
 548     0.753986     0.998401     0.000000
 549     0.763057     1.030552     0.000000
 550     0.776096     1.076769     0.000000
 551     0.789135     1.122986     0.000000
 552     0.806142     1.183269     0.000000
 553     0.823149     1.243552     0.000000
 554     0.844125     1.317901     0.000000
 555     0.865100     1.392250     0.000000
 556     0.890044     1.480665     0.000000
 557     0.914988     1.569080     0.000000
 558     0.943900     1.671561     0.000000
 559     0.972812     1.774042     0.000000
 560     1.005693     1.890590     0.000000
 561     1.038574     2.007137     0.000000
 562     1.075423     2.137750     0.000000
 563     1.112272     2.268363     0.000000
 564     1.153089     2.413042     0.000000
 565     1.193906     2.557721     0.000000
 566     0.621964     0.950416     0.000000
 567     0.630602     0.987376     0.000000
 568     0.645960     1.053084     0.000000
 569     0.668035     1.147539     0.000000
 570     0.696830     1.270741     0.000000
 571     0.732343     1.422690     0.000000
 572     0.774576     1.603387     0.000000
 573     0.823526     1.812830     0.000000
 574     0.879196     2.051021     0.000000
 575     0.941584     2.317959     0.000000
 576     1.010692     2.613643     0.000000
 577     0.506983     0.967338     0.000000
 578     0.510503     0.986147     0.000000
 579     0.514024     1.004956     0.000000
 580     0.520283     1.038395     0.000000
 581     0.526542     1.071834     0.000000
 582     0.535540     1.119902     0.000000
 583     0.544537     1.167971     0.000000
 584     0.556273     1.230668     0.000000
 585     0.568008     1.293366     0.000000
 586     0.582483     1.370694     0.000000
 587     0.596957     1.448021     0.000000
 588     0.614169     1.539978     0.000000
 589     0.631381     1.631934     0.000000
 590     0.651332     1.738521     0.000000
 591     0.671283     1.845107     0.000000
 592     0.693972     1.966323     0.000000
 593     0.716661     2.087539     0.000000
 594     0.742088     2.223384     0.000000
 595     0.767516     2.359229     0.000000
 596     0.795681     2.509704     0.000000
 597     0.823847     2.660179     0.000000
 598     0.384774     0.981319     0.000000
 599     0.390118     1.019482     0.000000
 600     0.399618     1.087326     0.000000
 601     0.413275     1.184852     0.000000
 602     0.431089     1.312060     0.000000
 603     0.453059     1.468950     0.000000
 604     0.479186     1.655522     0.000000
 605     0.509469     1.871775     0.000000
 606     0.543908     2.117711     0.000000
 607     0.582504     2.393328     0.000000
 608     0.625257     2.698628     0.000000
 609     0.261052     0.991445     0.000000
 610     0.262865     1.010723     0.000000
 611     0.264678     1.030001     0.000000
 612     0.267901     1.064273     0.000000
 613     0.271124     1.098545     0.000000
 614     0.275757     1.147812     0.000000
 615     0.280390     1.197078     0.000000
 616     0.286432     1.261338     0.000000
 617     0.292475     1.325598     0.000000
 618     0.299928     1.404853     0.000000
 619     0.307381     1.484107     0.000000
 620     0.316244     1.578356     0.000000
 621     0.325107     1.672604     0.000000
 622     0.335380     1.781847     0.000000
 623     0.345653     1.891089     0.000000
 624     0.357336     2.015326     0.000000
 625     0.369018     2.139562     0.000000
 626     0.382111     2.278793     0.000000
 627     0.395204     2.418024     0.000000
 628     0.409707     2.572249     0.000000
 629     0.424210     2.726473     0.000000
 630     0.130806     0.997859     0.000000
 631     0.132623     1.036665     0.000000
 632     0.135853     1.105652     0.000000
 633     0.140496     1.204822     0.000000
 634     0.146551     1.334174     0.000000
 635     0.154020     1.493709     0.000000
 636     0.162902     1.683425     0.000000
 637     0.173197     1.903324     0.000000
 638     0.184905     2.153404     0.000000
 639     0.198026     2.433667     0.000000
 640     0.212560     2.744112     0.000000
 641     0.000000     1.000000     0.000000
 642     0.000000     1.019444     0.000000
 643     0.000000     1.038889     0.000000
 644     0.000000     1.073457     0.000000
 645     0.000000     1.108025     0.000000
 646     0.000000     1.157716     0.000000
 647     0.000000     1.207407     0.000000
 648     0.000000     1.272222     0.000000
 649     0.000000     1.337037     0.000000
 650     0.000000     1.416975     0.000000
 651     0.000000     1.496914     0.000000
 652     0.000000     1.591975     0.000000
 653     0.000000     1.687037     0.000000
 654     0.000000     1.797222     0.000000
 655     0.000000     1.907407     0.000000
 656     0.000000     2.032716     0.000000
 657     0.000000     2.158025     0.000000
 658     0.000000     2.298457     0.000000
 659     0.000000     2.438889     0.000000
 660     0.000000     2.594444     0.000000
 661     0.000000     2.750000     0.000000


%NODE.SUPPORT
42
1	0	1	0	0	0	0
2	0	1	0	0	0	0
3	0	1	0	0	0	0
4	0	1	0	0	0	0
5	0	1	0	0	0	0
6	0	1	0	0	0	0
7	0	1	0	0	0	0
8	0	1	0	0	0	0
9	0	1	0	0	0	0
10	0	1	0	0	0	0
11	0	1	0	0	0	0
12	0	1	0	0	0	0
13	0	1	0	0	0	0
14	0	1	0	0	0	0
15	0	1	0	0	0	0
16	0	1	0	0	0	0
17	0	1	0	0	0	0
18	0	1	0	0	0	0
19	0	1	0	0	0	0
20	0	1	0	0	0	0
21	0	1	0	0	0	0
641	1	0	0	0	0	0
642	1	0	0	0	0	0
643	1	0	0	0	0	0
644	1	0	0	0	0	0
645	1	0	0	0	0	0
646	1	0	0	0	0	0
647	1	0	0	0	0	0
648	1	0	0	0	0	0
649	1	0	0	0	0	0
650	1	0	0	0	0	0
651	1	0	0	0	0	0
652	1	0	0	0	0	0
653	1	0	0	0	0	0
654	1	0	0	0	0	0
655	1	0	0	0	0	0
656	1	0	0	0	0	0
657	1	0	0	0	0	0
658	1	0	0	0	0	0
659	1	0	0	0	0	0
660	1	0	0	0	0	0
661	1	0	0	0	0	0

%MATERIAL
1

%MATERIAL.ISOTROPIC
1
1	210000	0.3

%SECTION
1

%SECTION.HOMOGENEOUS.ISOTROPIC.2D
1
1	1	0.1

%INTEGRATION.ORDER
1
1	2	2	1	2	2	1

%ELEMENT
200

%ELEMENT.PLSTRESS.Q8
200
  1  1   1   1   2   3  23  35  34  33  22
  2  1   1   3   4   5  24  37  36  35  23
  3  1   1   5   6   7  25  39  38  37  24
  4  1   1   7   8   9  26  41  40  39  25
  5  1   1   9  10  11  27  43  42  41  26
  6  1   1  11  12  13  28  45  44  43  27
  7  1   1  13  14  15  29  47  46  45  28
  8  1   1  15  16  17  30  49  48  47  29
  9  1   1  17  18  19  31  51  50  49  30
 10  1   1  19  20  21  32  53  52  51  31
 11  1   1  33  34  35  55  67  66  65  54
 12  1   1  35  36  37  56  69  68  67  55
 13  1   1  37  38  39  57  71  70  69  56
 14  1   1  39  40  41  58  73  72  71  57
 15  1   1  41  42  43  59  75  74  73  58
 16  1   1  43  44  45  60  77  76  75  59
 17  1   1  45  46  47  61  79  78  77  60
 18  1   1  47  48  49  62  81  80  79  61
 19  1   1  49  50  51  63  83  82  81  62
 20  1   1  51  52  53  64  85  84  83  63
 21  1   1  65  66  67  87  99  98  97  86
 22  1   1  67  68  69  88 101 100  99  87
 23  1   1  69  70  71  89 103 102 101  88
 24  1   1  71  72  73  90 105 104 103  89
 25  1   1  73  74  75  91 107 106 105  90
 26  1   1  75  76  77  92 109 108 107  91
 27  1   1  77  78  79  93 111 110 109  92
 28  1   1  79  80  81  94 113 112 111  93
 29  1   1  81  82  83  95 115 114 113  94
 30  1   1  83  84  85  96 117 116 115  95
 31  1   1  97  98  99 119 131 130 129 118
 32  1   1  99 100 101 120 133 132 131 119
 33  1   1 101 102 103 121 135 134 133 120
 34  1   1 103 104 105 122 137 136 135 121
 35  1   1 105 106 107 123 139 138 137 122
 36  1   1 107 108 109 124 141 140 139 123
 37  1   1 109 110 111 125 143 142 141 124
 38  1   1 111 112 113 126 145 144 143 125
 39  1   1 113 114 115 127 147 146 145 126
 40  1   1 115 116 117 128 149 148 147 127
 41  1   1 129 130 131 151 163 162 161 150
 42  1   1 131 132 133 152 165 164 163 151
 43  1   1 133 134 135 153 167 166 165 152
 44  1   1 135 136 137 154 169 168 167 153
 45  1   1 137 138 139 155 171 170 169 154
 46  1   1 139 140 141 156 173 172 171 155
 47  1   1 141 142 143 157 175 174 173 156
 48  1   1 143 144 145 158 177 176 175 157
 49  1   1 145 146 147 159 179 178 177 158
 50  1   1 147 148 149 160 181 180 179 159
 51  1   1 161 162 163 183 195 194 193 182
 52  1   1 163 164 165 184 197 196 195 183
 53  1   1 165 166 167 185 199 198 197 184
 54  1   1 167 168 169 186 201 200 199 185
 55  1   1 169 170 171 187 203 202 201 186
 56  1   1 171 172 173 188 205 204 203 187
 57  1   1 173 174 175 189 207 206 205 188
 58  1   1 175 176 177 190 209 208 207 189
 59  1   1 177 178 179 191 211 210 209 190
 60  1   1 179 180 181 192 213 212 211 191
 61  1   1 193 194 195 215 227 226 225 214
 62  1   1 195 196 197 216 229 228 227 215
 63  1   1 197 198 199 217 231 230 229 216
 64  1   1 199 200 201 218 233 232 231 217
 65  1   1 201 202 203 219 235 234 233 218
 66  1   1 203 204 205 220 237 236 235 219
 67  1   1 205 206 207 221 239 238 237 220
 68  1   1 207 208 209 222 241 240 239 221
 69  1   1 209 210 211 223 243 242 241 222
 70  1   1 211 212 213 224 245 244 243 223
 71  1   1 225 226 227 247 259 258 257 246
 72  1   1 227 228 229 248 261 260 259 247
 73  1   1 229 230 231 249 263 262 261 248
 74  1   1 231 232 233 250 265 264 263 249
 75  1   1 233 234 235 251 267 266 265 250
 76  1   1 235 236 237 252 269 268 267 251
 77  1   1 237 238 239 253 271 270 269 252
 78  1   1 239 240 241 254 273 272 271 253
 79  1   1 241 242 243 255 275 274 273 254
 80  1   1 243 244 245 256 277 276 275 255
 81  1   1 257 258 259 279 291 290 289 278
 82  1   1 259 260 261 280 293 292 291 279
 83  1   1 261 262 263 281 295 294 293 280
 84  1   1 263 264 265 282 297 296 295 281
 85  1   1 265 266 267 283 299 298 297 282
 86  1   1 267 268 269 284 301 300 299 283
 87  1   1 269 270 271 285 303 302 301 284
 88  1   1 271 272 273 286 305 304 303 285
 89  1   1 273 274 275 287 307 306 305 286
 90  1   1 275 276 277 288 309 308 307 287
 91  1   1 289 290 291 311 323 322 321 310
 92  1   1 291 292 293 312 325 324 323 311
 93  1   1 293 294 295 313 327 326 325 312
 94  1   1 295 296 297 314 329 328 327 313
 95  1   1 297 298 299 315 331 330 329 314
 96  1   1 299 300 301 316 333 332 331 315
 97  1   1 301 302 303 317 335 334 333 316
 98  1   1 303 304 305 318 337 336 335 317
 99  1   1 305 306 307 319 339 338 337 318
100  1   1 307 308 309 320 341 340 339 319
101  1   1 321 322 323 343 355 354 353 342
102  1   1 323 324 325 344 357 356 355 343
103  1   1 325 326 327 345 359 358 357 344
104  1   1 327 328 329 346 361 360 359 345
105  1   1 329 330 331 347 363 362 361 346
106  1   1 331 332 333 348 365 364 363 347
107  1   1 333 334 335 349 367 366 365 348
108  1   1 335 336 337 350 369 368 367 349
109  1   1 337 338 339 351 371 370 369 350
110  1   1 339 340 341 352 373 372 371 351
111  1   1 353 354 355 375 387 386 385 374
112  1   1 355 356 357 376 389 388 387 375
113  1   1 357 358 359 377 391 390 389 376
114  1   1 359 360 361 378 393 392 391 377
115  1   1 361 362 363 379 395 394 393 378
116  1   1 363 364 365 380 397 396 395 379
117  1   1 365 366 367 381 399 398 397 380
118  1   1 367 368 369 382 401 400 399 381
119  1   1 369 370 371 383 403 402 401 382
120  1   1 371 372 373 384 405 404 403 383
121  1   1 385 386 387 407 419 418 417 406
122  1   1 387 388 389 408 421 420 419 407
123  1   1 389 390 391 409 423 422 421 408
124  1   1 391 392 393 410 425 424 423 409
125  1   1 393 394 395 411 427 426 425 410
126  1   1 395 396 397 412 429 428 427 411
127  1   1 397 398 399 413 431 430 429 412
128  1   1 399 400 401 414 433 432 431 413
129  1   1 401 402 403 415 435 434 433 414
130  1   1 403 404 405 416 437 436 435 415
131  1   1 417 418 419 439 451 450 449 438
132  1   1 419 420 421 440 453 452 451 439
133  1   1 421 422 423 441 455 454 453 440
134  1   1 423 424 425 442 457 456 455 441
135  1   1 425 426 427 443 459 458 457 442
136  1   1 427 428 429 444 461 460 459 443
137  1   1 429 430 431 445 463 462 461 444
138  1   1 431 432 433 446 465 464 463 445
139  1   1 433 434 435 447 467 466 465 446
140  1   1 435 436 437 448 469 468 467 447
141  1   1 449 450 451 471 483 482 481 470
142  1   1 451 452 453 472 485 484 483 471
143  1   1 453 454 455 473 487 486 485 472
144  1   1 455 456 457 474 489 488 487 473
145  1   1 457 458 459 475 491 490 489 474
146  1   1 459 460 461 476 493 492 491 475
147  1   1 461 462 463 477 495 494 493 476
148  1   1 463 464 465 478 497 496 495 477
149  1   1 465 466 467 479 499 498 497 478
150  1   1 467 468 469 480 501 500 499 479
151  1   1 481 482 483 503 515 514 513 502
152  1   1 483 484 485 504 517 516 515 503
153  1   1 485 486 487 505 519 518 517 504
154  1   1 487 488 489 506 521 520 519 505
155  1   1 489 490 491 507 523 522 521 506
156  1   1 491 492 493 508 525 524 523 507
157  1   1 493 494 495 509 527 526 525 508
158  1   1 495 496 497 510 529 528 527 509
159  1   1 497 498 499 511 531 530 529 510
160  1   1 499 500 501 512 533 532 531 511
161  1   1 513 514 515 535 547 546 545 534
162  1   1 515 516 517 536 549 548 547 535
163  1   1 517 518 519 537 551 550 549 536
164  1   1 519 520 521 538 553 552 551 537
165  1   1 521 522 523 539 555 554 553 538
166  1   1 523 524 525 540 557 556 555 539
167  1   1 525 526 527 541 559 558 557 540
168  1   1 527 528 529 542 561 560 559 541
169  1   1 529 530 531 543 563 562 561 542
170  1   1 531 532 533 544 565 564 563 543
171  1   1 545 546 547 567 579 578 577 566
172  1   1 547 548 549 568 581 580 579 567
173  1   1 549 550 551 569 583 582 581 568
174  1   1 551 552 553 570 585 584 583 569
175  1   1 553 554 555 571 587 586 585 570
176  1   1 555 556 557 572 589 588 587 571
177  1   1 557 558 559 573 591 590 589 572
178  1   1 559 560 561 574 593 592 591 573
179  1   1 561 562 563 575 595 594 593 574
180  1   1 563 564 565 576 597 596 595 575
181  1   1 577 578 579 599 611 610 609 598
182  1   1 579 580 581 600 613 612 611 599
183  1   1 581 582 583 601 615 614 613 600
184  1   1 583 584 585 602 617 616 615 601
185  1   1 585 586 587 603 619 618 617 602
186  1   1 587 588 589 604 621 620 619 603
187  1   1 589 590 591 605 623 622 621 604
188  1   1 591 592 593 606 625 624 623 605
189  1   1 593 594 595 607 627 626 625 606
190  1   1 595 596 597 608 629 628 627 607
191  1   1 609 610 611 631 643 642 641 630
192  1   1 611 612 613 632 645 644 643 631
193  1   1 613 614 615 633 647 646 645 632
194  1   1 615 616 617 634 649 648 647 633
195  1   1 617 618 619 635 651 650 649 634
196  1   1 619 620 621 636 653 652 651 635
197  1   1 621 622 623 637 655 654 653 636
198  1   1 623 624 625 638 657 656 655 637
199  1   1 625 626 627 639 659 658 657 638
200  1   1 627 628 629 640 661 660 659 639

%LOAD
1
1	'Load_Case_1'

%LOAD.CASE
1

%LOAD.CASE.LINE.FORCE.UNIFORM
20
10	21	53	1
0	-1	0
20	53	85	1
0	-1	0
30	85	117	1
0	-1	0
40	117	149	1
0	-1	0
50	149	181	1
0	-1	0
60	181	213	1
0	-1	0
70	213	245	1
0	-1	0
80	245	277	1
0	-1	0
90	277	309	1
0	-1	0
100	309	341	1
0	-1	0
110	341	373	1
0	-1	0
120	373	405	1
0	-1	0
130	405	437	1
0	-1	0
140	437	469	1
0	-1	0
150	469	501	1
0	-1	0
160	501	533	1
0	-1	0
170	533	565	1
0	-1	0
180	565	597	1
0	-1	0
190	597	629	1
0	-1	0
200	629	661	1
0	-1	0

%END
