%HEADER
Neutral file created by SymShell.

%NODE
803

%NODE.COORD
803
1     0.000000e+00  0.000000e+00  5.050000e-01
2     3.962184e-02  0.000000e+00  5.034433e-01
3     7.899940e-02  0.000000e+00  4.987826e-01
4     7.899940e-02  1.000000e-01  4.987826e-01
5     7.899940e-02  2.000000e-01  4.987826e-01
6     3.962184e-02  2.000000e-01  5.034433e-01
7     0.000000e+00  2.000000e-01  5.050000e-01
8     0.000000e+00  1.000000e-01  5.050000e-01
9     0.000000e+00  0.000000e+00  5.000000e-01
10    7.821723e-02  0.000000e+00  4.938442e-01
11    7.821723e-02  2.000000e-01  4.938442e-01
12    0.000000e+00  2.000000e-01  5.000000e-01
13    0.000000e+00  0.000000e+00  4.950000e-01
14    3.883725e-02  0.000000e+00  4.934741e-01
15    7.743506e-02  0.000000e+00  4.889057e-01
16    7.743506e-02  1.000000e-01  4.889057e-01
17    7.743506e-02  2.000000e-01  4.889057e-01
18    3.883725e-02  2.000000e-01  4.934741e-01
19    0.000000e+00  2.000000e-01  4.950000e-01
20    0.000000e+00  1.000000e-01  4.950000e-01
21    1.178899e-01  0.000000e+00  4.910468e-01
22    1.560536e-01  0.000000e+00  4.802835e-01
23    1.560536e-01  1.000000e-01  4.802835e-01
24    1.560536e-01  2.000000e-01  4.802835e-01
25    1.178899e-01  2.000000e-01  4.910468e-01
26    1.545085e-01  0.000000e+00  4.755283e-01
27    1.545085e-01  2.000000e-01  4.755283e-01
28    1.155555e-01  0.000000e+00  4.813231e-01
29    1.529634e-01  0.000000e+00  4.707730e-01
30    1.529634e-01  1.000000e-01  4.707730e-01
31    1.529634e-01  2.000000e-01  4.707730e-01
32    1.155555e-01  2.000000e-01  4.813231e-01
33    1.932551e-01  0.000000e+00  4.665592e-01
34    2.292652e-01  0.000000e+00  4.499583e-01
35    2.292652e-01  1.000000e-01  4.499583e-01
36    2.292652e-01  2.000000e-01  4.499583e-01
37    1.932551e-01  2.000000e-01  4.665592e-01
38    2.269952e-01  0.000000e+00  4.455033e-01
39    2.269952e-01  2.000000e-01  4.455033e-01
40    1.894283e-01  0.000000e+00  4.573204e-01
41    2.247253e-01  0.000000e+00  4.410482e-01
42    2.247253e-01  1.000000e-01  4.410482e-01
43    2.247253e-01  2.000000e-01  4.410482e-01
44    1.894283e-01  2.000000e-01  4.573204e-01
45    2.638618e-01  0.000000e+00  4.305833e-01
46    2.968316e-01  0.000000e+00  4.085536e-01
47    2.968316e-01  1.000000e-01  4.085536e-01
48    2.968316e-01  2.000000e-01  4.085536e-01
49    2.638618e-01  2.000000e-01  4.305833e-01
50    2.938926e-01  0.000000e+00  4.045085e-01
51    2.938926e-01  2.000000e-01  4.045085e-01
52    2.586368e-01  0.000000e+00  4.220569e-01
53    2.909537e-01  0.000000e+00  4.004634e-01
54    2.909537e-01  1.000000e-01  4.004634e-01
55    2.909537e-01  2.000000e-01  4.004634e-01
56    2.586368e-01  2.000000e-01  4.220569e-01
57    3.279713e-01  0.000000e+00  3.840050e-01
58    3.570889e-01  0.000000e+00  3.570889e-01
59    3.570889e-01  1.000000e-01  3.570889e-01
60    3.570889e-01  2.000000e-01  3.570889e-01
61    3.279713e-01  2.000000e-01  3.840050e-01
62    3.535534e-01  0.000000e+00  3.535534e-01
63    3.535534e-01  2.000000e-01  3.535534e-01
64    3.214768e-01  0.000000e+00  3.764010e-01
65    3.500179e-01  0.000000e+00  3.500179e-01
66    3.500179e-01  1.000000e-01  3.500179e-01
67    3.500179e-01  2.000000e-01  3.500179e-01
68    3.214768e-01  2.000000e-01  3.764010e-01
69    3.840050e-01  0.000000e+00  3.279713e-01
70    4.085536e-01  0.000000e+00  2.968316e-01
71    4.085536e-01  1.000000e-01  2.968316e-01
72    4.085536e-01  2.000000e-01  2.968316e-01
73    3.840050e-01  2.000000e-01  3.279713e-01
74    4.045085e-01  0.000000e+00  2.938926e-01
75    4.045085e-01  2.000000e-01  2.938926e-01
76    3.764010e-01  0.000000e+00  3.214768e-01
77    4.004634e-01  0.000000e+00  2.909537e-01
78    4.004634e-01  1.000000e-01  2.909537e-01
79    4.004634e-01  2.000000e-01  2.909537e-01
80    3.764010e-01  2.000000e-01  3.214768e-01
81    4.305833e-01  0.000000e+00  2.638618e-01
82    4.499583e-01  0.000000e+00  2.292652e-01
83    4.499583e-01  1.000000e-01  2.292652e-01
84    4.499583e-01  2.000000e-01  2.292652e-01
85    4.305833e-01  2.000000e-01  2.638618e-01
86    4.455033e-01  0.000000e+00  2.269952e-01
87    4.455033e-01  2.000000e-01  2.269952e-01
88    4.220569e-01  0.000000e+00  2.586368e-01
89    4.410482e-01  0.000000e+00  2.247253e-01
90    4.410482e-01  1.000000e-01  2.247253e-01
91    4.410482e-01  2.000000e-01  2.247253e-01
92    4.220569e-01  2.000000e-01  2.586368e-01
93    4.665592e-01  0.000000e+00  1.932551e-01
94    4.802835e-01  0.000000e+00  1.560536e-01
95    4.802835e-01  1.000000e-01  1.560536e-01
96    4.802835e-01  2.000000e-01  1.560536e-01
97    4.665592e-01  2.000000e-01  1.932551e-01
98    4.755283e-01  0.000000e+00  1.545085e-01
99    4.755283e-01  2.000000e-01  1.545085e-01
100   4.573204e-01  0.000000e+00  1.894283e-01
101   4.707730e-01  0.000000e+00  1.529634e-01
102   4.707730e-01  1.000000e-01  1.529634e-01
103   4.707730e-01  2.000000e-01  1.529634e-01
104   4.573204e-01  2.000000e-01  1.894283e-01
105   4.910468e-01  0.000000e+00  1.178899e-01
106   4.987826e-01  0.000000e+00  7.899940e-02
107   4.987826e-01  1.000000e-01  7.899940e-02
108   4.987826e-01  2.000000e-01  7.899940e-02
109   4.910468e-01  2.000000e-01  1.178899e-01
110   4.938442e-01  0.000000e+00  7.821723e-02
111   4.938442e-01  2.000000e-01  7.821723e-02
112   4.813231e-01  0.000000e+00  1.155555e-01
113   4.889057e-01  0.000000e+00  7.743506e-02
114   4.889057e-01  1.000000e-01  7.743506e-02
115   4.889057e-01  2.000000e-01  7.743506e-02
116   4.813231e-01  2.000000e-01  1.155555e-01
117   5.034433e-01  0.000000e+00  3.962184e-02
118   5.050000e-01  0.000000e+00  3.092233e-17
119   5.050000e-01  1.000000e-01  3.092233e-17
120   5.050000e-01  2.000000e-01  3.092233e-17
121   5.034433e-01  2.000000e-01  3.962184e-02
122   5.000000e-01  0.000000e+00  3.061617e-17
123   5.000000e-01  2.000000e-01  3.061617e-17
124   4.934741e-01  0.000000e+00  3.883725e-02
125   4.950000e-01  0.000000e+00  3.031001e-17
126   4.950000e-01  1.000000e-01  3.031001e-17
127   4.950000e-01  2.000000e-01  3.031001e-17
128   4.934741e-01  2.000000e-01  3.883725e-02
129   7.899940e-02  3.000000e-01  4.987826e-01
130   7.899940e-02  4.000000e-01  4.987826e-01
131   3.962184e-02  4.000000e-01  5.034433e-01
132   0.000000e+00  4.000000e-01  5.050000e-01
133   0.000000e+00  3.000000e-01  5.050000e-01
134   7.821723e-02  4.000000e-01  4.938442e-01
135   0.000000e+00  4.000000e-01  5.000000e-01
136   7.743506e-02  3.000000e-01  4.889057e-01
137   7.743506e-02  4.000000e-01  4.889057e-01
138   3.883725e-02  4.000000e-01  4.934741e-01
139   0.000000e+00  4.000000e-01  4.950000e-01
140   0.000000e+00  3.000000e-01  4.950000e-01
141   1.560536e-01  3.000000e-01  4.802835e-01
142   1.560536e-01  4.000000e-01  4.802835e-01
143   1.178899e-01  4.000000e-01  4.910468e-01
144   1.545085e-01  4.000000e-01  4.755283e-01
145   1.529634e-01  3.000000e-01  4.707730e-01
146   1.529634e-01  4.000000e-01  4.707730e-01
147   1.155555e-01  4.000000e-01  4.813231e-01
148   2.292652e-01  3.000000e-01  4.499583e-01
149   2.292652e-01  4.000000e-01  4.499583e-01
150   1.932551e-01  4.000000e-01  4.665592e-01
151   2.269952e-01  4.000000e-01  4.455033e-01
152   2.247253e-01  3.000000e-01  4.410482e-01
153   2.247253e-01  4.000000e-01  4.410482e-01
154   1.894283e-01  4.000000e-01  4.573204e-01
155   2.968316e-01  3.000000e-01  4.085536e-01
156   2.968316e-01  4.000000e-01  4.085536e-01
157   2.638618e-01  4.000000e-01  4.305833e-01
158   2.938926e-01  4.000000e-01  4.045085e-01
159   2.909537e-01  3.000000e-01  4.004634e-01
160   2.909537e-01  4.000000e-01  4.004634e-01
161   2.586368e-01  4.000000e-01  4.220569e-01
162   3.570889e-01  3.000000e-01  3.570889e-01
163   3.570889e-01  4.000000e-01  3.570889e-01
164   3.279713e-01  4.000000e-01  3.840050e-01
165   3.535534e-01  4.000000e-01  3.535534e-01
166   3.500179e-01  3.000000e-01  3.500179e-01
167   3.500179e-01  4.000000e-01  3.500179e-01
168   3.214768e-01  4.000000e-01  3.764010e-01
169   4.085536e-01  3.000000e-01  2.968316e-01
170   4.085536e-01  4.000000e-01  2.968316e-01
171   3.840050e-01  4.000000e-01  3.279713e-01
172   4.045085e-01  4.000000e-01  2.938926e-01
173   4.004634e-01  3.000000e-01  2.909537e-01
174   4.004634e-01  4.000000e-01  2.909537e-01
175   3.764010e-01  4.000000e-01  3.214768e-01
176   4.499583e-01  3.000000e-01  2.292652e-01
177   4.499583e-01  4.000000e-01  2.292652e-01
178   4.305833e-01  4.000000e-01  2.638618e-01
179   4.455033e-01  4.000000e-01  2.269952e-01
180   4.410482e-01  3.000000e-01  2.247253e-01
181   4.410482e-01  4.000000e-01  2.247253e-01
182   4.220569e-01  4.000000e-01  2.586368e-01
183   4.802835e-01  3.000000e-01  1.560536e-01
184   4.802835e-01  4.000000e-01  1.560536e-01
185   4.665592e-01  4.000000e-01  1.932551e-01
186   4.755283e-01  4.000000e-01  1.545085e-01
187   4.707730e-01  3.000000e-01  1.529634e-01
188   4.707730e-01  4.000000e-01  1.529634e-01
189   4.573204e-01  4.000000e-01  1.894283e-01
190   4.987826e-01  3.000000e-01  7.899940e-02
191   4.987826e-01  4.000000e-01  7.899940e-02
192   4.910468e-01  4.000000e-01  1.178899e-01
193   4.938442e-01  4.000000e-01  7.821723e-02
194   4.889057e-01  3.000000e-01  7.743506e-02
195   4.889057e-01  4.000000e-01  7.743506e-02
196   4.813231e-01  4.000000e-01  1.155555e-01
197   5.050000e-01  3.000000e-01  3.092233e-17
198   5.050000e-01  4.000000e-01  3.092233e-17
199   5.034433e-01  4.000000e-01  3.962184e-02
200   5.000000e-01  4.000000e-01  3.061617e-17
201   4.950000e-01  3.000000e-01  3.031001e-17
202   4.950000e-01  4.000000e-01  3.031001e-17
203   4.934741e-01  4.000000e-01  3.883725e-02
204   7.899940e-02  5.000000e-01  4.987826e-01
205   7.899940e-02  6.000000e-01  4.987826e-01
206   3.962184e-02  6.000000e-01  5.034433e-01
207   0.000000e+00  6.000000e-01  5.050000e-01
208   0.000000e+00  5.000000e-01  5.050000e-01
209   7.821723e-02  6.000000e-01  4.938442e-01
210   0.000000e+00  6.000000e-01  5.000000e-01
211   7.743506e-02  5.000000e-01  4.889057e-01
212   7.743506e-02  6.000000e-01  4.889057e-01
213   3.883725e-02  6.000000e-01  4.934741e-01
214   0.000000e+00  6.000000e-01  4.950000e-01
215   0.000000e+00  5.000000e-01  4.950000e-01
216   1.560536e-01  5.000000e-01  4.802835e-01
217   1.560536e-01  6.000000e-01  4.802835e-01
218   1.178899e-01  6.000000e-01  4.910468e-01
219   1.545085e-01  6.000000e-01  4.755283e-01
220   1.529634e-01  5.000000e-01  4.707730e-01
221   1.529634e-01  6.000000e-01  4.707730e-01
222   1.155555e-01  6.000000e-01  4.813231e-01
223   2.292652e-01  5.000000e-01  4.499583e-01
224   2.292652e-01  6.000000e-01  4.499583e-01
225   1.932551e-01  6.000000e-01  4.665592e-01
226   2.269952e-01  6.000000e-01  4.455033e-01
227   2.247253e-01  5.000000e-01  4.410482e-01
228   2.247253e-01  6.000000e-01  4.410482e-01
229   1.894283e-01  6.000000e-01  4.573204e-01
230   2.968316e-01  5.000000e-01  4.085536e-01
231   2.968316e-01  6.000000e-01  4.085536e-01
232   2.638618e-01  6.000000e-01  4.305833e-01
233   2.938926e-01  6.000000e-01  4.045085e-01
234   2.909537e-01  5.000000e-01  4.004634e-01
235   2.909537e-01  6.000000e-01  4.004634e-01
236   2.586368e-01  6.000000e-01  4.220569e-01
237   3.570889e-01  5.000000e-01  3.570889e-01
238   3.570889e-01  6.000000e-01  3.570889e-01
239   3.279713e-01  6.000000e-01  3.840050e-01
240   3.535534e-01  6.000000e-01  3.535534e-01
241   3.500179e-01  5.000000e-01  3.500179e-01
242   3.500179e-01  6.000000e-01  3.500179e-01
243   3.214768e-01  6.000000e-01  3.764010e-01
244   4.085536e-01  5.000000e-01  2.968316e-01
245   4.085536e-01  6.000000e-01  2.968316e-01
246   3.840050e-01  6.000000e-01  3.279713e-01
247   4.045085e-01  6.000000e-01  2.938926e-01
248   4.004634e-01  5.000000e-01  2.909537e-01
249   4.004634e-01  6.000000e-01  2.909537e-01
250   3.764010e-01  6.000000e-01  3.214768e-01
251   4.499583e-01  5.000000e-01  2.292652e-01
252   4.499583e-01  6.000000e-01  2.292652e-01
253   4.305833e-01  6.000000e-01  2.638618e-01
254   4.455033e-01  6.000000e-01  2.269952e-01
255   4.410482e-01  5.000000e-01  2.247253e-01
256   4.410482e-01  6.000000e-01  2.247253e-01
257   4.220569e-01  6.000000e-01  2.586368e-01
258   4.802835e-01  5.000000e-01  1.560536e-01
259   4.802835e-01  6.000000e-01  1.560536e-01
260   4.665592e-01  6.000000e-01  1.932551e-01
261   4.755283e-01  6.000000e-01  1.545085e-01
262   4.707730e-01  5.000000e-01  1.529634e-01
263   4.707730e-01  6.000000e-01  1.529634e-01
264   4.573204e-01  6.000000e-01  1.894283e-01
265   4.987826e-01  5.000000e-01  7.899940e-02
266   4.987826e-01  6.000000e-01  7.899940e-02
267   4.910468e-01  6.000000e-01  1.178899e-01
268   4.938442e-01  6.000000e-01  7.821723e-02
269   4.889057e-01  5.000000e-01  7.743506e-02
270   4.889057e-01  6.000000e-01  7.743506e-02
271   4.813231e-01  6.000000e-01  1.155555e-01
272   5.050000e-01  5.000000e-01  3.092233e-17
273   5.050000e-01  6.000000e-01  3.092233e-17
274   5.034433e-01  6.000000e-01  3.962184e-02
275   5.000000e-01  6.000000e-01  3.061617e-17
276   4.950000e-01  5.000000e-01  3.031001e-17
277   4.950000e-01  6.000000e-01  3.031001e-17
278   4.934741e-01  6.000000e-01  3.883725e-02
279   7.899940e-02  7.000000e-01  4.987826e-01
280   7.899940e-02  8.000000e-01  4.987826e-01
281   3.962184e-02  8.000000e-01  5.034433e-01
282   0.000000e+00  8.000000e-01  5.050000e-01
283   0.000000e+00  7.000000e-01  5.050000e-01
284   7.821723e-02  8.000000e-01  4.938442e-01
285   0.000000e+00  8.000000e-01  5.000000e-01
286   7.743506e-02  7.000000e-01  4.889057e-01
287   7.743506e-02  8.000000e-01  4.889057e-01
288   3.883725e-02  8.000000e-01  4.934741e-01
289   0.000000e+00  8.000000e-01  4.950000e-01
290   0.000000e+00  7.000000e-01  4.950000e-01
291   1.560536e-01  7.000000e-01  4.802835e-01
292   1.560536e-01  8.000000e-01  4.802835e-01
293   1.178899e-01  8.000000e-01  4.910468e-01
294   1.545085e-01  8.000000e-01  4.755283e-01
295   1.529634e-01  7.000000e-01  4.707730e-01
296   1.529634e-01  8.000000e-01  4.707730e-01
297   1.155555e-01  8.000000e-01  4.813231e-01
298   2.292652e-01  7.000000e-01  4.499583e-01
299   2.292652e-01  8.000000e-01  4.499583e-01
300   1.932551e-01  8.000000e-01  4.665592e-01
301   2.269952e-01  8.000000e-01  4.455033e-01
302   2.247253e-01  7.000000e-01  4.410482e-01
303   2.247253e-01  8.000000e-01  4.410482e-01
304   1.894283e-01  8.000000e-01  4.573204e-01
305   2.968316e-01  7.000000e-01  4.085536e-01
306   2.968316e-01  8.000000e-01  4.085536e-01
307   2.638618e-01  8.000000e-01  4.305833e-01
308   2.938926e-01  8.000000e-01  4.045085e-01
309   2.909537e-01  7.000000e-01  4.004634e-01
310   2.909537e-01  8.000000e-01  4.004634e-01
311   2.586368e-01  8.000000e-01  4.220569e-01
312   3.570889e-01  7.000000e-01  3.570889e-01
313   3.570889e-01  8.000000e-01  3.570889e-01
314   3.279713e-01  8.000000e-01  3.840050e-01
315   3.535534e-01  8.000000e-01  3.535534e-01
316   3.500179e-01  7.000000e-01  3.500179e-01
317   3.500179e-01  8.000000e-01  3.500179e-01
318   3.214768e-01  8.000000e-01  3.764010e-01
319   4.085536e-01  7.000000e-01  2.968316e-01
320   4.085536e-01  8.000000e-01  2.968316e-01
321   3.840050e-01  8.000000e-01  3.279713e-01
322   4.045085e-01  8.000000e-01  2.938926e-01
323   4.004634e-01  7.000000e-01  2.909537e-01
324   4.004634e-01  8.000000e-01  2.909537e-01
325   3.764010e-01  8.000000e-01  3.214768e-01
326   4.499583e-01  7.000000e-01  2.292652e-01
327   4.499583e-01  8.000000e-01  2.292652e-01
328   4.305833e-01  8.000000e-01  2.638618e-01
329   4.455033e-01  8.000000e-01  2.269952e-01
330   4.410482e-01  7.000000e-01  2.247253e-01
331   4.410482e-01  8.000000e-01  2.247253e-01
332   4.220569e-01  8.000000e-01  2.586368e-01
333   4.802835e-01  7.000000e-01  1.560536e-01
334   4.802835e-01  8.000000e-01  1.560536e-01
335   4.665592e-01  8.000000e-01  1.932551e-01
336   4.755283e-01  8.000000e-01  1.545085e-01
337   4.707730e-01  7.000000e-01  1.529634e-01
338   4.707730e-01  8.000000e-01  1.529634e-01
339   4.573204e-01  8.000000e-01  1.894283e-01
340   4.987826e-01  7.000000e-01  7.899940e-02
341   4.987826e-01  8.000000e-01  7.899940e-02
342   4.910468e-01  8.000000e-01  1.178899e-01
343   4.938442e-01  8.000000e-01  7.821723e-02
344   4.889057e-01  7.000000e-01  7.743506e-02
345   4.889057e-01  8.000000e-01  7.743506e-02
346   4.813231e-01  8.000000e-01  1.155555e-01
347   5.050000e-01  7.000000e-01  3.092233e-17
348   5.050000e-01  8.000000e-01  3.092233e-17
349   5.034433e-01  8.000000e-01  3.962184e-02
350   5.000000e-01  8.000000e-01  3.061617e-17
351   4.950000e-01  7.000000e-01  3.031001e-17
352   4.950000e-01  8.000000e-01  3.031001e-17
353   4.934741e-01  8.000000e-01  3.883725e-02
354   7.899940e-02  9.000000e-01  4.987826e-01
355   7.899940e-02  1.000000e+00  4.987826e-01
356   3.962184e-02  1.000000e+00  5.034433e-01
357   0.000000e+00  1.000000e+00  5.050000e-01
358   0.000000e+00  9.000000e-01  5.050000e-01
359   7.821723e-02  1.000000e+00  4.938442e-01
360   0.000000e+00  1.000000e+00  5.000000e-01
361   7.743506e-02  9.000000e-01  4.889057e-01
362   7.743506e-02  1.000000e+00  4.889057e-01
363   3.883725e-02  1.000000e+00  4.934741e-01
364   0.000000e+00  1.000000e+00  4.950000e-01
365   0.000000e+00  9.000000e-01  4.950000e-01
366   1.560536e-01  9.000000e-01  4.802835e-01
367   1.560536e-01  1.000000e+00  4.802835e-01
368   1.178899e-01  1.000000e+00  4.910468e-01
369   1.545085e-01  1.000000e+00  4.755283e-01
370   1.529634e-01  9.000000e-01  4.707730e-01
371   1.529634e-01  1.000000e+00  4.707730e-01
372   1.155555e-01  1.000000e+00  4.813231e-01
373   2.292652e-01  9.000000e-01  4.499583e-01
374   2.292652e-01  1.000000e+00  4.499583e-01
375   1.932551e-01  1.000000e+00  4.665592e-01
376   2.269952e-01  1.000000e+00  4.455033e-01
377   2.247253e-01  9.000000e-01  4.410482e-01
378   2.247253e-01  1.000000e+00  4.410482e-01
379   1.894283e-01  1.000000e+00  4.573204e-01
380   2.968316e-01  9.000000e-01  4.085536e-01
381   2.968316e-01  1.000000e+00  4.085536e-01
382   2.638618e-01  1.000000e+00  4.305833e-01
383   2.938926e-01  1.000000e+00  4.045085e-01
384   2.909537e-01  9.000000e-01  4.004634e-01
385   2.909537e-01  1.000000e+00  4.004634e-01
386   2.586368e-01  1.000000e+00  4.220569e-01
387   3.570889e-01  9.000000e-01  3.570889e-01
388   3.570889e-01  1.000000e+00  3.570889e-01
389   3.279713e-01  1.000000e+00  3.840050e-01
390   3.535534e-01  1.000000e+00  3.535534e-01
391   3.500179e-01  9.000000e-01  3.500179e-01
392   3.500179e-01  1.000000e+00  3.500179e-01
393   3.214768e-01  1.000000e+00  3.764010e-01
394   4.085536e-01  9.000000e-01  2.968316e-01
395   4.085536e-01  1.000000e+00  2.968316e-01
396   3.840050e-01  1.000000e+00  3.279713e-01
397   4.045085e-01  1.000000e+00  2.938926e-01
398   4.004634e-01  9.000000e-01  2.909537e-01
399   4.004634e-01  1.000000e+00  2.909537e-01
400   3.764010e-01  1.000000e+00  3.214768e-01
401   4.499583e-01  9.000000e-01  2.292652e-01
402   4.499583e-01  1.000000e+00  2.292652e-01
403   4.305833e-01  1.000000e+00  2.638618e-01
404   4.455033e-01  1.000000e+00  2.269952e-01
405   4.410482e-01  9.000000e-01  2.247253e-01
406   4.410482e-01  1.000000e+00  2.247253e-01
407   4.220569e-01  1.000000e+00  2.586368e-01
408   4.802835e-01  9.000000e-01  1.560536e-01
409   4.802835e-01  1.000000e+00  1.560536e-01
410   4.665592e-01  1.000000e+00  1.932551e-01
411   4.755283e-01  1.000000e+00  1.545085e-01
412   4.707730e-01  9.000000e-01  1.529634e-01
413   4.707730e-01  1.000000e+00  1.529634e-01
414   4.573204e-01  1.000000e+00  1.894283e-01
415   4.987826e-01  9.000000e-01  7.899940e-02
416   4.987826e-01  1.000000e+00  7.899940e-02
417   4.910468e-01  1.000000e+00  1.178899e-01
418   4.938442e-01  1.000000e+00  7.821723e-02
419   4.889057e-01  9.000000e-01  7.743506e-02
420   4.889057e-01  1.000000e+00  7.743506e-02
421   4.813231e-01  1.000000e+00  1.155555e-01
422   5.050000e-01  9.000000e-01  3.092233e-17
423   5.050000e-01  1.000000e+00  3.092233e-17
424   5.034433e-01  1.000000e+00  3.962184e-02
425   5.000000e-01  1.000000e+00  3.061617e-17
426   4.950000e-01  9.000000e-01  3.031001e-17
427   4.950000e-01  1.000000e+00  3.031001e-17
428   4.934741e-01  1.000000e+00  3.883725e-02
429   7.899940e-02  1.100000e+00  4.987826e-01
430   7.899940e-02  1.200000e+00  4.987826e-01
431   3.962184e-02  1.200000e+00  5.034433e-01
432   0.000000e+00  1.200000e+00  5.050000e-01
433   0.000000e+00  1.100000e+00  5.050000e-01
434   7.821723e-02  1.200000e+00  4.938442e-01
435   0.000000e+00  1.200000e+00  5.000000e-01
436   7.743506e-02  1.100000e+00  4.889057e-01
437   7.743506e-02  1.200000e+00  4.889057e-01
438   3.883725e-02  1.200000e+00  4.934741e-01
439   0.000000e+00  1.200000e+00  4.950000e-01
440   0.000000e+00  1.100000e+00  4.950000e-01
441   1.560536e-01  1.100000e+00  4.802835e-01
442   1.560536e-01  1.200000e+00  4.802835e-01
443   1.178899e-01  1.200000e+00  4.910468e-01
444   1.545085e-01  1.200000e+00  4.755283e-01
445   1.529634e-01  1.100000e+00  4.707730e-01
446   1.529634e-01  1.200000e+00  4.707730e-01
447   1.155555e-01  1.200000e+00  4.813231e-01
448   2.292652e-01  1.100000e+00  4.499583e-01
449   2.292652e-01  1.200000e+00  4.499583e-01
450   1.932551e-01  1.200000e+00  4.665592e-01
451   2.269952e-01  1.200000e+00  4.455033e-01
452   2.247253e-01  1.100000e+00  4.410482e-01
453   2.247253e-01  1.200000e+00  4.410482e-01
454   1.894283e-01  1.200000e+00  4.573204e-01
455   2.968316e-01  1.100000e+00  4.085536e-01
456   2.968316e-01  1.200000e+00  4.085536e-01
457   2.638618e-01  1.200000e+00  4.305833e-01
458   2.938926e-01  1.200000e+00  4.045085e-01
459   2.909537e-01  1.100000e+00  4.004634e-01
460   2.909537e-01  1.200000e+00  4.004634e-01
461   2.586368e-01  1.200000e+00  4.220569e-01
462   3.570889e-01  1.100000e+00  3.570889e-01
463   3.570889e-01  1.200000e+00  3.570889e-01
464   3.279713e-01  1.200000e+00  3.840050e-01
465   3.535534e-01  1.200000e+00  3.535534e-01
466   3.500179e-01  1.100000e+00  3.500179e-01
467   3.500179e-01  1.200000e+00  3.500179e-01
468   3.214768e-01  1.200000e+00  3.764010e-01
469   4.085536e-01  1.100000e+00  2.968316e-01
470   4.085536e-01  1.200000e+00  2.968316e-01
471   3.840050e-01  1.200000e+00  3.279713e-01
472   4.045085e-01  1.200000e+00  2.938926e-01
473   4.004634e-01  1.100000e+00  2.909537e-01
474   4.004634e-01  1.200000e+00  2.909537e-01
475   3.764010e-01  1.200000e+00  3.214768e-01
476   4.499583e-01  1.100000e+00  2.292652e-01
477   4.499583e-01  1.200000e+00  2.292652e-01
478   4.305833e-01  1.200000e+00  2.638618e-01
479   4.455033e-01  1.200000e+00  2.269952e-01
480   4.410482e-01  1.100000e+00  2.247253e-01
481   4.410482e-01  1.200000e+00  2.247253e-01
482   4.220569e-01  1.200000e+00  2.586368e-01
483   4.802835e-01  1.100000e+00  1.560536e-01
484   4.802835e-01  1.200000e+00  1.560536e-01
485   4.665592e-01  1.200000e+00  1.932551e-01
486   4.755283e-01  1.200000e+00  1.545085e-01
487   4.707730e-01  1.100000e+00  1.529634e-01
488   4.707730e-01  1.200000e+00  1.529634e-01
489   4.573204e-01  1.200000e+00  1.894283e-01
490   4.987826e-01  1.100000e+00  7.899940e-02
491   4.987826e-01  1.200000e+00  7.899940e-02
492   4.910468e-01  1.200000e+00  1.178899e-01
493   4.938442e-01  1.200000e+00  7.821723e-02
494   4.889057e-01  1.100000e+00  7.743506e-02
495   4.889057e-01  1.200000e+00  7.743506e-02
496   4.813231e-01  1.200000e+00  1.155555e-01
497   5.050000e-01  1.100000e+00  3.092233e-17
498   5.050000e-01  1.200000e+00  3.092233e-17
499   5.034433e-01  1.200000e+00  3.962184e-02
500   5.000000e-01  1.200000e+00  3.061617e-17
501   4.950000e-01  1.100000e+00  3.031001e-17
502   4.950000e-01  1.200000e+00  3.031001e-17
503   4.934741e-01  1.200000e+00  3.883725e-02
504   7.899940e-02  1.300000e+00  4.987826e-01
505   7.899940e-02  1.400000e+00  4.987826e-01
506   3.962184e-02  1.400000e+00  5.034433e-01
507   0.000000e+00  1.400000e+00  5.050000e-01
508   0.000000e+00  1.300000e+00  5.050000e-01
509   7.821723e-02  1.400000e+00  4.938442e-01
510   0.000000e+00  1.400000e+00  5.000000e-01
511   7.743506e-02  1.300000e+00  4.889057e-01
512   7.743506e-02  1.400000e+00  4.889057e-01
513   3.883725e-02  1.400000e+00  4.934741e-01
514   0.000000e+00  1.400000e+00  4.950000e-01
515   0.000000e+00  1.300000e+00  4.950000e-01
516   1.560536e-01  1.300000e+00  4.802835e-01
517   1.560536e-01  1.400000e+00  4.802835e-01
518   1.178899e-01  1.400000e+00  4.910468e-01
519   1.545085e-01  1.400000e+00  4.755283e-01
520   1.529634e-01  1.300000e+00  4.707730e-01
521   1.529634e-01  1.400000e+00  4.707730e-01
522   1.155555e-01  1.400000e+00  4.813231e-01
523   2.292652e-01  1.300000e+00  4.499583e-01
524   2.292652e-01  1.400000e+00  4.499583e-01
525   1.932551e-01  1.400000e+00  4.665592e-01
526   2.269952e-01  1.400000e+00  4.455033e-01
527   2.247253e-01  1.300000e+00  4.410482e-01
528   2.247253e-01  1.400000e+00  4.410482e-01
529   1.894283e-01  1.400000e+00  4.573204e-01
530   2.968316e-01  1.300000e+00  4.085536e-01
531   2.968316e-01  1.400000e+00  4.085536e-01
532   2.638618e-01  1.400000e+00  4.305833e-01
533   2.938926e-01  1.400000e+00  4.045085e-01
534   2.909537e-01  1.300000e+00  4.004634e-01
535   2.909537e-01  1.400000e+00  4.004634e-01
536   2.586368e-01  1.400000e+00  4.220569e-01
537   3.570889e-01  1.300000e+00  3.570889e-01
538   3.570889e-01  1.400000e+00  3.570889e-01
539   3.279713e-01  1.400000e+00  3.840050e-01
540   3.535534e-01  1.400000e+00  3.535534e-01
541   3.500179e-01  1.300000e+00  3.500179e-01
542   3.500179e-01  1.400000e+00  3.500179e-01
543   3.214768e-01  1.400000e+00  3.764010e-01
544   4.085536e-01  1.300000e+00  2.968316e-01
545   4.085536e-01  1.400000e+00  2.968316e-01
546   3.840050e-01  1.400000e+00  3.279713e-01
547   4.045085e-01  1.400000e+00  2.938926e-01
548   4.004634e-01  1.300000e+00  2.909537e-01
549   4.004634e-01  1.400000e+00  2.909537e-01
550   3.764010e-01  1.400000e+00  3.214768e-01
551   4.499583e-01  1.300000e+00  2.292652e-01
552   4.499583e-01  1.400000e+00  2.292652e-01
553   4.305833e-01  1.400000e+00  2.638618e-01
554   4.455033e-01  1.400000e+00  2.269952e-01
555   4.410482e-01  1.300000e+00  2.247253e-01
556   4.410482e-01  1.400000e+00  2.247253e-01
557   4.220569e-01  1.400000e+00  2.586368e-01
558   4.802835e-01  1.300000e+00  1.560536e-01
559   4.802835e-01  1.400000e+00  1.560536e-01
560   4.665592e-01  1.400000e+00  1.932551e-01
561   4.755283e-01  1.400000e+00  1.545085e-01
562   4.707730e-01  1.300000e+00  1.529634e-01
563   4.707730e-01  1.400000e+00  1.529634e-01
564   4.573204e-01  1.400000e+00  1.894283e-01
565   4.987826e-01  1.300000e+00  7.899940e-02
566   4.987826e-01  1.400000e+00  7.899940e-02
567   4.910468e-01  1.400000e+00  1.178899e-01
568   4.938442e-01  1.400000e+00  7.821723e-02
569   4.889057e-01  1.300000e+00  7.743506e-02
570   4.889057e-01  1.400000e+00  7.743506e-02
571   4.813231e-01  1.400000e+00  1.155555e-01
572   5.050000e-01  1.300000e+00  3.092233e-17
573   5.050000e-01  1.400000e+00  3.092233e-17
574   5.034433e-01  1.400000e+00  3.962184e-02
575   5.000000e-01  1.400000e+00  3.061617e-17
576   4.950000e-01  1.300000e+00  3.031001e-17
577   4.950000e-01  1.400000e+00  3.031001e-17
578   4.934741e-01  1.400000e+00  3.883725e-02
579   7.899940e-02  1.500000e+00  4.987826e-01
580   7.899940e-02  1.600000e+00  4.987826e-01
581   3.962184e-02  1.600000e+00  5.034433e-01
582   0.000000e+00  1.600000e+00  5.050000e-01
583   0.000000e+00  1.500000e+00  5.050000e-01
584   7.821723e-02  1.600000e+00  4.938442e-01
585   0.000000e+00  1.600000e+00  5.000000e-01
586   7.743506e-02  1.500000e+00  4.889057e-01
587   7.743506e-02  1.600000e+00  4.889057e-01
588   3.883725e-02  1.600000e+00  4.934741e-01
589   0.000000e+00  1.600000e+00  4.950000e-01
590   0.000000e+00  1.500000e+00  4.950000e-01
591   1.560536e-01  1.500000e+00  4.802835e-01
592   1.560536e-01  1.600000e+00  4.802835e-01
593   1.178899e-01  1.600000e+00  4.910468e-01
594   1.545085e-01  1.600000e+00  4.755283e-01
595   1.529634e-01  1.500000e+00  4.707730e-01
596   1.529634e-01  1.600000e+00  4.707730e-01
597   1.155555e-01  1.600000e+00  4.813231e-01
598   2.292652e-01  1.500000e+00  4.499583e-01
599   2.292652e-01  1.600000e+00  4.499583e-01
600   1.932551e-01  1.600000e+00  4.665592e-01
601   2.269952e-01  1.600000e+00  4.455033e-01
602   2.247253e-01  1.500000e+00  4.410482e-01
603   2.247253e-01  1.600000e+00  4.410482e-01
604   1.894283e-01  1.600000e+00  4.573204e-01
605   2.968316e-01  1.500000e+00  4.085536e-01
606   2.968316e-01  1.600000e+00  4.085536e-01
607   2.638618e-01  1.600000e+00  4.305833e-01
608   2.938926e-01  1.600000e+00  4.045085e-01
609   2.909537e-01  1.500000e+00  4.004634e-01
610   2.909537e-01  1.600000e+00  4.004634e-01
611   2.586368e-01  1.600000e+00  4.220569e-01
612   3.570889e-01  1.500000e+00  3.570889e-01
613   3.570889e-01  1.600000e+00  3.570889e-01
614   3.279713e-01  1.600000e+00  3.840050e-01
615   3.535534e-01  1.600000e+00  3.535534e-01
616   3.500179e-01  1.500000e+00  3.500179e-01
617   3.500179e-01  1.600000e+00  3.500179e-01
618   3.214768e-01  1.600000e+00  3.764010e-01
619   4.085536e-01  1.500000e+00  2.968316e-01
620   4.085536e-01  1.600000e+00  2.968316e-01
621   3.840050e-01  1.600000e+00  3.279713e-01
622   4.045085e-01  1.600000e+00  2.938926e-01
623   4.004634e-01  1.500000e+00  2.909537e-01
624   4.004634e-01  1.600000e+00  2.909537e-01
625   3.764010e-01  1.600000e+00  3.214768e-01
626   4.499583e-01  1.500000e+00  2.292652e-01
627   4.499583e-01  1.600000e+00  2.292652e-01
628   4.305833e-01  1.600000e+00  2.638618e-01
629   4.455033e-01  1.600000e+00  2.269952e-01
630   4.410482e-01  1.500000e+00  2.247253e-01
631   4.410482e-01  1.600000e+00  2.247253e-01
632   4.220569e-01  1.600000e+00  2.586368e-01
633   4.802835e-01  1.500000e+00  1.560536e-01
634   4.802835e-01  1.600000e+00  1.560536e-01
635   4.665592e-01  1.600000e+00  1.932551e-01
636   4.755283e-01  1.600000e+00  1.545085e-01
637   4.707730e-01  1.500000e+00  1.529634e-01
638   4.707730e-01  1.600000e+00  1.529634e-01
639   4.573204e-01  1.600000e+00  1.894283e-01
640   4.987826e-01  1.500000e+00  7.899940e-02
641   4.987826e-01  1.600000e+00  7.899940e-02
642   4.910468e-01  1.600000e+00  1.178899e-01
643   4.938442e-01  1.600000e+00  7.821723e-02
644   4.889057e-01  1.500000e+00  7.743506e-02
645   4.889057e-01  1.600000e+00  7.743506e-02
646   4.813231e-01  1.600000e+00  1.155555e-01
647   5.050000e-01  1.500000e+00  3.092233e-17
648   5.050000e-01  1.600000e+00  3.092233e-17
649   5.034433e-01  1.600000e+00  3.962184e-02
650   5.000000e-01  1.600000e+00  3.061617e-17
651   4.950000e-01  1.500000e+00  3.031001e-17
652   4.950000e-01  1.600000e+00  3.031001e-17
653   4.934741e-01  1.600000e+00  3.883725e-02
654   7.899940e-02  1.700000e+00  4.987826e-01
655   7.899940e-02  1.800000e+00  4.987826e-01
656   3.962184e-02  1.800000e+00  5.034433e-01
657   0.000000e+00  1.800000e+00  5.050000e-01
658   0.000000e+00  1.700000e+00  5.050000e-01
659   7.821723e-02  1.800000e+00  4.938442e-01
660   0.000000e+00  1.800000e+00  5.000000e-01
661   7.743506e-02  1.700000e+00  4.889057e-01
662   7.743506e-02  1.800000e+00  4.889057e-01
663   3.883725e-02  1.800000e+00  4.934741e-01
664   0.000000e+00  1.800000e+00  4.950000e-01
665   0.000000e+00  1.700000e+00  4.950000e-01
666   1.560536e-01  1.700000e+00  4.802835e-01
667   1.560536e-01  1.800000e+00  4.802835e-01
668   1.178899e-01  1.800000e+00  4.910468e-01
669   1.545085e-01  1.800000e+00  4.755283e-01
670   1.529634e-01  1.700000e+00  4.707730e-01
671   1.529634e-01  1.800000e+00  4.707730e-01
672   1.155555e-01  1.800000e+00  4.813231e-01
673   2.292652e-01  1.700000e+00  4.499583e-01
674   2.292652e-01  1.800000e+00  4.499583e-01
675   1.932551e-01  1.800000e+00  4.665592e-01
676   2.269952e-01  1.800000e+00  4.455033e-01
677   2.247253e-01  1.700000e+00  4.410482e-01
678   2.247253e-01  1.800000e+00  4.410482e-01
679   1.894283e-01  1.800000e+00  4.573204e-01
680   2.968316e-01  1.700000e+00  4.085536e-01
681   2.968316e-01  1.800000e+00  4.085536e-01
682   2.638618e-01  1.800000e+00  4.305833e-01
683   2.938926e-01  1.800000e+00  4.045085e-01
684   2.909537e-01  1.700000e+00  4.004634e-01
685   2.909537e-01  1.800000e+00  4.004634e-01
686   2.586368e-01  1.800000e+00  4.220569e-01
687   3.570889e-01  1.700000e+00  3.570889e-01
688   3.570889e-01  1.800000e+00  3.570889e-01
689   3.279713e-01  1.800000e+00  3.840050e-01
690   3.535534e-01  1.800000e+00  3.535534e-01
691   3.500179e-01  1.700000e+00  3.500179e-01
692   3.500179e-01  1.800000e+00  3.500179e-01
693   3.214768e-01  1.800000e+00  3.764010e-01
694   4.085536e-01  1.700000e+00  2.968316e-01
695   4.085536e-01  1.800000e+00  2.968316e-01
696   3.840050e-01  1.800000e+00  3.279713e-01
697   4.045085e-01  1.800000e+00  2.938926e-01
698   4.004634e-01  1.700000e+00  2.909537e-01
699   4.004634e-01  1.800000e+00  2.909537e-01
700   3.764010e-01  1.800000e+00  3.214768e-01
701   4.499583e-01  1.700000e+00  2.292652e-01
702   4.499583e-01  1.800000e+00  2.292652e-01
703   4.305833e-01  1.800000e+00  2.638618e-01
704   4.455033e-01  1.800000e+00  2.269952e-01
705   4.410482e-01  1.700000e+00  2.247253e-01
706   4.410482e-01  1.800000e+00  2.247253e-01
707   4.220569e-01  1.800000e+00  2.586368e-01
708   4.802835e-01  1.700000e+00  1.560536e-01
709   4.802835e-01  1.800000e+00  1.560536e-01
710   4.665592e-01  1.800000e+00  1.932551e-01
711   4.755283e-01  1.800000e+00  1.545085e-01
712   4.707730e-01  1.700000e+00  1.529634e-01
713   4.707730e-01  1.800000e+00  1.529634e-01
714   4.573204e-01  1.800000e+00  1.894283e-01
715   4.987826e-01  1.700000e+00  7.899940e-02
716   4.987826e-01  1.800000e+00  7.899940e-02
717   4.910468e-01  1.800000e+00  1.178899e-01
718   4.938442e-01  1.800000e+00  7.821723e-02
719   4.889057e-01  1.700000e+00  7.743506e-02
720   4.889057e-01  1.800000e+00  7.743506e-02
721   4.813231e-01  1.800000e+00  1.155555e-01
722   5.050000e-01  1.700000e+00  3.092233e-17
723   5.050000e-01  1.800000e+00  3.092233e-17
724   5.034433e-01  1.800000e+00  3.962184e-02
725   5.000000e-01  1.800000e+00  3.061617e-17
726   4.950000e-01  1.700000e+00  3.031001e-17
727   4.950000e-01  1.800000e+00  3.031001e-17
728   4.934741e-01  1.800000e+00  3.883725e-02
729   7.899940e-02  1.900000e+00  4.987826e-01
730   7.899940e-02  2.000000e+00  4.987826e-01
731   3.962184e-02  2.000000e+00  5.034433e-01
732   0.000000e+00  2.000000e+00  5.050000e-01
733   0.000000e+00  1.900000e+00  5.050000e-01
734   7.821723e-02  2.000000e+00  4.938442e-01
735   0.000000e+00  2.000000e+00  5.000000e-01
736   7.743506e-02  1.900000e+00  4.889057e-01
737   7.743506e-02  2.000000e+00  4.889057e-01
738   3.883725e-02  2.000000e+00  4.934741e-01
739   0.000000e+00  2.000000e+00  4.950000e-01
740   0.000000e+00  1.900000e+00  4.950000e-01
741   1.560536e-01  1.900000e+00  4.802835e-01
742   1.560536e-01  2.000000e+00  4.802835e-01
743   1.178899e-01  2.000000e+00  4.910468e-01
744   1.545085e-01  2.000000e+00  4.755283e-01
745   1.529634e-01  1.900000e+00  4.707730e-01
746   1.529634e-01  2.000000e+00  4.707730e-01
747   1.155555e-01  2.000000e+00  4.813231e-01
748   2.292652e-01  1.900000e+00  4.499583e-01
749   2.292652e-01  2.000000e+00  4.499583e-01
750   1.932551e-01  2.000000e+00  4.665592e-01
751   2.269952e-01  2.000000e+00  4.455033e-01
752   2.247253e-01  1.900000e+00  4.410482e-01
753   2.247253e-01  2.000000e+00  4.410482e-01
754   1.894283e-01  2.000000e+00  4.573204e-01
755   2.968316e-01  1.900000e+00  4.085536e-01
756   2.968316e-01  2.000000e+00  4.085536e-01
757   2.638618e-01  2.000000e+00  4.305833e-01
758   2.938926e-01  2.000000e+00  4.045085e-01
759   2.909537e-01  1.900000e+00  4.004634e-01
760   2.909537e-01  2.000000e+00  4.004634e-01
761   2.586368e-01  2.000000e+00  4.220569e-01
762   3.570889e-01  1.900000e+00  3.570889e-01
763   3.570889e-01  2.000000e+00  3.570889e-01
764   3.279713e-01  2.000000e+00  3.840050e-01
765   3.535534e-01  2.000000e+00  3.535534e-01
766   3.500179e-01  1.900000e+00  3.500179e-01
767   3.500179e-01  2.000000e+00  3.500179e-01
768   3.214768e-01  2.000000e+00  3.764010e-01
769   4.085536e-01  1.900000e+00  2.968316e-01
770   4.085536e-01  2.000000e+00  2.968316e-01
771   3.840050e-01  2.000000e+00  3.279713e-01
772   4.045085e-01  2.000000e+00  2.938926e-01
773   4.004634e-01  1.900000e+00  2.909537e-01
774   4.004634e-01  2.000000e+00  2.909537e-01
775   3.764010e-01  2.000000e+00  3.214768e-01
776   4.499583e-01  1.900000e+00  2.292652e-01
777   4.499583e-01  2.000000e+00  2.292652e-01
778   4.305833e-01  2.000000e+00  2.638618e-01
779   4.455033e-01  2.000000e+00  2.269952e-01
780   4.410482e-01  1.900000e+00  2.247253e-01
781   4.410482e-01  2.000000e+00  2.247253e-01
782   4.220569e-01  2.000000e+00  2.586368e-01
783   4.802835e-01  1.900000e+00  1.560536e-01
784   4.802835e-01  2.000000e+00  1.560536e-01
785   4.665592e-01  2.000000e+00  1.932551e-01
786   4.755283e-01  2.000000e+00  1.545085e-01
787   4.707730e-01  1.900000e+00  1.529634e-01
788   4.707730e-01  2.000000e+00  1.529634e-01
789   4.573204e-01  2.000000e+00  1.894283e-01
790   4.987826e-01  1.900000e+00  7.899940e-02
791   4.987826e-01  2.000000e+00  7.899940e-02
792   4.910468e-01  2.000000e+00  1.178899e-01
793   4.938442e-01  2.000000e+00  7.821723e-02
794   4.889057e-01  1.900000e+00  7.743506e-02
795   4.889057e-01  2.000000e+00  7.743506e-02
796   4.813231e-01  2.000000e+00  1.155555e-01
797   5.050000e-01  1.900000e+00  3.092233e-17
798   5.050000e-01  2.000000e+00  3.092233e-17
799   5.034433e-01  2.000000e+00  3.962184e-02
800   5.000000e-01  2.000000e+00  3.061617e-17
801   4.950000e-01  1.900000e+00  3.031001e-17
802   4.950000e-01  2.000000e+00  3.031001e-17
803   4.934741e-01  2.000000e+00  3.883725e-02

%NODE.SOLVER.ORDER
803
803   797   787   788   784   789   790   798   799   791   
785   792   800   801   793   794   786   795   796   802   
770   763   764   760   765   766   761   771   767   768   
762   769   732   725   726   722   727   728   723   733   
729   730   724   731   680   673   674   670   675   676   
671   681   677   678   672   679   614   607   608   604   
609   610   605   615   611   612   606   613   534   527   
528   524   529   530   525   535   531   532   526   533   
440   433   434   430   435   436   431   441   437   438   
432   439   332   325   326   322   327   328   323   333   
329   330   324   331   210   203   204   200   205   206   
201   211   207   208   202   209   69    70    71    64    
65    72    66    73    74    75    67    68    775   772   
776   777   782   773   778   779   774   780   781   783   
756   753   757   754   758   755   759   718   715   719   
716   720   717   721   666   663   667   664   668   665   
669   600   597   601   598   602   599   603   520   517   
521   518   522   519   523   426   423   427   424   428   
425   429   318   315   319   316   320   317   321   196   
193   197   194   198   195   199   62    57    58    59    
63    60    61    744   741   745   746   751   742   747   
748   743   749   750   752   737   734   738   735   739   
736   740   711   708   712   709   713   710   714   659   
656   660   657   661   658   662   593   590   594   591   
595   592   596   513   510   514   511   515   512   516   
419   416   420   417   421   418   422   311   308   312   
309   313   310   314   189   186   190   187   191   188   
192   55    50    51    52    56    53    54    699   696   
700   701   706   697   702   703   698   704   705   707   
692   689   693   690   694   691   695   685   682   686   
683   687   684   688   652   649   653   650   654   651   
655   586   583   587   584   588   585   589   506   503   
507   504   508   505   509   412   409   413   410   414   
411   415   304   301   305   302   306   303   307   182   
179   183   180   184   181   185   48    43    44    45    
49    46    47    640   637   641   642   647   638   643   
644   639   645   646   648   633   630   634   631   635   
632   636   626   623   627   624   628   625   629   619   
616   620   617   621   618   622   579   576   580   577   
581   578   582   499   496   500   497   501   498   502   
405   402   406   403   407   404   408   297   294   298   
295   299   296   300   175   172   176   173   177   174   
178   41    36    37    38    42    39    40    567   564   
568   569   574   565   570   571   566   572   573   575   
560   557   561   558   562   559   563   553   550   554   
551   555   552   556   546   543   547   544   548   545   
549   539   536   540   537   541   538   542   492   489   
493   490   494   491   495   398   395   399   396   400   
397   401   290   287   291   288   292   289   293   168   
165   169   166   170   167   171   34    29    30    31    
35    32    33    480   477   481   482   487   478   483   
484   479   485   486   488   473   470   474   471   475   
472   476   466   463   467   464   468   465   469   459   
456   460   457   461   458   462   452   449   453   450   
454   451   455   445   442   446   443   447   444   448   
391   388   392   389   393   390   394   283   280   284   
281   285   282   286   161   158   162   159   163   160   
164   27    22    23    24    28    25    26    379   376   
380   381   386   377   382   383   378   384   385   387   
372   369   373   370   374   371   375   365   362   366   
363   367   364   368   358   355   359   356   360   357   
361   351   348   352   349   353   350   354   344   341   
345   342   346   343   347   337   334   338   335   339   
336   340   276   273   277   274   278   275   279   154   
151   155   152   156   153   157   20    15    16    17    
21    18    19    264   261   265   266   271   262   267   
268   263   269   270   272   257   254   258   255   259   
256   260   250   247   251   248   252   249   253   243   
240   244   241   245   242   246   236   233   237   234   
238   235   239   229   226   230   227   231   228   232   
222   219   223   220   224   221   225   215   212   216   
213   217   214   218   147   144   148   145   149   146   
150   13    8     9     10    14    11    12    132   133   
137   138   139   134   140   135   136   141   142   143   
125   126   130   127   128   129   131   118   119   123   
120   121   122   124   111   112   116   113   114   115   
117   104   105   109   106   107   108   110   97    98    
102   99    100   101   103   90    91    95    92    93    
94    96    83    84    88    85    86    87    89    76    
77    81    78    79    80    82    1     2     3     4     
5     6     7     

%NODE.SUPPORT
153
1    1  1  0  0  0  0
2    0  1  0  0  0  0
3    0  1  0  0  0  0
7    1  0  0  0  0  0
8    1  0  0  0  0  0
9    1  1  0  0  0  0
10   0  1  0  0  0  0
12   1  0  0  0  0  0
13   1  1  0  0  0  0
14   0  1  0  0  0  0
15   0  1  0  0  0  0
19   1  0  0  0  0  0
20   1  0  0  0  0  0
21   0  1  0  0  0  0
22   0  1  0  0  0  0
26   0  1  0  0  0  0
28   0  1  0  0  0  0
29   0  1  0  0  0  0
33   0  1  0  0  0  0
34   0  1  0  0  0  0
38   0  1  0  0  0  0
40   0  1  0  0  0  0
41   0  1  0  0  0  0
45   0  1  0  0  0  0
46   0  1  0  0  0  0
50   0  1  0  0  0  0
52   0  1  0  0  0  0
53   0  1  0  0  0  0
57   0  1  0  0  0  0
58   0  1  0  0  0  0
62   0  1  0  0  0  0
64   0  1  0  0  0  0
65   0  1  0  0  0  0
69   0  1  0  0  0  0
70   0  1  0  0  0  0
74   0  1  0  0  0  0
76   0  1  0  0  0  0
77   0  1  0  0  0  0
81   0  1  0  0  0  0
82   0  1  0  0  0  0
86   0  1  0  0  0  0
88   0  1  0  0  0  0
89   0  1  0  0  0  0
93   0  1  0  0  0  0
94   0  1  0  0  0  0
98   0  1  0  0  0  0
100  0  1  0  0  0  0
101  0  1  0  0  0  0
105  0  1  0  0  0  0
106  0  1  0  0  0  0
110  0  1  0  0  0  0
112  0  1  0  0  0  0
113  0  1  0  0  0  0
117  0  1  0  0  0  0
118  0  1  1  0  0  0
119  0  0  1  0  0  0
120  0  0  1  0  0  0
122  0  1  1  0  0  0
123  0  0  1  0  0  0
124  0  1  0  0  0  0
125  0  1  1  0  0  0
126  0  0  1  0  0  0
127  0  0  1  0  0  0
132  1  0  0  0  0  0
133  1  0  0  0  0  0
135  1  0  0  0  0  0
139  1  0  0  0  0  0
140  1  0  0  0  0  0
197  0  0  1  0  0  0
198  0  0  1  0  0  0
200  0  0  1  0  0  0
201  0  0  1  0  0  0
202  0  0  1  0  0  0
207  1  0  0  0  0  0
208  1  0  0  0  0  0
210  1  0  0  0  0  0
214  1  0  0  0  0  0
215  1  0  0  0  0  0
272  0  0  1  0  0  0
273  0  0  1  0  0  0
275  0  0  1  0  0  0
276  0  0  1  0  0  0
277  0  0  1  0  0  0
282  1  0  0  0  0  0
283  1  0  0  0  0  0
285  1  0  0  0  0  0
289  1  0  0  0  0  0
290  1  0  0  0  0  0
347  0  0  1  0  0  0
348  0  0  1  0  0  0
350  0  0  1  0  0  0
351  0  0  1  0  0  0
352  0  0  1  0  0  0
357  1  0  0  0  0  0
358  1  0  0  0  0  0
360  1  0  0  0  0  0
364  1  0  0  0  0  0
365  1  0  0  0  0  0
422  0  0  1  0  0  0
423  0  0  1  0  0  0
425  0  0  1  0  0  0
426  0  0  1  0  0  0
427  0  0  1  0  0  0
432  1  0  0  0  0  0
433  1  0  0  0  0  0
435  1  0  0  0  0  0
439  1  0  0  0  0  0
440  1  0  0  0  0  0
497  0  0  1  0  0  0
498  0  0  1  0  0  0
500  0  0  1  0  0  0
501  0  0  1  0  0  0
502  0  0  1  0  0  0
507  1  0  0  0  0  0
508  1  0  0  0  0  0
510  1  0  0  0  0  0
514  1  0  0  0  0  0
515  1  0  0  0  0  0
572  0  0  1  0  0  0
573  0  0  1  0  0  0
575  0  0  1  0  0  0
576  0  0  1  0  0  0
577  0  0  1  0  0  0
582  1  0  0  0  0  0
583  1  0  0  0  0  0
585  1  0  0  0  0  0
589  1  0  0  0  0  0
590  1  0  0  0  0  0
647  0  0  1  0  0  0
648  0  0  1  0  0  0
650  0  0  1  0  0  0
651  0  0  1  0  0  0
652  0  0  1  0  0  0
657  1  0  0  0  0  0
658  1  0  0  0  0  0
660  1  0  0  0  0  0
664  1  0  0  0  0  0
665  1  0  0  0  0  0
722  0  0  1  0  0  0
723  0  0  1  0  0  0
725  0  0  1  0  0  0
726  0  0  1  0  0  0
727  0  0  1  0  0  0
732  1  0  0  0  0  0
733  1  0  0  0  0  0
735  1  0  0  0  0  0
739  1  0  0  0  0  0
740  1  0  0  0  0  0
797  0  0  1  0  0  0
798  0  0  1  0  0  0
800  0  0  1  0  0  0
801  0  0  1  0  0  0
802  0  0  1  0  0  0

%MATERIAL
1

%MATERIAL.ORTHOTROPIC
1
1   137.0e9  0.01e9  0.01e9  0.0  0.0  0.0  0.01e9  0.01e9  0.01e9

%SECTION
1

%SECTION.LAMINATED.SOLID
1  
1    0.0    1.0    0.0     1
1    1.0   90.0

%%SECTION.LAMINATED.SOLID
1  
1    0.0    1.0    0.0     4
1    1.0   90.0
1    1.0    0.0
1    1.0    0.0
1    1.0   90.0

%INTEGRATION.ORDER
1
1    3    3    3    3    3    3

%ELEMENT
100

%ELEMENT.BRICK20
100
1    1   1     1    2    3    4    5    6    7    8    9   10   11   12   13   14   15   16   17   18   19   20 
2    1   1     3   21   22   23   24   25    5    4   10   26   27   11   15   28   29   30   31   32   17   16 
3    1   1    22   33   34   35   36   37   24   23   26   38   39   27   29   40   41   42   43   44   31   30 
4    1   1    34   45   46   47   48   49   36   35   38   50   51   39   41   52   53   54   55   56   43   42 
5    1   1    46   57   58   59   60   61   48   47   50   62   63   51   53   64   65   66   67   68   55   54 
6    1   1    58   69   70   71   72   73   60   59   62   74   75   63   65   76   77   78   79   80   67   66 
7    1   1    70   81   82   83   84   85   72   71   74   86   87   75   77   88   89   90   91   92   79   78 
8    1   1    82   93   94   95   96   97   84   83   86   98   99   87   89  100  101  102  103  104   91   90 
9    1   1    94  105  106  107  108  109   96   95   98  110  111   99  101  112  113  114  115  116  103  102 
10   1   1   106  117  118  119  120  121  108  107  110  122  123  111  113  124  125  126  127  128  115  114 
11   1   1     7    6    5  129  130  131  132  133   12   11  134  135   19   18   17  136  137  138  139  140 
12   1   1     5   25   24  141  142  143  130  129   11   27  144  134   17   32   31  145  146  147  137  136 
13   1   1    24   37   36  148  149  150  142  141   27   39  151  144   31   44   43  152  153  154  146  145 
14   1   1    36   49   48  155  156  157  149  148   39   51  158  151   43   56   55  159  160  161  153  152 
15   1   1    48   61   60  162  163  164  156  155   51   63  165  158   55   68   67  166  167  168  160  159 
16   1   1    60   73   72  169  170  171  163  162   63   75  172  165   67   80   79  173  174  175  167  166 
17   1   1    72   85   84  176  177  178  170  169   75   87  179  172   79   92   91  180  181  182  174  173 
18   1   1    84   97   96  183  184  185  177  176   87   99  186  179   91  104  103  187  188  189  181  180 
19   1   1    96  109  108  190  191  192  184  183   99  111  193  186  103  116  115  194  195  196  188  187 
20   1   1   108  121  120  197  198  199  191  190  111  123  200  193  115  128  127  201  202  203  195  194 
21   1   1   132  131  130  204  205  206  207  208  135  134  209  210  139  138  137  211  212  213  214  215 
22   1   1   130  143  142  216  217  218  205  204  134  144  219  209  137  147  146  220  221  222  212  211 
23   1   1   142  150  149  223  224  225  217  216  144  151  226  219  146  154  153  227  228  229  221  220 
24   1   1   149  157  156  230  231  232  224  223  151  158  233  226  153  161  160  234  235  236  228  227 
25   1   1   156  164  163  237  238  239  231  230  158  165  240  233  160  168  167  241  242  243  235  234 
26   1   1   163  171  170  244  245  246  238  237  165  172  247  240  167  175  174  248  249  250  242  241 
27   1   1   170  178  177  251  252  253  245  244  172  179  254  247  174  182  181  255  256  257  249  248 
28   1   1   177  185  184  258  259  260  252  251  179  186  261  254  181  189  188  262  263  264  256  255 
29   1   1   184  192  191  265  266  267  259  258  186  193  268  261  188  196  195  269  270  271  263  262 
30   1   1   191  199  198  272  273  274  266  265  193  200  275  268  195  203  202  276  277  278  270  269 
31   1   1   207  206  205  279  280  281  282  283  210  209  284  285  214  213  212  286  287  288  289  290 
32   1   1   205  218  217  291  292  293  280  279  209  219  294  284  212  222  221  295  296  297  287  286 
33   1   1   217  225  224  298  299  300  292  291  219  226  301  294  221  229  228  302  303  304  296  295 
34   1   1   224  232  231  305  306  307  299  298  226  233  308  301  228  236  235  309  310  311  303  302 
35   1   1   231  239  238  312  313  314  306  305  233  240  315  308  235  243  242  316  317  318  310  309 
36   1   1   238  246  245  319  320  321  313  312  240  247  322  315  242  250  249  323  324  325  317  316 
37   1   1   245  253  252  326  327  328  320  319  247  254  329  322  249  257  256  330  331  332  324  323 
38   1   1   252  260  259  333  334  335  327  326  254  261  336  329  256  264  263  337  338  339  331  330 
39   1   1   259  267  266  340  341  342  334  333  261  268  343  336  263  271  270  344  345  346  338  337 
40   1   1   266  274  273  347  348  349  341  340  268  275  350  343  270  278  277  351  352  353  345  344 
41   1   1   282  281  280  354  355  356  357  358  285  284  359  360  289  288  287  361  362  363  364  365 
42   1   1   280  293  292  366  367  368  355  354  284  294  369  359  287  297  296  370  371  372  362  361 
43   1   1   292  300  299  373  374  375  367  366  294  301  376  369  296  304  303  377  378  379  371  370 
44   1   1   299  307  306  380  381  382  374  373  301  308  383  376  303  311  310  384  385  386  378  377 
45   1   1   306  314  313  387  388  389  381  380  308  315  390  383  310  318  317  391  392  393  385  384 
46   1   1   313  321  320  394  395  396  388  387  315  322  397  390  317  325  324  398  399  400  392  391 
47   1   1   320  328  327  401  402  403  395  394  322  329  404  397  324  332  331  405  406  407  399  398 
48   1   1   327  335  334  408  409  410  402  401  329  336  411  404  331  339  338  412  413  414  406  405 
49   1   1   334  342  341  415  416  417  409  408  336  343  418  411  338  346  345  419  420  421  413  412 
50   1   1   341  349  348  422  423  424  416  415  343  350  425  418  345  353  352  426  427  428  420  419 
51   1   1   357  356  355  429  430  431  432  433  360  359  434  435  364  363  362  436  437  438  439  440 
52   1   1   355  368  367  441  442  443  430  429  359  369  444  434  362  372  371  445  446  447  437  436 
53   1   1   367  375  374  448  449  450  442  441  369  376  451  444  371  379  378  452  453  454  446  445 
54   1   1   374  382  381  455  456  457  449  448  376  383  458  451  378  386  385  459  460  461  453  452 
55   1   1   381  389  388  462  463  464  456  455  383  390  465  458  385  393  392  466  467  468  460  459 
56   1   1   388  396  395  469  470  471  463  462  390  397  472  465  392  400  399  473  474  475  467  466 
57   1   1   395  403  402  476  477  478  470  469  397  404  479  472  399  407  406  480  481  482  474  473 
58   1   1   402  410  409  483  484  485  477  476  404  411  486  479  406  414  413  487  488  489  481  480 
59   1   1   409  417  416  490  491  492  484  483  411  418  493  486  413  421  420  494  495  496  488  487 
60   1   1   416  424  423  497  498  499  491  490  418  425  500  493  420  428  427  501  502  503  495  494 
61   1   1   432  431  430  504  505  506  507  508  435  434  509  510  439  438  437  511  512  513  514  515 
62   1   1   430  443  442  516  517  518  505  504  434  444  519  509  437  447  446  520  521  522  512  511 
63   1   1   442  450  449  523  524  525  517  516  444  451  526  519  446  454  453  527  528  529  521  520 
64   1   1   449  457  456  530  531  532  524  523  451  458  533  526  453  461  460  534  535  536  528  527 
65   1   1   456  464  463  537  538  539  531  530  458  465  540  533  460  468  467  541  542  543  535  534 
66   1   1   463  471  470  544  545  546  538  537  465  472  547  540  467  475  474  548  549  550  542  541 
67   1   1   470  478  477  551  552  553  545  544  472  479  554  547  474  482  481  555  556  557  549  548 
68   1   1   477  485  484  558  559  560  552  551  479  486  561  554  481  489  488  562  563  564  556  555 
69   1   1   484  492  491  565  566  567  559  558  486  493  568  561  488  496  495  569  570  571  563  562 
70   1   1   491  499  498  572  573  574  566  565  493  500  575  568  495  503  502  576  577  578  570  569 
71   1   1   507  506  505  579  580  581  582  583  510  509  584  585  514  513  512  586  587  588  589  590 
72   1   1   505  518  517  591  592  593  580  579  509  519  594  584  512  522  521  595  596  597  587  586 
73   1   1   517  525  524  598  599  600  592  591  519  526  601  594  521  529  528  602  603  604  596  595 
74   1   1   524  532  531  605  606  607  599  598  526  533  608  601  528  536  535  609  610  611  603  602 
75   1   1   531  539  538  612  613  614  606  605  533  540  615  608  535  543  542  616  617  618  610  609 
76   1   1   538  546  545  619  620  621  613  612  540  547  622  615  542  550  549  623  624  625  617  616 
77   1   1   545  553  552  626  627  628  620  619  547  554  629  622  549  557  556  630  631  632  624  623 
78   1   1   552  560  559  633  634  635  627  626  554  561  636  629  556  564  563  637  638  639  631  630 
79   1   1   559  567  566  640  641  642  634  633  561  568  643  636  563  571  570  644  645  646  638  637 
80   1   1   566  574  573  647  648  649  641  640  568  575  650  643  570  578  577  651  652  653  645  644 
81   1   1   582  581  580  654  655  656  657  658  585  584  659  660  589  588  587  661  662  663  664  665 
82   1   1   580  593  592  666  667  668  655  654  584  594  669  659  587  597  596  670  671  672  662  661 
83   1   1   592  600  599  673  674  675  667  666  594  601  676  669  596  604  603  677  678  679  671  670 
84   1   1   599  607  606  680  681  682  674  673  601  608  683  676  603  611  610  684  685  686  678  677 
85   1   1   606  614  613  687  688  689  681  680  608  615  690  683  610  618  617  691  692  693  685  684 
86   1   1   613  621  620  694  695  696  688  687  615  622  697  690  617  625  624  698  699  700  692  691 
87   1   1   620  628  627  701  702  703  695  694  622  629  704  697  624  632  631  705  706  707  699  698 
88   1   1   627  635  634  708  709  710  702  701  629  636  711  704  631  639  638  712  713  714  706  705 
89   1   1   634  642  641  715  716  717  709  708  636  643  718  711  638  646  645  719  720  721  713  712 
90   1   1   641  649  648  722  723  724  716  715  643  650  725  718  645  653  652  726  727  728  720  719 
91   1   1   657  656  655  729  730  731  732  733  660  659  734  735  664  663  662  736  737  738  739  740 
92   1   1   655  668  667  741  742  743  730  729  659  669  744  734  662  672  671  745  746  747  737  736 
93   1   1   667  675  674  748  749  750  742  741  669  676  751  744  671  679  678  752  753  754  746  745 
94   1   1   674  682  681  755  756  757  749  748  676  683  758  751  678  686  685  759  760  761  753  752 
95   1   1   681  689  688  762  763  764  756  755  683  690  765  758  685  693  692  766  767  768  760  759 
96   1   1   688  696  695  769  770  771  763  762  690  697  772  765  692  700  699  773  774  775  767  766 
97   1   1   695  703  702  776  777  778  770  769  697  704  779  772  699  707  706  780  781  782  774  773 
98   1   1   702  710  709  783  784  785  777  776  704  711  786  779  706  714  713  787  788  789  781  780 
99   1   1   709  717  716  790  791  792  784  783  711  718  793  786  713  721  720  794  795  796  788  787 
100  1   1   716  724  723  797  798  799  791  790  718  725  800  793  720  728  727  801  802  803  795  794 

%LOAD
1
1 'case1'

%LOAD.CASE
1

%LOAD.CASE.AREA.UNIFORM
100
1    13   15   17     1    0.0    0.0     -1.0e6
2    15   29   31     1    0.0    0.0     -1.0e6
3    29   41   43     1    0.0    0.0     -1.0e6
4    41   53   55     1    0.0    0.0     -1.0e6
5    53   65   67     1    0.0    0.0     -1.0e6
6    65   77   79     1    0.0    0.0     -1.0e6
7    77   89   91     1    0.0    0.0     -1.0e6
8    89   101  103    1    0.0    0.0     -1.0e6
9    101  113  115    1    0.0    0.0     -1.0e6
10   113  125  127    1    0.0    0.0     -1.0e6
11   19   17   137    1    0.0    0.0     -1.0e6
12   17   31   146    1    0.0    0.0     -1.0e6
13   31   43   153    1    0.0    0.0     -1.0e6
14   43   55   160    1    0.0    0.0     -1.0e6
15   55   67   167    1    0.0    0.0     -1.0e6
16   67   79   174    1    0.0    0.0     -1.0e6
17   79   91   181    1    0.0    0.0     -1.0e6
18   91   103  188    1    0.0    0.0     -1.0e6
19   103  115  195    1    0.0    0.0     -1.0e6
20   115  127  202    1    0.0    0.0     -1.0e6
21   139  137  212    1    0.0    0.0     -1.0e6
22   137  146  221    1    0.0    0.0     -1.0e6
23   146  153  228    1    0.0    0.0     -1.0e6
24   153  160  235    1    0.0    0.0     -1.0e6
25   160  167  242    1    0.0    0.0     -1.0e6
26   167  174  249    1    0.0    0.0     -1.0e6
27   174  181  256    1    0.0    0.0     -1.0e6
28   181  188  263    1    0.0    0.0     -1.0e6
29   188  195  270    1    0.0    0.0     -1.0e6
30   195  202  277    1    0.0    0.0     -1.0e6
31   214  212  287    1    0.0    0.0     -1.0e6
32   212  221  296    1    0.0    0.0     -1.0e6
33   221  228  303    1    0.0    0.0     -1.0e6
34   228  235  310    1    0.0    0.0     -1.0e6
35   235  242  317    1    0.0    0.0     -1.0e6
36   242  249  324    1    0.0    0.0     -1.0e6
37   249  256  331    1    0.0    0.0     -1.0e6
38   256  263  338    1    0.0    0.0     -1.0e6
39   263  270  345    1    0.0    0.0     -1.0e6
40   270  277  352    1    0.0    0.0     -1.0e6
41   289  287  362    1    0.0    0.0     -1.0e6
42   287  296  371    1    0.0    0.0     -1.0e6
43   296  303  378    1    0.0    0.0     -1.0e6
44   303  310  385    1    0.0    0.0     -1.0e6
45   310  317  392    1    0.0    0.0     -1.0e6
46   317  324  399    1    0.0    0.0     -1.0e6
47   324  331  406    1    0.0    0.0     -1.0e6
48   331  338  413    1    0.0    0.0     -1.0e6
49   338  345  420    1    0.0    0.0     -1.0e6
50   345  352  427    1    0.0    0.0     -1.0e6
51   364  362  437    1    0.0    0.0     -1.0e6
52   362  371  446    1    0.0    0.0     -1.0e6
53   371  378  453    1    0.0    0.0     -1.0e6
54   378  385  460    1    0.0    0.0     -1.0e6
55   385  392  467    1    0.0    0.0     -1.0e6
56   392  399  474    1    0.0    0.0     -1.0e6
57   399  406  481    1    0.0    0.0     -1.0e6
58   406  413  488    1    0.0    0.0     -1.0e6
59   413  420  495    1    0.0    0.0     -1.0e6
60   420  427  502    1    0.0    0.0     -1.0e6
61   439  437  512    1    0.0    0.0     -1.0e6
62   437  446  521    1    0.0    0.0     -1.0e6
63   446  453  528    1    0.0    0.0     -1.0e6
64   453  460  535    1    0.0    0.0     -1.0e6
65   460  467  542    1    0.0    0.0     -1.0e6
66   467  474  549    1    0.0    0.0     -1.0e6
67   474  481  556    1    0.0    0.0     -1.0e6
68   481  488  563    1    0.0    0.0     -1.0e6
69   488  495  570    1    0.0    0.0     -1.0e6
70   495  502  577    1    0.0    0.0     -1.0e6
71   514  512  587    1    0.0    0.0     -1.0e6
72   512  521  596    1    0.0    0.0     -1.0e6
73   521  528  603    1    0.0    0.0     -1.0e6
74   528  535  610    1    0.0    0.0     -1.0e6
75   535  542  617    1    0.0    0.0     -1.0e6
76   542  549  624    1    0.0    0.0     -1.0e6
77   549  556  631    1    0.0    0.0     -1.0e6
78   556  563  638    1    0.0    0.0     -1.0e6
79   563  570  645    1    0.0    0.0     -1.0e6
80   570  577  652    1    0.0    0.0     -1.0e6
81   589  587  662    1    0.0    0.0     -1.0e6
82   587  596  671    1    0.0    0.0     -1.0e6
83   596  603  678    1    0.0    0.0     -1.0e6
84   603  610  685    1    0.0    0.0     -1.0e6
85   610  617  692    1    0.0    0.0     -1.0e6
86   617  624  699    1    0.0    0.0     -1.0e6
87   624  631  706    1    0.0    0.0     -1.0e6
88   631  638  713    1    0.0    0.0     -1.0e6
89   638  645  720    1    0.0    0.0     -1.0e6
90   645  652  727    1    0.0    0.0     -1.0e6
91   664  662  737    1    0.0    0.0     -1.0e6
92   662  671  746    1    0.0    0.0     -1.0e6
93   671  678  753    1    0.0    0.0     -1.0e6
94   678  685  760    1    0.0    0.0     -1.0e6
95   685  692  767    1    0.0    0.0     -1.0e6
96   692  699  774    1    0.0    0.0     -1.0e6
97   699  706  781    1    0.0    0.0     -1.0e6
98   706  713  788    1    0.0    0.0     -1.0e6
99   713  720  795    1    0.0    0.0     -1.0e6
100  720  727  802    1    0.0    0.0     -1.0e6

%END
