%HEADER
Neutral file created by SymShell.

%NODE
20

%NODE.COORD
20
1     0.000000e+00  0.000000e+00  5.050000e-01
2     3.570889e-01  0.000000e+00  3.570889e-01
3     5.050000e-01  0.000000e+00  3.092233e-17
4     5.050000e-01  1.000000e+00  3.092233e-17
5     5.050000e-01  2.000000e+00  3.092233e-17
6     3.570889e-01  2.000000e+00  3.570889e-01
7     0.000000e+00  2.000000e+00  5.050000e-01
8     0.000000e+00  1.000000e+00  5.050000e-01
9     0.000000e+00  0.000000e+00  5.000000e-01
10    5.000000e-01  0.000000e+00  3.061617e-17
11    5.000000e-01  2.000000e+00  3.061617e-17
12    0.000000e+00  2.000000e+00  5.000000e-01
13    0.000000e+00  0.000000e+00  4.950000e-01
14    3.500179e-01  0.000000e+00  3.500179e-01
15    4.950000e-01  0.000000e+00  3.031001e-17
16    4.950000e-01  1.000000e+00  3.031001e-17
17    4.950000e-01  2.000000e+00  3.031001e-17
18    3.500179e-01  2.000000e+00  3.500179e-01
19    0.000000e+00  2.000000e+00  4.950000e-01
20    0.000000e+00  1.000000e+00  4.950000e-01

%NODE.SOLVER.ORDER
20
20    1     2     3     4     5     6     7     8     9     
10    11    12    13    14    15    16    17    18    19    

%NODE.SUPPORT
18
1    1  1  0  0  0  0
2    0  1  0  0  0  0
3    0  1  1  0  0  0
4    0  0  1  0  0  0
5    0  0  1  0  0  0
7    1  0  0  0  0  0
8    1  0  0  0  0  0
9    1  1  0  0  0  0
10   0  1  1  0  0  0
11   0  0  1  0  0  0
12   1  0  0  0  0  0
13   1  1  0  0  0  0
14   0  1  0  0  0  0
15   0  1  1  0  0  0
16   0  0  1  0  0  0
17   0  0  1  0  0  0
19   1  0  0  0  0  0
20   1  0  0  0  0  0

%MATERIAL
1

%MATERIAL.ORTHOTROPIC
1
1   200.0e9  200.0e9  200.0e9  0.3  0.3  0.3  76.9231e9  76.9231e9  76.9231e9

%SECTION
1

%SECTION.LAMINATED.SOLID
1  
1    0.0    1.0    0.0     1
1    1.0   90.0

%INTEGRATION.ORDER
1
1    3    3    3    3    3    3

%ELEMENT
1

%ELEMENT.BRICK20
1
1    1   1     1    2    3    4    5    6    7    8    9   10   11   12   13   14   15   16   17   18   19   20 

%LOAD
1
1 'case1'

%LOAD.CASE
1

%LOAD.CASE.AREA.UNIFORM
1
1    13   15   17     1    0.0    0.0     -1.0e6

%END
