%HEADER
This example deals with the progressive failure analysis of a
three-point bending plate specimen with laminated section.

Reference: Rocha, I. B. C. M. Analise e Otimizacao de Cascas
           Laminadas Considerando Nao-linearidade Geometrica
           e Falha Progressiva. Universidade Federal do Ceara,
           2013.

First Ply Failure: Step 159. Load Factor: 144.6815.
This failure can be identified when it takes more than 1 iteration for
the Newton-Raphson step to converge.

Ultimate Failure: Step 165. Final Load Factor: 149.8770.
Ultimate Failure: Step 166. Final Load Factor: 150.7854 (Iuri)
This failure can be identified when the load-carrying capacity
significantly diminishes between steps.

%HEADER.ANALYSIS.ALGORITHM
'dcm'

%HEADER.ANALYSIS.DISPLACEMENT.CONTROL
31 3

%HEADER.ANALYSIS.STEP.FACTOR
-1e-5

%HEADER.ANALYSIS.TOLERANCE
1e-5

%HEADER.ANALYSIS.TARGET.ITERATIONS
3

%HEADER.ANALYSIS.MAXIMUM.STEPS
200

%HEADER.ANALYSIS.MAXIMUM.ITERATIONS
100

%NODE
341

%NODE.COORD
341
1	0.000000	0.012065	0.000000
2	0.000813	0.012700	0.000000
3	0.000000	0.012700	0.000000
4	0.000000	0.011430	0.000000
5	0.000813	0.011430	0.000000
6	0.000000	0.010795	0.000000
7	0.000000	0.010160	0.000000
8	0.000813	0.010160	0.000000
9	0.000000	0.009525	0.000000
10	0.000000	0.008890	0.000000
11	0.000813	0.008890	0.000000
12	0.000000	0.008255	0.000000
13	0.000000	0.007620	0.000000
14	0.000813	0.007620	0.000000
15	0.000000	0.006985	0.000000
16	0.000000	0.006350	0.000000
17	0.000813	0.006350	0.000000
18	0.000000	0.005715	0.000000
19	0.000000	0.005080	0.000000
20	0.000813	0.005080	0.000000
21	0.000000	0.004445	0.000000
22	0.000000	0.003810	0.000000
23	0.000813	0.003810	0.000000
24	0.000000	0.003175	0.000000
25	0.000000	0.002540	0.000000
26	0.000813	0.002540	0.000000
27	0.000000	0.001905	0.000000
28	0.000000	0.001270	0.000000
29	0.000813	0.001270	0.000000
30	0.000813	0.000000	0.000000
31	0.000000	0.000000	0.000000
32	0.000000	0.000635	0.000000
33	0.001626	0.012065	0.000000
34	0.001626	0.012700	0.000000
35	0.002438	0.012700	0.000000
36	0.001626	0.011430	0.000000
37	0.001626	0.010795	0.000000
38	0.002438	0.011430	0.000000
39	0.001626	0.010160	0.000000
40	0.001626	0.009525	0.000000
41	0.002438	0.010160	0.000000
42	0.001626	0.008890	0.000000
43	0.001626	0.008255	0.000000
44	0.002438	0.008890	0.000000
45	0.001626	0.007620	0.000000
46	0.001626	0.006985	0.000000
47	0.002438	0.007620	0.000000
48	0.001626	0.006350	0.000000
49	0.002438	0.006350	0.000000
50	0.001626	0.005715	0.000000
51	0.001626	0.005080	0.000000
52	0.001626	0.004445	0.000000
53	0.002438	0.005080	0.000000
54	0.001626	0.003810	0.000000
55	0.001626	0.003175	0.000000
56	0.002438	0.003810	0.000000
57	0.001626	0.002540	0.000000
58	0.001626	0.001905	0.000000
59	0.002438	0.002540	0.000000
60	0.001626	0.001270	0.000000
61	0.002438	0.001270	0.000000
62	0.001626	0.000000	0.000000
63	0.001626	0.000635	0.000000
64	0.002438	0.000000	0.000000
65	0.003251	0.012065	0.000000
66	0.003251	0.012700	0.000000
67	0.004064	0.012700	0.000000
68	0.004877	0.012065	0.000000
69	0.004877	0.012700	0.000000
70	0.005690	0.012700	0.000000
71	0.006502	0.012065	0.000000
72	0.006502	0.012700	0.000000
73	0.007315	0.012700	0.000000
74	0.008128	0.012065	0.000000
75	0.008128	0.012700	0.000000
76	0.008941	0.012700	0.000000
77	0.009754	0.012065	0.000000
78	0.009754	0.012700	0.000000
79	0.010566	0.012700	0.000000
80	0.011379	0.012065	0.000000
81	0.011379	0.012700	0.000000
82	0.012192	0.012700	0.000000
83	0.013005	0.012700	0.000000
84	0.013005	0.012065	0.000000
85	0.013818	0.012700	0.000000
86	0.014630	0.012065	0.000000
87	0.014630	0.012700	0.000000
88	0.016256	0.012700	0.000000
89	0.015443	0.012700	0.000000
90	0.016256	0.012065	0.000000
91	0.003251	0.011430	0.000000
92	0.003251	0.010795	0.000000
93	0.004064	0.011430	0.000000
94	0.003251	0.010160	0.000000
95	0.003251	0.009525	0.000000
96	0.004064	0.010160	0.000000
97	0.003251	0.008890	0.000000
98	0.003251	0.008255	0.000000
99	0.004064	0.008890	0.000000
100	0.003251	0.007620	0.000000
101	0.003251	0.006985	0.000000
102	0.004064	0.007620	0.000000
103	0.003251	0.006350	0.000000
104	0.003251	0.005715	0.000000
105	0.004064	0.006350	0.000000
106	0.003251	0.005080	0.000000
107	0.003251	0.004445	0.000000
108	0.004064	0.005080	0.000000
109	0.003251	0.003810	0.000000
110	0.003251	0.003175	0.000000
111	0.004064	0.003810	0.000000
112	0.003251	0.002540	0.000000
113	0.003251	0.001905	0.000000
114	0.004064	0.002540	0.000000
115	0.003251	0.001270	0.000000
116	0.004064	0.001270	0.000000
117	0.003251	0.000000	0.000000
118	0.003251	0.000635	0.000000
119	0.004064	0.000000	0.000000
120	0.004877	0.011430	0.000000
121	0.004877	0.010795	0.000000
122	0.005690	0.011430	0.000000
123	0.006502	0.011430	0.000000
124	0.007315	0.011430	0.000000
125	0.006502	0.010795	0.000000
126	0.008128	0.011430	0.000000
127	0.008128	0.010795	0.000000
128	0.008941	0.011430	0.000000
129	0.009754	0.011430	0.000000
130	0.010566	0.011430	0.000000
131	0.009754	0.010795	0.000000
132	0.011379	0.011430	0.000000
133	0.011379	0.010795	0.000000
134	0.012192	0.011430	0.000000
135	0.013005	0.011430	0.000000
136	0.013005	0.010795	0.000000
137	0.013818	0.011430	0.000000
138	0.014630	0.011430	0.000000
139	0.014630	0.010795	0.000000
140	0.016256	0.011430	0.000000
141	0.015443	0.011430	0.000000
142	0.016256	0.010795	0.000000
143	0.004877	0.010160	0.000000
144	0.005690	0.010160	0.000000
145	0.004877	0.009525	0.000000
146	0.004877	0.008890	0.000000
147	0.004877	0.008255	0.000000
148	0.005690	0.008890	0.000000
149	0.004877	0.007620	0.000000
150	0.005690	0.007620	0.000000
151	0.004877	0.006985	0.000000
152	0.004877	0.006350	0.000000
153	0.004877	0.005715	0.000000
154	0.005690	0.006350	0.000000
155	0.004877	0.005080	0.000000
156	0.004877	0.004445	0.000000
157	0.005690	0.005080	0.000000
158	0.004877	0.003810	0.000000
159	0.005690	0.003810	0.000000
160	0.004877	0.003175	0.000000
161	0.004877	0.002540	0.000000
162	0.004877	0.001905	0.000000
163	0.005690	0.002540	0.000000
164	0.004877	0.001270	0.000000
165	0.005690	0.001270	0.000000
166	0.004877	0.000000	0.000000
167	0.004877	0.000635	0.000000
168	0.005690	0.000000	0.000000
169	0.006502	0.010160	0.000000
170	0.006502	0.009525	0.000000
171	0.007315	0.010160	0.000000
172	0.008128	0.010160	0.000000
173	0.008128	0.009525	0.000000
174	0.008941	0.010160	0.000000
175	0.009754	0.010160	0.000000
176	0.009754	0.009525	0.000000
177	0.010566	0.010160	0.000000
178	0.011379	0.010160	0.000000
179	0.012192	0.010160	0.000000
180	0.011379	0.009525	0.000000
181	0.013005	0.010160	0.000000
182	0.013005	0.009525	0.000000
183	0.013818	0.010160	0.000000
184	0.014630	0.010160	0.000000
185	0.014630	0.009525	0.000000
186	0.016256	0.010160	0.000000
187	0.015443	0.010160	0.000000
188	0.016256	0.009525	0.000000
189	0.006502	0.008890	0.000000
190	0.006502	0.008255	0.000000
191	0.007315	0.008890	0.000000
192	0.006502	0.007620	0.000000
193	0.006502	0.006985	0.000000
194	0.007315	0.007620	0.000000
195	0.006502	0.006350	0.000000
196	0.007315	0.006350	0.000000
197	0.006502	0.005715	0.000000
198	0.006502	0.005080	0.000000
199	0.006502	0.004445	0.000000
200	0.007315	0.005080	0.000000
201	0.006502	0.003810	0.000000
202	0.007315	0.003810	0.000000
203	0.006502	0.003175	0.000000
204	0.006502	0.002540	0.000000
205	0.006502	0.001905	0.000000
206	0.007315	0.002540	0.000000
207	0.006502	0.001270	0.000000
208	0.007315	0.001270	0.000000
209	0.006502	0.000000	0.000000
210	0.006502	0.000635	0.000000
211	0.007315	0.000000	0.000000
212	0.008128	0.008890	0.000000
213	0.008128	0.008255	0.000000
214	0.008941	0.008890	0.000000
215	0.009754	0.008890	0.000000
216	0.009754	0.008255	0.000000
217	0.010566	0.008890	0.000000
218	0.011379	0.008890	0.000000
219	0.011379	0.008255	0.000000
220	0.012192	0.008890	0.000000
221	0.013005	0.008890	0.000000
222	0.013005	0.008255	0.000000
223	0.013818	0.008890	0.000000
224	0.014630	0.008890	0.000000
225	0.014630	0.008255	0.000000
226	0.016256	0.008890	0.000000
227	0.015443	0.008890	0.000000
228	0.016256	0.008255	0.000000
229	0.008128	0.007620	0.000000
230	0.008128	0.006985	0.000000
231	0.008941	0.007620	0.000000
232	0.008128	0.006350	0.000000
233	0.008128	0.005715	0.000000
234	0.008941	0.006350	0.000000
235	0.008128	0.005080	0.000000
236	0.008128	0.004445	0.000000
237	0.008941	0.005080	0.000000
238	0.008128	0.003810	0.000000
239	0.008128	0.003175	0.000000
240	0.008941	0.003810	0.000000
241	0.008128	0.002540	0.000000
242	0.008128	0.001905	0.000000
243	0.008941	0.002540	0.000000
244	0.008128	0.001270	0.000000
245	0.008941	0.001270	0.000000
246	0.008128	0.000000	0.000000
247	0.008128	0.000635	0.000000
248	0.008941	0.000000	0.000000
249	0.009754	0.007620	0.000000
250	0.009754	0.006985	0.000000
251	0.010566	0.007620	0.000000
252	0.011379	0.007620	0.000000
253	0.011379	0.006985	0.000000
254	0.012192	0.007620	0.000000
255	0.013005	0.007620	0.000000
256	0.013005	0.006985	0.000000
257	0.013818	0.007620	0.000000
258	0.014630	0.007620	0.000000
259	0.014630	0.006985	0.000000
260	0.016256	0.007620	0.000000
261	0.015443	0.007620	0.000000
262	0.016256	0.006985	0.000000
263	0.009754	0.006350	0.000000
264	0.009754	0.005715	0.000000
265	0.010566	0.006350	0.000000
266	0.009754	0.005080	0.000000
267	0.009754	0.004445	0.000000
268	0.010566	0.005080	0.000000
269	0.009754	0.003810	0.000000
270	0.009754	0.003175	0.000000
271	0.010566	0.003810	0.000000
272	0.009754	0.002540	0.000000
273	0.009754	0.001905	0.000000
274	0.010566	0.002540	0.000000
275	0.009754	0.001270	0.000000
276	0.009754	0.000635	0.000000
277	0.010566	0.001270	0.000000
278	0.009754	0.000000	0.000000
279	0.010566	0.000000	0.000000
280	0.011379	0.006350	0.000000
281	0.011379	0.005715	0.000000
282	0.012192	0.006350	0.000000
283	0.013005	0.006350	0.000000
284	0.013005	0.005715	0.000000
285	0.013818	0.006350	0.000000
286	0.014630	0.006350	0.000000
287	0.014630	0.005715	0.000000
288	0.016256	0.006350	0.000000
289	0.015443	0.006350	0.000000
290	0.016256	0.005715	0.000000
291	0.011379	0.005080	0.000000
292	0.011379	0.004445	0.000000
293	0.012192	0.005080	0.000000
294	0.011379	0.003810	0.000000
295	0.011379	0.003175	0.000000
296	0.012192	0.003810	0.000000
297	0.011379	0.002540	0.000000
298	0.011379	0.001905	0.000000
299	0.012192	0.002540	0.000000
300	0.011379	0.001270	0.000000
301	0.012192	0.001270	0.000000
302	0.011379	0.000635	0.000000
303	0.011379	0.000000	0.000000
304	0.012192	0.000000	0.000000
305	0.013005	0.005080	0.000000
306	0.013005	0.004445	0.000000
307	0.013818	0.005080	0.000000
308	0.014630	0.005080	0.000000
309	0.014630	0.004445	0.000000
310	0.016256	0.005080	0.000000
311	0.015443	0.005080	0.000000
312	0.016256	0.004445	0.000000
313	0.013005	0.003810	0.000000
314	0.013005	0.003175	0.000000
315	0.013818	0.003810	0.000000
316	0.013005	0.002540	0.000000
317	0.013818	0.002540	0.000000
318	0.013005	0.001905	0.000000
319	0.013005	0.001270	0.000000
320	0.013818	0.001270	0.000000
321	0.013005	0.000000	0.000000
322	0.013005	0.000635	0.000000
323	0.013818	0.000000	0.000000
324	0.014630	0.003810	0.000000
325	0.014630	0.003175	0.000000
326	0.016256	0.003810	0.000000
327	0.015443	0.003810	0.000000
328	0.016256	0.003175	0.000000
329	0.014630	0.001270	0.000000
330	0.014630	0.002540	0.000000
331	0.014630	0.001905	0.000000
332	0.016256	0.001270	0.000000
333	0.014630	0.000000	0.000000
334	0.014630	0.000635	0.000000
335	0.016256	0.002540	0.000000
336	0.015443	0.002540	0.000000
337	0.015443	0.000000	0.000000
338	0.016256	0.000000	0.000000
339	0.016256	0.001905	0.000000
340	0.016256	0.000635	0.000000
341	0.015443	0.001270	0.000000

%NODE.SUPPORT
61
304	0	1	0	1	0	0
168	0	1	0	1	0	0
119	0	1	0	1	0	0
209	0	1	0	1	0	0
64	0	1	0	1	0	0
278	0	1	0	1	0	0
30	0	1	0	1	0	0
166	0	1	0	1	0	0
117	0	1	0	1	0	0
246	0	1	0	1	0	0
211	0	1	0	1	0	0
321	0	1	0	1	0	0
337	0	1	0	1	0	0
279	0	1	0	1	0	0
333	0	1	0	1	0	0
248	0	1	0	1	0	0
303	0	1	0	1	0	0
62	0	1	0	1	0	0
323	0	1	0	1	0	0
31	1	1	0	1	1	0
10	1	0	0	0	1	0
6	1	0	0	0	1	0
1	1	0	0	0	1	0
28	1	0	0	0	1	0
15	1	0	0	0	1	0
21	1	0	0	0	1	0
25	1	0	0	0	1	0
22	1	0	0	0	1	0
16	1	0	0	0	1	0
12	1	0	0	0	1	0
18	1	0	0	0	1	0
3	1	0	0	0	1	0
24	1	0	0	0	1	0
4	1	0	0	0	1	0
7	1	0	0	0	1	0
13	1	0	0	0	1	0
9	1	0	0	0	1	0
27	1	0	0	0	1	0
32	1	0	0	0	1	0
19	1	0	0	0	1	0
340	1	0	1	0	0	0
228	1	0	1	0	0	0
310	1	0	1	0	0	0
188	1	0	1	0	0	0
262	1	0	1	0	0	0
260	1	0	1	0	0	0
140	1	0	1	0	0	0
88	1	0	1	0	0	0
332	1	0	1	0	0	0
290	1	0	1	0	0	0
142	1	0	1	0	0	0
312	1	0	1	0	0	0
326	1	0	1	0	0	0
90	1	0	1	0	0	0
226	1	0	1	0	0	0
328	1	0	1	0	0	0
186	1	0	1	0	0	0
339	1	0	1	0	0	0
335	1	0	1	0	0	0
288	1	0	1	0	0	0
338	1	1	1	1	0	0

%MATERIAL
1

%SECTION
1

%MATERIAL.PROGFAIL.ENGELSTAD
1 
1 132.3648e9   10.75464e9    10.75464e9    0.24   0.24   0.49    5.65308e9    5.65308e9   3.37806e9 1513.23e6 1695.92e6 43.78e6 164.4219e6 43.78e6 164.4219e6 67.56e6 86.8644e6 86.8644e6 1e-10

%SECTION.LAMINATED.SHELL
1
1 1.0 0.0 0.0 8
1 0.000127 0
1 0.000127 0
1 0.000127 0
1 0.000127 0
1 0.000127 0
1 0.000127 0
1 0.000127 0
1 0.000127 0

%INTEGRATION.ORDER
1
1	2	2	1	2	2	1

%ELEMENT
100

%ELEMENT.SHALLOWSHELL.Q8
100
1	1	1	31	30	62	63	60	29	28	32
2	1	1	62	64	117	118	115	61	60	63
3	1	1	117	119	166	167	164	116	115	118
4	1	1	166	168	209	210	207	165	164	167
5	1	1	209	211	246	247	244	208	207	210
6	1	1	246	248	278	276	275	245	244	247
7	1	1	321	323	333	334	329	320	319	322
8	1	1	303	304	321	322	319	301	300	302
9	1	1	278	279	303	302	300	277	275	276
10	1	1	333	337	338	340	332	341	329	334
11	1	1	28	29	60	58	57	26	25	27
12	1	1	60	61	115	113	112	59	57	58
13	1	1	115	116	164	162	161	114	112	113
14	1	1	164	165	207	205	204	163	161	162
15	1	1	207	208	244	242	241	206	204	205
16	1	1	244	245	275	273	272	243	241	242
17	1	1	319	320	329	331	330	317	316	318
18	1	1	300	301	319	318	316	299	297	298
19	1	1	329	341	332	339	335	336	330	331
20	1	1	275	277	300	298	297	274	272	273
21	1	1	25	26	57	55	54	23	22	24
22	1	1	57	59	112	110	109	56	54	55
23	1	1	112	114	161	160	158	111	109	110
24	1	1	241	243	272	270	269	240	238	239
25	1	1	204	206	241	239	238	202	201	203
26	1	1	161	163	204	203	201	159	158	160
27	1	1	272	274	297	295	294	271	269	270
28	1	1	316	317	330	325	324	315	313	314
29	1	1	297	299	316	314	313	296	294	295
30	1	1	330	336	335	328	326	327	324	325
31	1	1	22	23	54	52	51	20	19	21
32	1	1	54	56	109	107	106	53	51	52
33	1	1	109	111	158	156	155	108	106	107
34	1	1	201	202	238	236	235	200	198	199
35	1	1	158	159	201	199	198	157	155	156
36	1	1	238	240	269	267	266	237	235	236
37	1	1	269	271	294	292	291	268	266	267
38	1	1	313	315	324	309	308	307	305	306
39	1	1	294	296	313	306	305	293	291	292
40	1	1	324	327	326	312	310	311	308	309
41	1	1	19	20	51	50	48	17	16	18
42	1	1	106	108	155	153	152	105	103	104
43	1	1	51	53	106	104	103	49	48	50
44	1	1	155	157	198	197	195	154	152	153
45	1	1	235	237	266	264	263	234	232	233
46	1	1	198	200	235	233	232	196	195	197
47	1	1	305	307	308	287	286	285	283	284
48	1	1	266	268	291	281	280	265	263	264
49	1	1	291	293	305	284	283	282	280	281
50	1	1	308	311	310	290	288	289	286	287
51	1	1	16	17	48	46	45	14	13	15
52	1	1	48	49	103	101	100	47	45	46
53	1	1	103	105	152	151	149	102	100	101
54	1	1	232	234	263	250	249	231	229	230
55	1	1	195	196	232	230	229	194	192	193
56	1	1	152	154	195	193	192	150	149	151
57	1	1	263	265	280	253	252	251	249	250
58	1	1	280	282	283	256	255	254	252	253
59	1	1	283	285	286	259	258	257	255	256
60	1	1	286	289	288	262	260	261	258	259
61	1	1	13	14	45	43	42	11	10	12
62	1	1	45	47	100	98	97	44	42	43
63	1	1	100	102	149	147	146	99	97	98
64	1	1	149	150	192	190	189	148	146	147
65	1	1	192	194	229	213	212	191	189	190
66	1	1	229	231	249	216	215	214	212	213
67	1	1	249	251	252	219	218	217	215	216
68	1	1	252	254	255	222	221	220	218	219
69	1	1	255	257	258	225	224	223	221	222
70	1	1	258	261	260	228	226	227	224	225
71	1	1	10	11	42	40	39	8	7	9
72	1	1	42	44	97	95	94	41	39	40
73	1	1	97	99	146	145	143	96	94	95
74	1	1	189	191	212	173	172	171	169	170
75	1	1	212	214	215	176	175	174	172	173
76	1	1	146	148	189	170	169	144	143	145
77	1	1	221	223	224	185	184	183	181	182
78	1	1	215	217	218	180	178	177	175	176
79	1	1	218	220	221	182	181	179	178	180
80	1	1	224	227	226	188	186	187	184	185
81	1	1	7	8	39	37	36	5	4	6
82	1	1	39	41	94	92	91	38	36	37
83	1	1	181	183	184	139	138	137	135	136
84	1	1	94	96	143	121	120	93	91	92
85	1	1	184	187	186	142	140	141	138	139
86	1	1	172	174	175	131	129	128	126	127
87	1	1	169	171	172	127	126	124	123	125
88	1	1	178	179	181	136	135	134	132	133
89	1	1	175	177	178	133	132	130	129	131
90	1	1	143	144	169	125	123	122	120	121
91	1	1	4	5	36	33	34	2	3	1
92	1	1	36	38	91	65	66	35	34	33
93	1	1	91	93	120	68	69	67	66	65
94	1	1	120	122	123	71	72	70	69	68
95	1	1	123	124	126	74	75	73	72	71
96	1	1	135	137	138	86	87	85	83	84
97	1	1	129	130	132	80	81	79	78	77
98	1	1	126	128	129	77	78	76	75	74
99	1	1	132	134	135	84	83	82	81	80
100	1	1	138	141	140	90	88	89	87	86

%LOAD
1
1	'Load_Case_1'

%LOAD.CASE
1

%LOAD.CASE.LINE.FORCE.UNIFORM
10
1	28	31	0	0.000000	0.000000	-87.5591
31	19	22	0	0.000000	0.000000	-87.5591
41	16	19	0	0.000000	0.000000	-87.5591
61	10	13	0	0.000000	0.000000	-87.5591
81	4	7	0	0.000000	0.000000	-87.5591
71	7	10	0	0.000000	0.000000	-87.5591
21	22	25	0	0.000000	0.000000	-87.5591
11	25	28	0	0.000000	0.000000	-87.5591
51	13	16	0	0.000000	0.000000	-87.5591
91	3	4	0	0.000000	0.000000	-87.5591

%END
