%HEADER

%HEADER.ANALYSIS.ALGORITHM
'uoal'
'clinal'
'dcm'
'clal'

%HEADER.ANALYSIS.DISPLACEMENT.CONTROL
404	2

%HEADER.ANALYSIS.STEP.FACTOR
5.0
1.0e-5
1.0e-4

%HEADER.ANALYSIS.TOLERANCE
1.0e-4

%HEADER.ANALYSIS.MAXIMUM.STEPS
1000
300

%HEADER.ANALYSIS.PRINT.STEPS
1
2

%HEADER.ANALYSIS.MAXIMUM.ITERATIONS
100
10

%%HEADER.ANALYSIS.TARGET.ITERATIONS
2
3

%NODE
404

%NODE.COORD
404
1     0.000000e+00  0.000000e+00  0.000000e+00
2     1.000000e-03  0.000000e+00  0.000000e+00
3     1.000000e-03  1.500000e-03  0.000000e+00
4     0.000000e+00  1.500000e-03  0.000000e+00
5     2.000000e-03  0.000000e+00  0.000000e+00
6     2.000000e-03  1.500000e-03  0.000000e+00
7     3.000000e-03  0.000000e+00  0.000000e+00
8     3.000000e-03  1.500000e-03  0.000000e+00
9     4.000000e-03  0.000000e+00  0.000000e+00
10    4.000000e-03  1.500000e-03  0.000000e+00
11    5.000000e-03  0.000000e+00  0.000000e+00
12    5.000000e-03  1.500000e-03  0.000000e+00
13    6.000000e-03  0.000000e+00  0.000000e+00
14    6.000000e-03  1.500000e-03  0.000000e+00
15    7.000000e-03  0.000000e+00  0.000000e+00
16    7.000000e-03  1.500000e-03  0.000000e+00
17    8.000000e-03  0.000000e+00  0.000000e+00
18    8.000000e-03  1.500000e-03  0.000000e+00
19    9.000000e-03  0.000000e+00  0.000000e+00
20    9.000000e-03  1.500000e-03  0.000000e+00
21    1.000000e-02  0.000000e+00  0.000000e+00
22    1.000000e-02  1.500000e-03  0.000000e+00
23    1.100000e-02  0.000000e+00  0.000000e+00
24    1.100000e-02  1.500000e-03  0.000000e+00
25    1.200000e-02  0.000000e+00  0.000000e+00
26    1.200000e-02  1.500000e-03  0.000000e+00
27    1.300000e-02  0.000000e+00  0.000000e+00
28    1.300000e-02  1.500000e-03  0.000000e+00
29    1.400000e-02  0.000000e+00  0.000000e+00
30    1.400000e-02  1.500000e-03  0.000000e+00
31    1.500000e-02  0.000000e+00  0.000000e+00
32    1.500000e-02  1.500000e-03  0.000000e+00
33    1.600000e-02  0.000000e+00  0.000000e+00
34    1.600000e-02  1.500000e-03  0.000000e+00
35    1.700000e-02  0.000000e+00  0.000000e+00
36    1.700000e-02  1.500000e-03  0.000000e+00
37    1.800000e-02  0.000000e+00  0.000000e+00
38    1.800000e-02  1.500000e-03  0.000000e+00
39    1.900000e-02  0.000000e+00  0.000000e+00
40    1.900000e-02  1.500000e-03  0.000000e+00
41    2.000000e-02  0.000000e+00  0.000000e+00
42    2.000000e-02  1.500000e-03  0.000000e+00
43    2.100000e-02  0.000000e+00  0.000000e+00
44    2.100000e-02  1.500000e-03  0.000000e+00
45    2.200000e-02  0.000000e+00  0.000000e+00
46    2.200000e-02  1.500000e-03  0.000000e+00
47    2.300000e-02  0.000000e+00  0.000000e+00
48    2.300000e-02  1.500000e-03  0.000000e+00
49    2.400000e-02  0.000000e+00  0.000000e+00
50    2.400000e-02  1.500000e-03  0.000000e+00
51    2.500000e-02  0.000000e+00  0.000000e+00
52    2.500000e-02  1.500000e-03  0.000000e+00
53    2.600000e-02  0.000000e+00  0.000000e+00
54    2.600000e-02  1.500000e-03  0.000000e+00
55    2.700000e-02  0.000000e+00  0.000000e+00
56    2.700000e-02  1.500000e-03  0.000000e+00
57    2.800000e-02  0.000000e+00  0.000000e+00
58    2.800000e-02  1.500000e-03  0.000000e+00
59    2.900000e-02  0.000000e+00  0.000000e+00
60    2.900000e-02  1.500000e-03  0.000000e+00
61    3.000000e-02  0.000000e+00  0.000000e+00
62    3.000000e-02  1.500000e-03  0.000000e+00
63    3.100000e-02  0.000000e+00  0.000000e+00
64    3.100000e-02  1.500000e-03  0.000000e+00
65    3.200000e-02  0.000000e+00  0.000000e+00
66    3.200000e-02  1.500000e-03  0.000000e+00
67    3.300000e-02  0.000000e+00  0.000000e+00
68    3.300000e-02  1.500000e-03  0.000000e+00
69    3.400000e-02  0.000000e+00  0.000000e+00
70    3.400000e-02  1.500000e-03  0.000000e+00
71    3.500000e-02  0.000000e+00  0.000000e+00
72    3.500000e-02  1.500000e-03  0.000000e+00
73    3.600000e-02  0.000000e+00  0.000000e+00
74    3.600000e-02  1.500000e-03  0.000000e+00
75    3.700000e-02  0.000000e+00  0.000000e+00
76    3.700000e-02  1.500000e-03  0.000000e+00
77    3.800000e-02  0.000000e+00  0.000000e+00
78    3.800000e-02  1.500000e-03  0.000000e+00
79    3.900000e-02  0.000000e+00  0.000000e+00
80    3.900000e-02  1.500000e-03  0.000000e+00
81    4.000000e-02  0.000000e+00  0.000000e+00
82    4.000000e-02  1.500000e-03  0.000000e+00
83    4.100000e-02  0.000000e+00  0.000000e+00
84    4.100000e-02  1.500000e-03  0.000000e+00
85    4.200000e-02  0.000000e+00  0.000000e+00
86    4.200000e-02  1.500000e-03  0.000000e+00
87    4.300000e-02  0.000000e+00  0.000000e+00
88    4.300000e-02  1.500000e-03  0.000000e+00
89    4.400000e-02  0.000000e+00  0.000000e+00
90    4.400000e-02  1.500000e-03  0.000000e+00
91    4.500000e-02  0.000000e+00  0.000000e+00
92    4.500000e-02  1.500000e-03  0.000000e+00
93    4.600000e-02  0.000000e+00  0.000000e+00
94    4.600000e-02  1.500000e-03  0.000000e+00
95    4.700000e-02  0.000000e+00  0.000000e+00
96    4.700000e-02  1.500000e-03  0.000000e+00
97    4.800000e-02  0.000000e+00  0.000000e+00
98    4.800000e-02  1.500000e-03  0.000000e+00
99    4.900000e-02  0.000000e+00  0.000000e+00
100   4.900000e-02  1.500000e-03  0.000000e+00
101   5.000000e-02  0.000000e+00  0.000000e+00
102   5.000000e-02  1.500000e-03  0.000000e+00
103   5.100000e-02  0.000000e+00  0.000000e+00
104   5.100000e-02  1.500000e-03  0.000000e+00
105   5.200000e-02  0.000000e+00  0.000000e+00
106   5.200000e-02  1.500000e-03  0.000000e+00
107   5.300000e-02  0.000000e+00  0.000000e+00
108   5.300000e-02  1.500000e-03  0.000000e+00
109   5.400000e-02  0.000000e+00  0.000000e+00
110   5.400000e-02  1.500000e-03  0.000000e+00
111   5.500000e-02  0.000000e+00  0.000000e+00
112   5.500000e-02  1.500000e-03  0.000000e+00
113   5.600000e-02  0.000000e+00  0.000000e+00
114   5.600000e-02  1.500000e-03  0.000000e+00
115   5.700000e-02  0.000000e+00  0.000000e+00
116   5.700000e-02  1.500000e-03  0.000000e+00
117   5.800000e-02  0.000000e+00  0.000000e+00
118   5.800000e-02  1.500000e-03  0.000000e+00
119   5.900000e-02  0.000000e+00  0.000000e+00
120   5.900000e-02  1.500000e-03  0.000000e+00
121   6.000000e-02  0.000000e+00  0.000000e+00
122   6.000000e-02  1.500000e-03  0.000000e+00
123   6.100000e-02  0.000000e+00  0.000000e+00
124   6.100000e-02  1.500000e-03  0.000000e+00
125   6.200000e-02  0.000000e+00  0.000000e+00
126   6.200000e-02  1.500000e-03  0.000000e+00
127   6.300000e-02  0.000000e+00  0.000000e+00
128   6.300000e-02  1.500000e-03  0.000000e+00
129   6.400000e-02  0.000000e+00  0.000000e+00
130   6.400000e-02  1.500000e-03  0.000000e+00
131   6.500000e-02  0.000000e+00  0.000000e+00
132   6.500000e-02  1.500000e-03  0.000000e+00
133   6.600000e-02  0.000000e+00  0.000000e+00
134   6.600000e-02  1.500000e-03  0.000000e+00
135   6.700000e-02  0.000000e+00  0.000000e+00
136   6.700000e-02  1.500000e-03  0.000000e+00
137   6.800000e-02  0.000000e+00  0.000000e+00
138   6.800000e-02  1.500000e-03  0.000000e+00
139   6.900000e-02  0.000000e+00  0.000000e+00
140   6.900000e-02  1.500000e-03  0.000000e+00
141   7.000000e-02  0.000000e+00  0.000000e+00
142   7.000000e-02  1.500000e-03  0.000000e+00
143   7.100000e-02  0.000000e+00  0.000000e+00
144   7.100000e-02  1.500000e-03  0.000000e+00
145   7.200000e-02  0.000000e+00  0.000000e+00
146   7.200000e-02  1.500000e-03  0.000000e+00
147   7.300000e-02  0.000000e+00  0.000000e+00
148   7.300000e-02  1.500000e-03  0.000000e+00
149   7.400000e-02  0.000000e+00  0.000000e+00
150   7.400000e-02  1.500000e-03  0.000000e+00
151   7.500000e-02  0.000000e+00  0.000000e+00
152   7.500000e-02  1.500000e-03  0.000000e+00
153   7.600000e-02  0.000000e+00  0.000000e+00
154   7.600000e-02  1.500000e-03  0.000000e+00
155   7.700000e-02  0.000000e+00  0.000000e+00
156   7.700000e-02  1.500000e-03  0.000000e+00
157   7.800000e-02  0.000000e+00  0.000000e+00
158   7.800000e-02  1.500000e-03  0.000000e+00
159   7.900000e-02  0.000000e+00  0.000000e+00
160   7.900000e-02  1.500000e-03  0.000000e+00
161   8.000000e-02  0.000000e+00  0.000000e+00
162   8.000000e-02  1.500000e-03  0.000000e+00
163   8.100000e-02  0.000000e+00  0.000000e+00
164   8.100000e-02  1.500000e-03  0.000000e+00
165   8.200000e-02  0.000000e+00  0.000000e+00
166   8.200000e-02  1.500000e-03  0.000000e+00
167   8.300000e-02  0.000000e+00  0.000000e+00
168   8.300000e-02  1.500000e-03  0.000000e+00
169   8.400000e-02  0.000000e+00  0.000000e+00
170   8.400000e-02  1.500000e-03  0.000000e+00
171   8.500000e-02  0.000000e+00  0.000000e+00
172   8.500000e-02  1.500000e-03  0.000000e+00
173   8.600000e-02  0.000000e+00  0.000000e+00
174   8.600000e-02  1.500000e-03  0.000000e+00
175   8.700000e-02  0.000000e+00  0.000000e+00
176   8.700000e-02  1.500000e-03  0.000000e+00
177   8.800000e-02  0.000000e+00  0.000000e+00
178   8.800000e-02  1.500000e-03  0.000000e+00
179   8.900000e-02  0.000000e+00  0.000000e+00
180   8.900000e-02  1.500000e-03  0.000000e+00
181   9.000000e-02  0.000000e+00  0.000000e+00
182   9.000000e-02  1.500000e-03  0.000000e+00
183   9.100000e-02  0.000000e+00  0.000000e+00
184   9.100000e-02  1.500000e-03  0.000000e+00
185   9.200000e-02  0.000000e+00  0.000000e+00
186   9.200000e-02  1.500000e-03  0.000000e+00
187   9.300000e-02  0.000000e+00  0.000000e+00
188   9.300000e-02  1.500000e-03  0.000000e+00
189   9.400000e-02  0.000000e+00  0.000000e+00
190   9.400000e-02  1.500000e-03  0.000000e+00
191   9.500000e-02  0.000000e+00  0.000000e+00
192   9.500000e-02  1.500000e-03  0.000000e+00
193   9.600000e-02  0.000000e+00  0.000000e+00
194   9.600000e-02  1.500000e-03  0.000000e+00
195   9.700000e-02  0.000000e+00  0.000000e+00
196   9.700000e-02  1.500000e-03  0.000000e+00
197   9.800000e-02  0.000000e+00  0.000000e+00
198   9.800000e-02  1.500000e-03  0.000000e+00
199   9.900000e-02  0.000000e+00  0.000000e+00
200   9.900000e-02  1.500000e-03  0.000000e+00
201   1.000000e-01  0.000000e+00  0.000000e+00
202   1.000000e-01  1.500000e-03  0.000000e+00
203   0.000000e+00  1.500000e-03  0.000000e+00
204   1.000000e-03  1.500000e-03  0.000000e+00
205   2.000000e-03  1.500000e-03  0.000000e+00
206   3.000000e-03  1.500000e-03  0.000000e+00
207   4.000000e-03  1.500000e-03  0.000000e+00
208   5.000000e-03  1.500000e-03  0.000000e+00
209   6.000000e-03  1.500000e-03  0.000000e+00
210   7.000000e-03  1.500000e-03  0.000000e+00
211   8.000000e-03  1.500000e-03  0.000000e+00
212   9.000000e-03  1.500000e-03  0.000000e+00
213   1.000000e-02  1.500000e-03  0.000000e+00
214   1.100000e-02  1.500000e-03  0.000000e+00
215   1.200000e-02  1.500000e-03  0.000000e+00
216   1.300000e-02  1.500000e-03  0.000000e+00
217   1.400000e-02  1.500000e-03  0.000000e+00
218   1.500000e-02  1.500000e-03  0.000000e+00
219   1.600000e-02  1.500000e-03  0.000000e+00
220   1.700000e-02  1.500000e-03  0.000000e+00
221   1.800000e-02  1.500000e-03  0.000000e+00
222   1.900000e-02  1.500000e-03  0.000000e+00
223   2.000000e-02  1.500000e-03  0.000000e+00
224   2.100000e-02  1.500000e-03  0.000000e+00
225   2.200000e-02  1.500000e-03  0.000000e+00
226   2.300000e-02  1.500000e-03  0.000000e+00
227   2.400000e-02  1.500000e-03  0.000000e+00
228   2.500000e-02  1.500000e-03  0.000000e+00
229   2.600000e-02  1.500000e-03  0.000000e+00
230   2.700000e-02  1.500000e-03  0.000000e+00
231   2.800000e-02  1.500000e-03  0.000000e+00
232   2.900000e-02  1.500000e-03  0.000000e+00
233   3.000000e-02  1.500000e-03  0.000000e+00
234   3.100000e-02  1.500000e-03  0.000000e+00
235   3.200000e-02  1.500000e-03  0.000000e+00
236   3.300000e-02  1.500000e-03  0.000000e+00
237   3.400000e-02  1.500000e-03  0.000000e+00
238   3.500000e-02  1.500000e-03  0.000000e+00
239   3.600000e-02  1.500000e-03  0.000000e+00
240   3.700000e-02  1.500000e-03  0.000000e+00
241   3.800000e-02  1.500000e-03  0.000000e+00
242   3.900000e-02  1.500000e-03  0.000000e+00
243   4.000000e-02  1.500000e-03  0.000000e+00
244   4.100000e-02  1.500000e-03  0.000000e+00
245   4.200000e-02  1.500000e-03  0.000000e+00
246   4.300000e-02  1.500000e-03  0.000000e+00
247   4.400000e-02  1.500000e-03  0.000000e+00
248   4.500000e-02  1.500000e-03  0.000000e+00
249   4.600000e-02  1.500000e-03  0.000000e+00
250   4.700000e-02  1.500000e-03  0.000000e+00
251   4.800000e-02  1.500000e-03  0.000000e+00
252   4.900000e-02  1.500000e-03  0.000000e+00
253   5.000000e-02  1.500000e-03  0.000000e+00
254   5.100000e-02  1.500000e-03  0.000000e+00
255   5.200000e-02  1.500000e-03  0.000000e+00
256   5.300000e-02  1.500000e-03  0.000000e+00
257   5.400000e-02  1.500000e-03  0.000000e+00
258   5.500000e-02  1.500000e-03  0.000000e+00
259   5.600000e-02  1.500000e-03  0.000000e+00
260   5.700000e-02  1.500000e-03  0.000000e+00
261   5.800000e-02  1.500000e-03  0.000000e+00
262   5.900000e-02  1.500000e-03  0.000000e+00
263   6.000000e-02  1.500000e-03  0.000000e+00
264   6.100000e-02  1.500000e-03  0.000000e+00
265   6.200000e-02  1.500000e-03  0.000000e+00
266   6.300000e-02  1.500000e-03  0.000000e+00
267   6.400000e-02  1.500000e-03  0.000000e+00
268   6.500000e-02  1.500000e-03  0.000000e+00
269   6.600000e-02  1.500000e-03  0.000000e+00
270   6.700000e-02  1.500000e-03  0.000000e+00
271   6.800000e-02  1.500000e-03  0.000000e+00
272   6.900000e-02  1.500000e-03  0.000000e+00
273   7.000000e-02  1.500000e-03  0.000000e+00
274   7.100000e-02  1.500000e-03  0.000000e+00
275   7.200000e-02  1.500000e-03  0.000000e+00
276   7.300000e-02  1.500000e-03  0.000000e+00
277   7.400000e-02  1.500000e-03  0.000000e+00
278   7.500000e-02  1.500000e-03  0.000000e+00
279   7.600000e-02  1.500000e-03  0.000000e+00
280   7.700000e-02  1.500000e-03  0.000000e+00
281   7.800000e-02  1.500000e-03  0.000000e+00
282   7.900000e-02  1.500000e-03  0.000000e+00
283   8.000000e-02  1.500000e-03  0.000000e+00
284   8.100000e-02  1.500000e-03  0.000000e+00
285   8.200000e-02  1.500000e-03  0.000000e+00
286   8.300000e-02  1.500000e-03  0.000000e+00
287   8.400000e-02  1.500000e-03  0.000000e+00
288   8.500000e-02  1.500000e-03  0.000000e+00
289   8.600000e-02  1.500000e-03  0.000000e+00
290   8.700000e-02  1.500000e-03  0.000000e+00
291   8.800000e-02  1.500000e-03  0.000000e+00
292   8.900000e-02  1.500000e-03  0.000000e+00
293   9.000000e-02  1.500000e-03  0.000000e+00
294   9.100000e-02  1.500000e-03  0.000000e+00
295   9.200000e-02  1.500000e-03  0.000000e+00
296   9.300000e-02  1.500000e-03  0.000000e+00
297   9.400000e-02  1.500000e-03  0.000000e+00
298   9.500000e-02  1.500000e-03  0.000000e+00
299   9.600000e-02  1.500000e-03  0.000000e+00
300   9.700000e-02  1.500000e-03  0.000000e+00
301   9.800000e-02  1.500000e-03  0.000000e+00
302   9.900000e-02  1.500000e-03  0.000000e+00
303   1.000000e-01  1.500000e-03  0.000000e+00
304   1.000000e-03  3.000000e-03  0.000000e+00
305   0.000000e+00  3.000000e-03  0.000000e+00
306   2.000000e-03  3.000000e-03  0.000000e+00
307   3.000000e-03  3.000000e-03  0.000000e+00
308   4.000000e-03  3.000000e-03  0.000000e+00
309   5.000000e-03  3.000000e-03  0.000000e+00
310   6.000000e-03  3.000000e-03  0.000000e+00
311   7.000000e-03  3.000000e-03  0.000000e+00
312   8.000000e-03  3.000000e-03  0.000000e+00
313   9.000000e-03  3.000000e-03  0.000000e+00
314   1.000000e-02  3.000000e-03  0.000000e+00
315   1.100000e-02  3.000000e-03  0.000000e+00
316   1.200000e-02  3.000000e-03  0.000000e+00
317   1.300000e-02  3.000000e-03  0.000000e+00
318   1.400000e-02  3.000000e-03  0.000000e+00
319   1.500000e-02  3.000000e-03  0.000000e+00
320   1.600000e-02  3.000000e-03  0.000000e+00
321   1.700000e-02  3.000000e-03  0.000000e+00
322   1.800000e-02  3.000000e-03  0.000000e+00
323   1.900000e-02  3.000000e-03  0.000000e+00
324   2.000000e-02  3.000000e-03  0.000000e+00
325   2.100000e-02  3.000000e-03  0.000000e+00
326   2.200000e-02  3.000000e-03  0.000000e+00
327   2.300000e-02  3.000000e-03  0.000000e+00
328   2.400000e-02  3.000000e-03  0.000000e+00
329   2.500000e-02  3.000000e-03  0.000000e+00
330   2.600000e-02  3.000000e-03  0.000000e+00
331   2.700000e-02  3.000000e-03  0.000000e+00
332   2.800000e-02  3.000000e-03  0.000000e+00
333   2.900000e-02  3.000000e-03  0.000000e+00
334   3.000000e-02  3.000000e-03  0.000000e+00
335   3.100000e-02  3.000000e-03  0.000000e+00
336   3.200000e-02  3.000000e-03  0.000000e+00
337   3.300000e-02  3.000000e-03  0.000000e+00
338   3.400000e-02  3.000000e-03  0.000000e+00
339   3.500000e-02  3.000000e-03  0.000000e+00
340   3.600000e-02  3.000000e-03  0.000000e+00
341   3.700000e-02  3.000000e-03  0.000000e+00
342   3.800000e-02  3.000000e-03  0.000000e+00
343   3.900000e-02  3.000000e-03  0.000000e+00
344   4.000000e-02  3.000000e-03  0.000000e+00
345   4.100000e-02  3.000000e-03  0.000000e+00
346   4.200000e-02  3.000000e-03  0.000000e+00
347   4.300000e-02  3.000000e-03  0.000000e+00
348   4.400000e-02  3.000000e-03  0.000000e+00
349   4.500000e-02  3.000000e-03  0.000000e+00
350   4.600000e-02  3.000000e-03  0.000000e+00
351   4.700000e-02  3.000000e-03  0.000000e+00
352   4.800000e-02  3.000000e-03  0.000000e+00
353   4.900000e-02  3.000000e-03  0.000000e+00
354   5.000000e-02  3.000000e-03  0.000000e+00
355   5.100000e-02  3.000000e-03  0.000000e+00
356   5.200000e-02  3.000000e-03  0.000000e+00
357   5.300000e-02  3.000000e-03  0.000000e+00
358   5.400000e-02  3.000000e-03  0.000000e+00
359   5.500000e-02  3.000000e-03  0.000000e+00
360   5.600000e-02  3.000000e-03  0.000000e+00
361   5.700000e-02  3.000000e-03  0.000000e+00
362   5.800000e-02  3.000000e-03  0.000000e+00
363   5.900000e-02  3.000000e-03  0.000000e+00
364   6.000000e-02  3.000000e-03  0.000000e+00
365   6.100000e-02  3.000000e-03  0.000000e+00
366   6.200000e-02  3.000000e-03  0.000000e+00
367   6.300000e-02  3.000000e-03  0.000000e+00
368   6.400000e-02  3.000000e-03  0.000000e+00
369   6.500000e-02  3.000000e-03  0.000000e+00
370   6.600000e-02  3.000000e-03  0.000000e+00
371   6.700000e-02  3.000000e-03  0.000000e+00
372   6.800000e-02  3.000000e-03  0.000000e+00
373   6.900000e-02  3.000000e-03  0.000000e+00
374   7.000000e-02  3.000000e-03  0.000000e+00
375   7.100000e-02  3.000000e-03  0.000000e+00
376   7.200000e-02  3.000000e-03  0.000000e+00
377   7.300000e-02  3.000000e-03  0.000000e+00
378   7.400000e-02  3.000000e-03  0.000000e+00
379   7.500000e-02  3.000000e-03  0.000000e+00
380   7.600000e-02  3.000000e-03  0.000000e+00
381   7.700000e-02  3.000000e-03  0.000000e+00
382   7.800000e-02  3.000000e-03  0.000000e+00
383   7.900000e-02  3.000000e-03  0.000000e+00
384   8.000000e-02  3.000000e-03  0.000000e+00
385   8.100000e-02  3.000000e-03  0.000000e+00
386   8.200000e-02  3.000000e-03  0.000000e+00
387   8.300000e-02  3.000000e-03  0.000000e+00
388   8.400000e-02  3.000000e-03  0.000000e+00
389   8.500000e-02  3.000000e-03  0.000000e+00
390   8.600000e-02  3.000000e-03  0.000000e+00
391   8.700000e-02  3.000000e-03  0.000000e+00
392   8.800000e-02  3.000000e-03  0.000000e+00
393   8.900000e-02  3.000000e-03  0.000000e+00
394   9.000000e-02  3.000000e-03  0.000000e+00
395   9.100000e-02  3.000000e-03  0.000000e+00
396   9.200000e-02  3.000000e-03  0.000000e+00
397   9.300000e-02  3.000000e-03  0.000000e+00
398   9.400000e-02  3.000000e-03  0.000000e+00
399   9.500000e-02  3.000000e-03  0.000000e+00
400   9.600000e-02  3.000000e-03  0.000000e+00
401   9.700000e-02  3.000000e-03  0.000000e+00
402   9.800000e-02  3.000000e-03  0.000000e+00
403   9.900000e-02  3.000000e-03  0.000000e+00
404   1.000000e-01  3.000000e-03  0.000000e+00

%NODE.SUPPORT
4
1   1 1 1 0 0 0
4   1 1 1 0 0 0
204 1 1 1 0 0 0
305 1 1 1 0 0 0

%MATERIAL
2

%MATERIAL.ISOTROPIC
1
1  69e9  0.33

%MATERIAL.CZM.MODEI.BILINEAR
1
2  12e6  55.0  1.0e13
2  10e6  55.0  1.0e13

%%MATERIAL.CZM.MODEI.EXPONENTIAL
1
2  15e6  55.0
2  20e6  55.0

%SECTION
2

%SECTION.HOMOGENEOUS.ISOTROPIC.2D
1
1  1  0.01

%SECTION.INTERFACE.2D
1
2  2  0.01

%INTEGRATION.ORDER
2
1    2    2    1    2    2    2
2    6    6    6    6    6    6
2    5    5    5    5    5    5
2    4    4    4    4    4    4
2    3    3    3    3    3    3

%ELEMENT
270

%ELEMENT.INTERFACE.L2
70
101     2   2   203 204   4   3
102     2   2   204 205   3   6
103     2   2   205 206   6   8
104     2   2   206 207   8  10
105     2   2   207 208  10  12
106     2   2   208 209  12  14
107     2   2   209 210  14  16
108     2   2   210 211  16  18
109     2   2   211 212  18  20
110     2   2   212 213  20  22
111     2   2   213 214  22  24
112     2   2   214 215  24  26
113     2   2   215 216  26  28
114     2   2   216 217  28  30
115     2   2   217 218  30  32
116     2   2   218 219  32  34
117     2   2   219 220  34  36
118     2   2   220 221  36  38
119     2   2   221 222  38  40
120     2   2   222 223  40  42
121     2   2   223 224  42  44
122     2   2   224 225  44  46
123     2   2   225 226  46  48
124     2   2   226 227  48  50
125     2   2   227 228  50  52
126     2   2   228 229  52  54
127     2   2   229 230  54  56
128     2   2   230 231  56  58
129     2   2   231 232  58  60
130     2   2   232 233  60  62
131     2   2   233 234  62  64
132     2   2   234 235  64  66
133     2   2   235 236  66  68
134     2   2   236 237  68  70
135     2   2   237 238  70  72
136     2   2   238 239  72  74
137     2   2   239 240  74  76
138     2   2   240 241  76  78
139     2   2   241 242  78  80
140     2   2   242 243  80  82
141     2   2   243 244  82  84
142     2   2   244 245  84  86
143     2   2   245 246  86  88
144     2   2   246 247  88  90
145     2   2   247 248  90  92
146     2   2   248 249  92  94
147     2   2   249 250  94  96
148     2   2   250 251  96  98
149     2   2   251 252  98 100
150     2   2   252 253 100 102
151     2   2   253 254 102 104
152     2   2   254 255 104 106
153     2   2   255 256 106 108
154     2   2   256 257 108 110
155     2   2   257 258 110 112
156     2   2   258 259 112 114
157     2   2   259 260 114 116
158     2   2   260 261 116 118
159     2   2   261 262 118 120
160     2   2   262 263 120 122
161     2   2   263 264 122 124
162     2   2   264 265 124 126
163     2   2   265 266 126 128
164     2   2   266 267 128 130
165     2   2   267 268 130 132
166     2   2   268 269 132 134
167     2   2   269 270 134 136
168     2   2   270 271 136 138
169     2   2   271 272 138 140
170     2   2   272 273 140 142

%ELEMENT.PLSTRESS.Q4
200
1     1   1   1 2 3 4
2     1   1   2 5 6 3
3     1   1   5 7 8 6
4     1   1   7 9 10 8
5     1   1   9 11 12 10
6     1   1   11 13 14 12
7     1   1   13 15 16 14
8     1   1   15 17 18 16
9     1   1   17 19 20 18
10     1   1   19 21 22 20
11     1   1   21 23 24 22
12     1   1   23 25 26 24
13     1   1   25 27 28 26
14     1   1   27 29 30 28
15     1   1   29 31 32 30
16     1   1   31 33 34 32
17     1   1   33 35 36 34
18     1   1   35 37 38 36
19     1   1   37 39 40 38
20     1   1   39 41 42 40
21     1   1   41 43 44 42
22     1   1   43 45 46 44
23     1   1   45 47 48 46
24     1   1   47 49 50 48
25     1   1   49 51 52 50
26     1   1   51 53 54 52
27     1   1   53 55 56 54
28     1   1   55 57 58 56
29     1   1   57 59 60 58
30     1   1   59 61 62 60
31     1   1   61 63 64 62
32     1   1   63 65 66 64
33     1   1   65 67 68 66
34     1   1   67 69 70 68
35     1   1   69 71 72 70
36     1   1   71 73 74 72
37     1   1   73 75 76 74
38     1   1   75 77 78 76
39     1   1   77 79 80 78
40     1   1   79 81 82 80
41     1   1   81 83 84 82
42     1   1   83 85 86 84
43     1   1   85 87 88 86
44     1   1   87 89 90 88
45     1   1   89 91 92 90
46     1   1   91 93 94 92
47     1   1   93 95 96 94
48     1   1   95 97 98 96
49     1   1   97 99 100 98
50     1   1   99 101 102 100
51     1   1   101 103 104 102
52     1   1   103 105 106 104
53     1   1   105 107 108 106
54     1   1   107 109 110 108
55     1   1   109 111 112 110
56     1   1   111 113 114 112
57     1   1   113 115 116 114
58     1   1   115 117 118 116
59     1   1   117 119 120 118
60     1   1   119 121 122 120
61     1   1   121 123 124 122
62     1   1   123 125 126 124
63     1   1   125 127 128 126
64     1   1   127 129 130 128
65     1   1   129 131 132 130
66     1   1   131 133 134 132
67     1   1   133 135 136 134
68     1   1   135 137 138 136
69     1   1   137 139 140 138
70     1   1   139 141 142 140
71     1   1   141 143 144 142
72     1   1   143 145 146 144
73     1   1   145 147 148 146
74     1   1   147 149 150 148
75     1   1   149 151 152 150
76     1   1   151 153 154 152
77     1   1   153 155 156 154
78     1   1   155 157 158 156
79     1   1   157 159 160 158
80     1   1   159 161 162 160
81     1   1   161 163 164 162
82     1   1   163 165 166 164
83     1   1   165 167 168 166
84     1   1   167 169 170 168
85     1   1   169 171 172 170
86     1   1   171 173 174 172
87     1   1   173 175 176 174
88     1   1   175 177 178 176
89     1   1   177 179 180 178
90     1   1   179 181 182 180
91     1   1   181 183 184 182
92     1   1   183 185 186 184
93     1   1   185 187 188 186
94     1   1   187 189 190 188
95     1   1   189 191 192 190
96     1   1   191 193 194 192
97     1   1   193 195 196 194
98     1   1   195 197 198 196
99     1   1   197 199 200 198
100     1   1   199 201 202 200
171     1   1   203 204 304 305
172     1   1   204 205 306 304
173     1   1   205 206 307 306
174     1   1   206 207 308 307
175     1   1   207 208 309 308
176     1   1   208 209 310 309
177     1   1   209 210 311 310
178     1   1   210 211 312 311
179     1   1   211 212 313 312
180     1   1   212 213 314 313
181     1   1   213 214 315 314
182     1   1   214 215 316 315
183     1   1   215 216 317 316
184     1   1   216 217 318 317
185     1   1   217 218 319 318
186     1   1   218 219 320 319
187     1   1   219 220 321 320
188     1   1   220 221 322 321
189     1   1   221 222 323 322
190     1   1   222 223 324 323
191     1   1   223 224 325 324
192     1   1   224 225 326 325
193     1   1   225 226 327 326
194     1   1   226 227 328 327
195     1   1   227 228 329 328
196     1   1   228 229 330 329
197     1   1   229 230 331 330
198     1   1   230 231 332 331
199     1   1   231 232 333 332
200     1   1   232 233 334 333
201     1   1   233 234 335 334
202     1   1   234 235 336 335
203     1   1   235 236 337 336
204     1   1   236 237 338 337
205     1   1   237 238 339 338
206     1   1   238 239 340 339
207     1   1   239 240 341 340
208     1   1   240 241 342 341
209     1   1   241 242 343 342
210     1   1   242 243 344 343
211     1   1   243 244 345 344
212     1   1   244 245 346 345
213     1   1   245 246 347 346
214     1   1   246 247 348 347
215     1   1   247 248 349 348
216     1   1   248 249 350 349
217     1   1   249 250 351 350
218     1   1   250 251 352 351
219     1   1   251 252 353 352
220     1   1   252 253 354 353
221     1   1   253 254 355 354
222     1   1   254 255 356 355
223     1   1   255 256 357 356
224     1   1   256 257 358 357
225     1   1   257 258 359 358
226     1   1   258 259 360 359
227     1   1   259 260 361 360
228     1   1   260 261 362 361
229     1   1   261 262 363 362
230     1   1   262 263 364 363
231     1   1   263 264 365 364
232     1   1   264 265 366 365
233     1   1   265 266 367 366
234     1   1   266 267 368 367
235     1   1   267 268 369 368
236     1   1   268 269 370 369
237     1   1   269 270 371 370
238     1   1   270 271 372 371
239     1   1   271 272 373 372
240     1   1   272 273 374 373
241     1   1   273 274 375 374
242     1   1   274 275 376 375
243     1   1   275 276 377 376
244     1   1   276 277 378 377
245     1   1   277 278 379 378
246     1   1   278 279 380 379
247     1   1   279 280 381 380
248     1   1   280 281 382 381
249     1   1   281 282 383 382
250     1   1   282 283 384 383
251     1   1   283 284 385 384
252     1   1   284 285 386 385
253     1   1   285 286 387 386
254     1   1   286 287 388 387
255     1   1   287 288 389 388
256     1   1   288 289 390 389
257     1   1   289 290 391 390
258     1   1   290 291 392 391
259     1   1   291 292 393 392
260     1   1   292 293 394 393
261     1   1   293 294 395 394
262     1   1   294 295 396 395
263     1   1   295 296 397 396
264     1   1   296 297 398 397
265     1   1   297 298 399 398
266     1   1   298 299 400 399
267     1   1   299 300 401 400
268     1   1   300 301 402 401
269     1   1   301 302 403 402
270     1   1   302 303 404 403

%LOAD.CASE.LINE.FORCE.UNIFORM
2
100  201  202   0   0.0   -666.666666   0.0
270  303  404   0   0.0    666.666666   0.0

%END

