%HEADER
Output file generated by FAST 1.0.
Output file generated by FAST.

%HEADER.ANALYSIS.ALGORITHM
'dcm'

%HEADER.ANALYSIS.DISPLACEMENT.CONTROL
603 2

%HEADER.ANALYSIS.STEP.FACTOR
1e-5

%HEADER.ANALYSIS.TOLERANCE
1e-6

%%HEADER.ANALYSIS.TARGET.ITERATIONS
4

%HEADER.ANALYSIS.MAXIMUM.STEPS
1000

%HEADER.ANALYSIS.MAXIMUM.ITERATIONS
100

%NODE
804

%NODE.COORD
804
1     0.000000e+00  0.000000e+00  0.000000e+00
2     5.000000e-04  0.000000e+00  0.000000e+00
3     5.000000e-04  1.500000e-03  0.000000e+00
4     0.000000e+00  1.500000e-03  0.000000e+00
5     1.000000e-03  0.000000e+00  0.000000e+00
6     1.000000e-03  1.500000e-03  0.000000e+00
7     1.500000e-03  0.000000e+00  0.000000e+00
8     1.500000e-03  1.500000e-03  0.000000e+00
9     2.000000e-03  0.000000e+00  0.000000e+00
10    2.000000e-03  1.500000e-03  0.000000e+00
11    2.500000e-03  0.000000e+00  0.000000e+00
12    2.500000e-03  1.500000e-03  0.000000e+00
13    3.000000e-03  0.000000e+00  0.000000e+00
14    3.000000e-03  1.500000e-03  0.000000e+00
15    3.500000e-03  0.000000e+00  0.000000e+00
16    3.500000e-03  1.500000e-03  0.000000e+00
17    4.000000e-03  0.000000e+00  0.000000e+00
18    4.000000e-03  1.500000e-03  0.000000e+00
19    4.500000e-03  0.000000e+00  0.000000e+00
20    4.500000e-03  1.500000e-03  0.000000e+00
21    5.000000e-03  0.000000e+00  0.000000e+00
22    5.000000e-03  1.500000e-03  0.000000e+00
23    5.500000e-03  0.000000e+00  0.000000e+00
24    5.500000e-03  1.500000e-03  0.000000e+00
25    6.000000e-03  0.000000e+00  0.000000e+00
26    6.000000e-03  1.500000e-03  0.000000e+00
27    6.500000e-03  0.000000e+00  0.000000e+00
28    6.500000e-03  1.500000e-03  0.000000e+00
29    7.000000e-03  0.000000e+00  0.000000e+00
30    7.000000e-03  1.500000e-03  0.000000e+00
31    7.500000e-03  0.000000e+00  0.000000e+00
32    7.500000e-03  1.500000e-03  0.000000e+00
33    8.000000e-03  0.000000e+00  0.000000e+00
34    8.000000e-03  1.500000e-03  0.000000e+00
35    8.500000e-03  0.000000e+00  0.000000e+00
36    8.500000e-03  1.500000e-03  0.000000e+00
37    9.000000e-03  0.000000e+00  0.000000e+00
38    9.000000e-03  1.500000e-03  0.000000e+00
39    9.500000e-03  0.000000e+00  0.000000e+00
40    9.500000e-03  1.500000e-03  0.000000e+00
41    1.000000e-02  0.000000e+00  0.000000e+00
42    1.000000e-02  1.500000e-03  0.000000e+00
43    1.050000e-02  0.000000e+00  0.000000e+00
44    1.050000e-02  1.500000e-03  0.000000e+00
45    1.100000e-02  0.000000e+00  0.000000e+00
46    1.100000e-02  1.500000e-03  0.000000e+00
47    1.150000e-02  0.000000e+00  0.000000e+00
48    1.150000e-02  1.500000e-03  0.000000e+00
49    1.200000e-02  0.000000e+00  0.000000e+00
50    1.200000e-02  1.500000e-03  0.000000e+00
51    1.250000e-02  0.000000e+00  0.000000e+00
52    1.250000e-02  1.500000e-03  0.000000e+00
53    1.300000e-02  0.000000e+00  0.000000e+00
54    1.300000e-02  1.500000e-03  0.000000e+00
55    1.350000e-02  0.000000e+00  0.000000e+00
56    1.350000e-02  1.500000e-03  0.000000e+00
57    1.400000e-02  0.000000e+00  0.000000e+00
58    1.400000e-02  1.500000e-03  0.000000e+00
59    1.450000e-02  0.000000e+00  0.000000e+00
60    1.450000e-02  1.500000e-03  0.000000e+00
61    1.500000e-02  0.000000e+00  0.000000e+00
62    1.500000e-02  1.500000e-03  0.000000e+00
63    1.550000e-02  0.000000e+00  0.000000e+00
64    1.550000e-02  1.500000e-03  0.000000e+00
65    1.600000e-02  0.000000e+00  0.000000e+00
66    1.600000e-02  1.500000e-03  0.000000e+00
67    1.650000e-02  0.000000e+00  0.000000e+00
68    1.650000e-02  1.500000e-03  0.000000e+00
69    1.700000e-02  0.000000e+00  0.000000e+00
70    1.700000e-02  1.500000e-03  0.000000e+00
71    1.750000e-02  0.000000e+00  0.000000e+00
72    1.750000e-02  1.500000e-03  0.000000e+00
73    1.800000e-02  0.000000e+00  0.000000e+00
74    1.800000e-02  1.500000e-03  0.000000e+00
75    1.850000e-02  0.000000e+00  0.000000e+00
76    1.850000e-02  1.500000e-03  0.000000e+00
77    1.900000e-02  0.000000e+00  0.000000e+00
78    1.900000e-02  1.500000e-03  0.000000e+00
79    1.950000e-02  0.000000e+00  0.000000e+00
80    1.950000e-02  1.500000e-03  0.000000e+00
81    2.000000e-02  0.000000e+00  0.000000e+00
82    2.000000e-02  1.500000e-03  0.000000e+00
83    2.050000e-02  0.000000e+00  0.000000e+00
84    2.050000e-02  1.500000e-03  0.000000e+00
85    2.100000e-02  0.000000e+00  0.000000e+00
86    2.100000e-02  1.500000e-03  0.000000e+00
87    2.150000e-02  0.000000e+00  0.000000e+00
88    2.150000e-02  1.500000e-03  0.000000e+00
89    2.200000e-02  0.000000e+00  0.000000e+00
90    2.200000e-02  1.500000e-03  0.000000e+00
91    2.250000e-02  0.000000e+00  0.000000e+00
92    2.250000e-02  1.500000e-03  0.000000e+00
93    2.300000e-02  0.000000e+00  0.000000e+00
94    2.300000e-02  1.500000e-03  0.000000e+00
95    2.350000e-02  0.000000e+00  0.000000e+00
96    2.350000e-02  1.500000e-03  0.000000e+00
97    2.400000e-02  0.000000e+00  0.000000e+00
98    2.400000e-02  1.500000e-03  0.000000e+00
99    2.450000e-02  0.000000e+00  0.000000e+00
100   2.450000e-02  1.500000e-03  0.000000e+00
101   2.500000e-02  0.000000e+00  0.000000e+00
102   2.500000e-02  1.500000e-03  0.000000e+00
103   2.550000e-02  0.000000e+00  0.000000e+00
104   2.550000e-02  1.500000e-03  0.000000e+00
105   2.600000e-02  0.000000e+00  0.000000e+00
106   2.600000e-02  1.500000e-03  0.000000e+00
107   2.650000e-02  0.000000e+00  0.000000e+00
108   2.650000e-02  1.500000e-03  0.000000e+00
109   2.700000e-02  0.000000e+00  0.000000e+00
110   2.700000e-02  1.500000e-03  0.000000e+00
111   2.750000e-02  0.000000e+00  0.000000e+00
112   2.750000e-02  1.500000e-03  0.000000e+00
113   2.800000e-02  0.000000e+00  0.000000e+00
114   2.800000e-02  1.500000e-03  0.000000e+00
115   2.850000e-02  0.000000e+00  0.000000e+00
116   2.850000e-02  1.500000e-03  0.000000e+00
117   2.900000e-02  0.000000e+00  0.000000e+00
118   2.900000e-02  1.500000e-03  0.000000e+00
119   2.950000e-02  0.000000e+00  0.000000e+00
120   2.950000e-02  1.500000e-03  0.000000e+00
121   3.000000e-02  0.000000e+00  0.000000e+00
122   3.000000e-02  1.500000e-03  0.000000e+00
123   3.050000e-02  0.000000e+00  0.000000e+00
124   3.050000e-02  1.500000e-03  0.000000e+00
125   3.100000e-02  0.000000e+00  0.000000e+00
126   3.100000e-02  1.500000e-03  0.000000e+00
127   3.150000e-02  0.000000e+00  0.000000e+00
128   3.150000e-02  1.500000e-03  0.000000e+00
129   3.200000e-02  0.000000e+00  0.000000e+00
130   3.200000e-02  1.500000e-03  0.000000e+00
131   3.250000e-02  0.000000e+00  0.000000e+00
132   3.250000e-02  1.500000e-03  0.000000e+00
133   3.300000e-02  0.000000e+00  0.000000e+00
134   3.300000e-02  1.500000e-03  0.000000e+00
135   3.350000e-02  0.000000e+00  0.000000e+00
136   3.350000e-02  1.500000e-03  0.000000e+00
137   3.400000e-02  0.000000e+00  0.000000e+00
138   3.400000e-02  1.500000e-03  0.000000e+00
139   3.450000e-02  0.000000e+00  0.000000e+00
140   3.450000e-02  1.500000e-03  0.000000e+00
141   3.500000e-02  0.000000e+00  0.000000e+00
142   3.500000e-02  1.500000e-03  0.000000e+00
143   3.550000e-02  0.000000e+00  0.000000e+00
144   3.550000e-02  1.500000e-03  0.000000e+00
145   3.600000e-02  0.000000e+00  0.000000e+00
146   3.600000e-02  1.500000e-03  0.000000e+00
147   3.650000e-02  0.000000e+00  0.000000e+00
148   3.650000e-02  1.500000e-03  0.000000e+00
149   3.700000e-02  0.000000e+00  0.000000e+00
150   3.700000e-02  1.500000e-03  0.000000e+00
151   3.750000e-02  0.000000e+00  0.000000e+00
152   3.750000e-02  1.500000e-03  0.000000e+00
153   3.800000e-02  0.000000e+00  0.000000e+00
154   3.800000e-02  1.500000e-03  0.000000e+00
155   3.850000e-02  0.000000e+00  0.000000e+00
156   3.850000e-02  1.500000e-03  0.000000e+00
157   3.900000e-02  0.000000e+00  0.000000e+00
158   3.900000e-02  1.500000e-03  0.000000e+00
159   3.950000e-02  0.000000e+00  0.000000e+00
160   3.950000e-02  1.500000e-03  0.000000e+00
161   4.000000e-02  0.000000e+00  0.000000e+00
162   4.000000e-02  1.500000e-03  0.000000e+00
163   4.050000e-02  0.000000e+00  0.000000e+00
164   4.050000e-02  1.500000e-03  0.000000e+00
165   4.100000e-02  0.000000e+00  0.000000e+00
166   4.100000e-02  1.500000e-03  0.000000e+00
167   4.150000e-02  0.000000e+00  0.000000e+00
168   4.150000e-02  1.500000e-03  0.000000e+00
169   4.200000e-02  0.000000e+00  0.000000e+00
170   4.200000e-02  1.500000e-03  0.000000e+00
171   4.250000e-02  0.000000e+00  0.000000e+00
172   4.250000e-02  1.500000e-03  0.000000e+00
173   4.300000e-02  0.000000e+00  0.000000e+00
174   4.300000e-02  1.500000e-03  0.000000e+00
175   4.350000e-02  0.000000e+00  0.000000e+00
176   4.350000e-02  1.500000e-03  0.000000e+00
177   4.400000e-02  0.000000e+00  0.000000e+00
178   4.400000e-02  1.500000e-03  0.000000e+00
179   4.450000e-02  0.000000e+00  0.000000e+00
180   4.450000e-02  1.500000e-03  0.000000e+00
181   4.500000e-02  0.000000e+00  0.000000e+00
182   4.500000e-02  1.500000e-03  0.000000e+00
183   4.550000e-02  0.000000e+00  0.000000e+00
184   4.550000e-02  1.500000e-03  0.000000e+00
185   4.600000e-02  0.000000e+00  0.000000e+00
186   4.600000e-02  1.500000e-03  0.000000e+00
187   4.650000e-02  0.000000e+00  0.000000e+00
188   4.650000e-02  1.500000e-03  0.000000e+00
189   4.700000e-02  0.000000e+00  0.000000e+00
190   4.700000e-02  1.500000e-03  0.000000e+00
191   4.750000e-02  0.000000e+00  0.000000e+00
192   4.750000e-02  1.500000e-03  0.000000e+00
193   4.800000e-02  0.000000e+00  0.000000e+00
194   4.800000e-02  1.500000e-03  0.000000e+00
195   4.850000e-02  0.000000e+00  0.000000e+00
196   4.850000e-02  1.500000e-03  0.000000e+00
197   4.900000e-02  0.000000e+00  0.000000e+00
198   4.900000e-02  1.500000e-03  0.000000e+00
199   4.950000e-02  0.000000e+00  0.000000e+00
200   4.950000e-02  1.500000e-03  0.000000e+00
201   5.000000e-02  0.000000e+00  0.000000e+00
202   5.000000e-02  1.500000e-03  0.000000e+00
203   5.050000e-02  0.000000e+00  0.000000e+00
204   5.050000e-02  1.500000e-03  0.000000e+00
205   5.100000e-02  0.000000e+00  0.000000e+00
206   5.100000e-02  1.500000e-03  0.000000e+00
207   5.150000e-02  0.000000e+00  0.000000e+00
208   5.150000e-02  1.500000e-03  0.000000e+00
209   5.200000e-02  0.000000e+00  0.000000e+00
210   5.200000e-02  1.500000e-03  0.000000e+00
211   5.250000e-02  0.000000e+00  0.000000e+00
212   5.250000e-02  1.500000e-03  0.000000e+00
213   5.300000e-02  0.000000e+00  0.000000e+00
214   5.300000e-02  1.500000e-03  0.000000e+00
215   5.350000e-02  0.000000e+00  0.000000e+00
216   5.350000e-02  1.500000e-03  0.000000e+00
217   5.400000e-02  0.000000e+00  0.000000e+00
218   5.400000e-02  1.500000e-03  0.000000e+00
219   5.450000e-02  0.000000e+00  0.000000e+00
220   5.450000e-02  1.500000e-03  0.000000e+00
221   5.500000e-02  0.000000e+00  0.000000e+00
222   5.500000e-02  1.500000e-03  0.000000e+00
223   5.550000e-02  0.000000e+00  0.000000e+00
224   5.550000e-02  1.500000e-03  0.000000e+00
225   5.600000e-02  0.000000e+00  0.000000e+00
226   5.600000e-02  1.500000e-03  0.000000e+00
227   5.650000e-02  0.000000e+00  0.000000e+00
228   5.650000e-02  1.500000e-03  0.000000e+00
229   5.700000e-02  0.000000e+00  0.000000e+00
230   5.700000e-02  1.500000e-03  0.000000e+00
231   5.750000e-02  0.000000e+00  0.000000e+00
232   5.750000e-02  1.500000e-03  0.000000e+00
233   5.800000e-02  0.000000e+00  0.000000e+00
234   5.800000e-02  1.500000e-03  0.000000e+00
235   5.850000e-02  0.000000e+00  0.000000e+00
236   5.850000e-02  1.500000e-03  0.000000e+00
237   5.900000e-02  0.000000e+00  0.000000e+00
238   5.900000e-02  1.500000e-03  0.000000e+00
239   5.950000e-02  0.000000e+00  0.000000e+00
240   5.950000e-02  1.500000e-03  0.000000e+00
241   6.000000e-02  0.000000e+00  0.000000e+00
242   6.000000e-02  1.500000e-03  0.000000e+00
243   6.050000e-02  0.000000e+00  0.000000e+00
244   6.050000e-02  1.500000e-03  0.000000e+00
245   6.100000e-02  0.000000e+00  0.000000e+00
246   6.100000e-02  1.500000e-03  0.000000e+00
247   6.150000e-02  0.000000e+00  0.000000e+00
248   6.150000e-02  1.500000e-03  0.000000e+00
249   6.200000e-02  0.000000e+00  0.000000e+00
250   6.200000e-02  1.500000e-03  0.000000e+00
251   6.250000e-02  0.000000e+00  0.000000e+00
252   6.250000e-02  1.500000e-03  0.000000e+00
253   6.300000e-02  0.000000e+00  0.000000e+00
254   6.300000e-02  1.500000e-03  0.000000e+00
255   6.350000e-02  0.000000e+00  0.000000e+00
256   6.350000e-02  1.500000e-03  0.000000e+00
257   6.400000e-02  0.000000e+00  0.000000e+00
258   6.400000e-02  1.500000e-03  0.000000e+00
259   6.450000e-02  0.000000e+00  0.000000e+00
260   6.450000e-02  1.500000e-03  0.000000e+00
261   6.500000e-02  0.000000e+00  0.000000e+00
262   6.500000e-02  1.500000e-03  0.000000e+00
263   6.550000e-02  0.000000e+00  0.000000e+00
264   6.550000e-02  1.500000e-03  0.000000e+00
265   6.600000e-02  0.000000e+00  0.000000e+00
266   6.600000e-02  1.500000e-03  0.000000e+00
267   6.650000e-02  0.000000e+00  0.000000e+00
268   6.650000e-02  1.500000e-03  0.000000e+00
269   6.700000e-02  0.000000e+00  0.000000e+00
270   6.700000e-02  1.500000e-03  0.000000e+00
271   6.750000e-02  0.000000e+00  0.000000e+00
272   6.750000e-02  1.500000e-03  0.000000e+00
273   6.800000e-02  0.000000e+00  0.000000e+00
274   6.800000e-02  1.500000e-03  0.000000e+00
275   6.850000e-02  0.000000e+00  0.000000e+00
276   6.850000e-02  1.500000e-03  0.000000e+00
277   6.900000e-02  0.000000e+00  0.000000e+00
278   6.900000e-02  1.500000e-03  0.000000e+00
279   6.950000e-02  0.000000e+00  0.000000e+00
280   6.950000e-02  1.500000e-03  0.000000e+00
281   7.000000e-02  0.000000e+00  0.000000e+00
282   7.000000e-02  1.500000e-03  0.000000e+00
283   7.050000e-02  0.000000e+00  0.000000e+00
284   7.050000e-02  1.500000e-03  0.000000e+00
285   7.100000e-02  0.000000e+00  0.000000e+00
286   7.100000e-02  1.500000e-03  0.000000e+00
287   7.150000e-02  0.000000e+00  0.000000e+00
288   7.150000e-02  1.500000e-03  0.000000e+00
289   7.200000e-02  0.000000e+00  0.000000e+00
290   7.200000e-02  1.500000e-03  0.000000e+00
291   7.250000e-02  0.000000e+00  0.000000e+00
292   7.250000e-02  1.500000e-03  0.000000e+00
293   7.300000e-02  0.000000e+00  0.000000e+00
294   7.300000e-02  1.500000e-03  0.000000e+00
295   7.350000e-02  0.000000e+00  0.000000e+00
296   7.350000e-02  1.500000e-03  0.000000e+00
297   7.400000e-02  0.000000e+00  0.000000e+00
298   7.400000e-02  1.500000e-03  0.000000e+00
299   7.450000e-02  0.000000e+00  0.000000e+00
300   7.450000e-02  1.500000e-03  0.000000e+00
301   7.500000e-02  0.000000e+00  0.000000e+00
302   7.500000e-02  1.500000e-03  0.000000e+00
303   7.550000e-02  0.000000e+00  0.000000e+00
304   7.550000e-02  1.500000e-03  0.000000e+00
305   7.600000e-02  0.000000e+00  0.000000e+00
306   7.600000e-02  1.500000e-03  0.000000e+00
307   7.650000e-02  0.000000e+00  0.000000e+00
308   7.650000e-02  1.500000e-03  0.000000e+00
309   7.700000e-02  0.000000e+00  0.000000e+00
310   7.700000e-02  1.500000e-03  0.000000e+00
311   7.750000e-02  0.000000e+00  0.000000e+00
312   7.750000e-02  1.500000e-03  0.000000e+00
313   7.800000e-02  0.000000e+00  0.000000e+00
314   7.800000e-02  1.500000e-03  0.000000e+00
315   7.850000e-02  0.000000e+00  0.000000e+00
316   7.850000e-02  1.500000e-03  0.000000e+00
317   7.900000e-02  0.000000e+00  0.000000e+00
318   7.900000e-02  1.500000e-03  0.000000e+00
319   7.950000e-02  0.000000e+00  0.000000e+00
320   7.950000e-02  1.500000e-03  0.000000e+00
321   8.000000e-02  0.000000e+00  0.000000e+00
322   8.000000e-02  1.500000e-03  0.000000e+00
323   8.050000e-02  0.000000e+00  0.000000e+00
324   8.050000e-02  1.500000e-03  0.000000e+00
325   8.100000e-02  0.000000e+00  0.000000e+00
326   8.100000e-02  1.500000e-03  0.000000e+00
327   8.150000e-02  0.000000e+00  0.000000e+00
328   8.150000e-02  1.500000e-03  0.000000e+00
329   8.200000e-02  0.000000e+00  0.000000e+00
330   8.200000e-02  1.500000e-03  0.000000e+00
331   8.250000e-02  0.000000e+00  0.000000e+00
332   8.250000e-02  1.500000e-03  0.000000e+00
333   8.300000e-02  0.000000e+00  0.000000e+00
334   8.300000e-02  1.500000e-03  0.000000e+00
335   8.350000e-02  0.000000e+00  0.000000e+00
336   8.350000e-02  1.500000e-03  0.000000e+00
337   8.400000e-02  0.000000e+00  0.000000e+00
338   8.400000e-02  1.500000e-03  0.000000e+00
339   8.450000e-02  0.000000e+00  0.000000e+00
340   8.450000e-02  1.500000e-03  0.000000e+00
341   8.500000e-02  0.000000e+00  0.000000e+00
342   8.500000e-02  1.500000e-03  0.000000e+00
343   8.550000e-02  0.000000e+00  0.000000e+00
344   8.550000e-02  1.500000e-03  0.000000e+00
345   8.600000e-02  0.000000e+00  0.000000e+00
346   8.600000e-02  1.500000e-03  0.000000e+00
347   8.650000e-02  0.000000e+00  0.000000e+00
348   8.650000e-02  1.500000e-03  0.000000e+00
349   8.700000e-02  0.000000e+00  0.000000e+00
350   8.700000e-02  1.500000e-03  0.000000e+00
351   8.750000e-02  0.000000e+00  0.000000e+00
352   8.750000e-02  1.500000e-03  0.000000e+00
353   8.800000e-02  0.000000e+00  0.000000e+00
354   8.800000e-02  1.500000e-03  0.000000e+00
355   8.850000e-02  0.000000e+00  0.000000e+00
356   8.850000e-02  1.500000e-03  0.000000e+00
357   8.900000e-02  0.000000e+00  0.000000e+00
358   8.900000e-02  1.500000e-03  0.000000e+00
359   8.950000e-02  0.000000e+00  0.000000e+00
360   8.950000e-02  1.500000e-03  0.000000e+00
361   9.000000e-02  0.000000e+00  0.000000e+00
362   9.000000e-02  1.500000e-03  0.000000e+00
363   9.050000e-02  0.000000e+00  0.000000e+00
364   9.050000e-02  1.500000e-03  0.000000e+00
365   9.100000e-02  0.000000e+00  0.000000e+00
366   9.100000e-02  1.500000e-03  0.000000e+00
367   9.150000e-02  0.000000e+00  0.000000e+00
368   9.150000e-02  1.500000e-03  0.000000e+00
369   9.200000e-02  0.000000e+00  0.000000e+00
370   9.200000e-02  1.500000e-03  0.000000e+00
371   9.250000e-02  0.000000e+00  0.000000e+00
372   9.250000e-02  1.500000e-03  0.000000e+00
373   9.300000e-02  0.000000e+00  0.000000e+00
374   9.300000e-02  1.500000e-03  0.000000e+00
375   9.350000e-02  0.000000e+00  0.000000e+00
376   9.350000e-02  1.500000e-03  0.000000e+00
377   9.400000e-02  0.000000e+00  0.000000e+00
378   9.400000e-02  1.500000e-03  0.000000e+00
379   9.450000e-02  0.000000e+00  0.000000e+00
380   9.450000e-02  1.500000e-03  0.000000e+00
381   9.500000e-02  0.000000e+00  0.000000e+00
382   9.500000e-02  1.500000e-03  0.000000e+00
383   9.550000e-02  0.000000e+00  0.000000e+00
384   9.550000e-02  1.500000e-03  0.000000e+00
385   9.600000e-02  0.000000e+00  0.000000e+00
386   9.600000e-02  1.500000e-03  0.000000e+00
387   9.650000e-02  0.000000e+00  0.000000e+00
388   9.650000e-02  1.500000e-03  0.000000e+00
389   9.700000e-02  0.000000e+00  0.000000e+00
390   9.700000e-02  1.500000e-03  0.000000e+00
391   9.750000e-02  0.000000e+00  0.000000e+00
392   9.750000e-02  1.500000e-03  0.000000e+00
393   9.800000e-02  0.000000e+00  0.000000e+00
394   9.800000e-02  1.500000e-03  0.000000e+00
395   9.850000e-02  0.000000e+00  0.000000e+00
396   9.850000e-02  1.500000e-03  0.000000e+00
397   9.900000e-02  0.000000e+00  0.000000e+00
398   9.900000e-02  1.500000e-03  0.000000e+00
399   9.950000e-02  0.000000e+00  0.000000e+00
400   9.950000e-02  1.500000e-03  0.000000e+00
401   1.000000e-01  0.000000e+00  0.000000e+00
402   1.000000e-01  1.500000e-03  0.000000e+00
403   0.000000e+00  1.500000e-03  0.000000e+00
404   5.000000e-04  1.500000e-03  0.000000e+00
405   1.000000e-03  1.500000e-03  0.000000e+00
406   1.500000e-03  1.500000e-03  0.000000e+00
407   2.000000e-03  1.500000e-03  0.000000e+00
408   2.500000e-03  1.500000e-03  0.000000e+00
409   3.000000e-03  1.500000e-03  0.000000e+00
410   3.500000e-03  1.500000e-03  0.000000e+00
411   4.000000e-03  1.500000e-03  0.000000e+00
412   4.500000e-03  1.500000e-03  0.000000e+00
413   5.000000e-03  1.500000e-03  0.000000e+00
414   5.500000e-03  1.500000e-03  0.000000e+00
415   6.000000e-03  1.500000e-03  0.000000e+00
416   6.500000e-03  1.500000e-03  0.000000e+00
417   7.000000e-03  1.500000e-03  0.000000e+00
418   7.500000e-03  1.500000e-03  0.000000e+00
419   8.000000e-03  1.500000e-03  0.000000e+00
420   8.500000e-03  1.500000e-03  0.000000e+00
421   9.000000e-03  1.500000e-03  0.000000e+00
422   9.500000e-03  1.500000e-03  0.000000e+00
423   1.000000e-02  1.500000e-03  0.000000e+00
424   1.050000e-02  1.500000e-03  0.000000e+00
425   1.100000e-02  1.500000e-03  0.000000e+00
426   1.150000e-02  1.500000e-03  0.000000e+00
427   1.200000e-02  1.500000e-03  0.000000e+00
428   1.250000e-02  1.500000e-03  0.000000e+00
429   1.300000e-02  1.500000e-03  0.000000e+00
430   1.350000e-02  1.500000e-03  0.000000e+00
431   1.400000e-02  1.500000e-03  0.000000e+00
432   1.450000e-02  1.500000e-03  0.000000e+00
433   1.500000e-02  1.500000e-03  0.000000e+00
434   1.550000e-02  1.500000e-03  0.000000e+00
435   1.600000e-02  1.500000e-03  0.000000e+00
436   1.650000e-02  1.500000e-03  0.000000e+00
437   1.700000e-02  1.500000e-03  0.000000e+00
438   1.750000e-02  1.500000e-03  0.000000e+00
439   1.800000e-02  1.500000e-03  0.000000e+00
440   1.850000e-02  1.500000e-03  0.000000e+00
441   1.900000e-02  1.500000e-03  0.000000e+00
442   1.950000e-02  1.500000e-03  0.000000e+00
443   2.000000e-02  1.500000e-03  0.000000e+00
444   2.050000e-02  1.500000e-03  0.000000e+00
445   2.100000e-02  1.500000e-03  0.000000e+00
446   2.150000e-02  1.500000e-03  0.000000e+00
447   2.200000e-02  1.500000e-03  0.000000e+00
448   2.250000e-02  1.500000e-03  0.000000e+00
449   2.300000e-02  1.500000e-03  0.000000e+00
450   2.350000e-02  1.500000e-03  0.000000e+00
451   2.400000e-02  1.500000e-03  0.000000e+00
452   2.450000e-02  1.500000e-03  0.000000e+00
453   2.500000e-02  1.500000e-03  0.000000e+00
454   2.550000e-02  1.500000e-03  0.000000e+00
455   2.600000e-02  1.500000e-03  0.000000e+00
456   2.650000e-02  1.500000e-03  0.000000e+00
457   2.700000e-02  1.500000e-03  0.000000e+00
458   2.750000e-02  1.500000e-03  0.000000e+00
459   2.800000e-02  1.500000e-03  0.000000e+00
460   2.850000e-02  1.500000e-03  0.000000e+00
461   2.900000e-02  1.500000e-03  0.000000e+00
462   2.950000e-02  1.500000e-03  0.000000e+00
463   3.000000e-02  1.500000e-03  0.000000e+00
464   3.050000e-02  1.500000e-03  0.000000e+00
465   3.100000e-02  1.500000e-03  0.000000e+00
466   3.150000e-02  1.500000e-03  0.000000e+00
467   3.200000e-02  1.500000e-03  0.000000e+00
468   3.250000e-02  1.500000e-03  0.000000e+00
469   3.300000e-02  1.500000e-03  0.000000e+00
470   3.350000e-02  1.500000e-03  0.000000e+00
471   3.400000e-02  1.500000e-03  0.000000e+00
472   3.450000e-02  1.500000e-03  0.000000e+00
473   3.500000e-02  1.500000e-03  0.000000e+00
474   3.550000e-02  1.500000e-03  0.000000e+00
475   3.600000e-02  1.500000e-03  0.000000e+00
476   3.650000e-02  1.500000e-03  0.000000e+00
477   3.700000e-02  1.500000e-03  0.000000e+00
478   3.750000e-02  1.500000e-03  0.000000e+00
479   3.800000e-02  1.500000e-03  0.000000e+00
480   3.850000e-02  1.500000e-03  0.000000e+00
481   3.900000e-02  1.500000e-03  0.000000e+00
482   3.950000e-02  1.500000e-03  0.000000e+00
483   4.000000e-02  1.500000e-03  0.000000e+00
484   4.050000e-02  1.500000e-03  0.000000e+00
485   4.100000e-02  1.500000e-03  0.000000e+00
486   4.150000e-02  1.500000e-03  0.000000e+00
487   4.200000e-02  1.500000e-03  0.000000e+00
488   4.250000e-02  1.500000e-03  0.000000e+00
489   4.300000e-02  1.500000e-03  0.000000e+00
490   4.350000e-02  1.500000e-03  0.000000e+00
491   4.400000e-02  1.500000e-03  0.000000e+00
492   4.450000e-02  1.500000e-03  0.000000e+00
493   4.500000e-02  1.500000e-03  0.000000e+00
494   4.550000e-02  1.500000e-03  0.000000e+00
495   4.600000e-02  1.500000e-03  0.000000e+00
496   4.650000e-02  1.500000e-03  0.000000e+00
497   4.700000e-02  1.500000e-03  0.000000e+00
498   4.750000e-02  1.500000e-03  0.000000e+00
499   4.800000e-02  1.500000e-03  0.000000e+00
500   4.850000e-02  1.500000e-03  0.000000e+00
501   4.900000e-02  1.500000e-03  0.000000e+00
502   4.950000e-02  1.500000e-03  0.000000e+00
503   5.000000e-02  1.500000e-03  0.000000e+00
504   5.050000e-02  1.500000e-03  0.000000e+00
505   5.100000e-02  1.500000e-03  0.000000e+00
506   5.150000e-02  1.500000e-03  0.000000e+00
507   5.200000e-02  1.500000e-03  0.000000e+00
508   5.250000e-02  1.500000e-03  0.000000e+00
509   5.300000e-02  1.500000e-03  0.000000e+00
510   5.350000e-02  1.500000e-03  0.000000e+00
511   5.400000e-02  1.500000e-03  0.000000e+00
512   5.450000e-02  1.500000e-03  0.000000e+00
513   5.500000e-02  1.500000e-03  0.000000e+00
514   5.550000e-02  1.500000e-03  0.000000e+00
515   5.600000e-02  1.500000e-03  0.000000e+00
516   5.650000e-02  1.500000e-03  0.000000e+00
517   5.700000e-02  1.500000e-03  0.000000e+00
518   5.750000e-02  1.500000e-03  0.000000e+00
519   5.800000e-02  1.500000e-03  0.000000e+00
520   5.850000e-02  1.500000e-03  0.000000e+00
521   5.900000e-02  1.500000e-03  0.000000e+00
522   5.950000e-02  1.500000e-03  0.000000e+00
523   6.000000e-02  1.500000e-03  0.000000e+00
524   6.050000e-02  1.500000e-03  0.000000e+00
525   6.100000e-02  1.500000e-03  0.000000e+00
526   6.150000e-02  1.500000e-03  0.000000e+00
527   6.200000e-02  1.500000e-03  0.000000e+00
528   6.250000e-02  1.500000e-03  0.000000e+00
529   6.300000e-02  1.500000e-03  0.000000e+00
530   6.350000e-02  1.500000e-03  0.000000e+00
531   6.400000e-02  1.500000e-03  0.000000e+00
532   6.450000e-02  1.500000e-03  0.000000e+00
533   6.500000e-02  1.500000e-03  0.000000e+00
534   6.550000e-02  1.500000e-03  0.000000e+00
535   6.600000e-02  1.500000e-03  0.000000e+00
536   6.650000e-02  1.500000e-03  0.000000e+00
537   6.700000e-02  1.500000e-03  0.000000e+00
538   6.750000e-02  1.500000e-03  0.000000e+00
539   6.800000e-02  1.500000e-03  0.000000e+00
540   6.850000e-02  1.500000e-03  0.000000e+00
541   6.900000e-02  1.500000e-03  0.000000e+00
542   6.950000e-02  1.500000e-03  0.000000e+00
543   7.000000e-02  1.500000e-03  0.000000e+00
544   7.050000e-02  1.500000e-03  0.000000e+00
545   7.100000e-02  1.500000e-03  0.000000e+00
546   7.150000e-02  1.500000e-03  0.000000e+00
547   7.200000e-02  1.500000e-03  0.000000e+00
548   7.250000e-02  1.500000e-03  0.000000e+00
549   7.300000e-02  1.500000e-03  0.000000e+00
550   7.350000e-02  1.500000e-03  0.000000e+00
551   7.400000e-02  1.500000e-03  0.000000e+00
552   7.450000e-02  1.500000e-03  0.000000e+00
553   7.500000e-02  1.500000e-03  0.000000e+00
554   7.550000e-02  1.500000e-03  0.000000e+00
555   7.600000e-02  1.500000e-03  0.000000e+00
556   7.650000e-02  1.500000e-03  0.000000e+00
557   7.700000e-02  1.500000e-03  0.000000e+00
558   7.750000e-02  1.500000e-03  0.000000e+00
559   7.800000e-02  1.500000e-03  0.000000e+00
560   7.850000e-02  1.500000e-03  0.000000e+00
561   7.900000e-02  1.500000e-03  0.000000e+00
562   7.950000e-02  1.500000e-03  0.000000e+00
563   8.000000e-02  1.500000e-03  0.000000e+00
564   8.050000e-02  1.500000e-03  0.000000e+00
565   8.100000e-02  1.500000e-03  0.000000e+00
566   8.150000e-02  1.500000e-03  0.000000e+00
567   8.200000e-02  1.500000e-03  0.000000e+00
568   8.250000e-02  1.500000e-03  0.000000e+00
569   8.300000e-02  1.500000e-03  0.000000e+00
570   8.350000e-02  1.500000e-03  0.000000e+00
571   8.400000e-02  1.500000e-03  0.000000e+00
572   8.450000e-02  1.500000e-03  0.000000e+00
573   8.500000e-02  1.500000e-03  0.000000e+00
574   8.550000e-02  1.500000e-03  0.000000e+00
575   8.600000e-02  1.500000e-03  0.000000e+00
576   8.650000e-02  1.500000e-03  0.000000e+00
577   8.700000e-02  1.500000e-03  0.000000e+00
578   8.750000e-02  1.500000e-03  0.000000e+00
579   8.800000e-02  1.500000e-03  0.000000e+00
580   8.850000e-02  1.500000e-03  0.000000e+00
581   8.900000e-02  1.500000e-03  0.000000e+00
582   8.950000e-02  1.500000e-03  0.000000e+00
583   9.000000e-02  1.500000e-03  0.000000e+00
584   9.050000e-02  1.500000e-03  0.000000e+00
585   9.100000e-02  1.500000e-03  0.000000e+00
586   9.150000e-02  1.500000e-03  0.000000e+00
587   9.200000e-02  1.500000e-03  0.000000e+00
588   9.250000e-02  1.500000e-03  0.000000e+00
589   9.300000e-02  1.500000e-03  0.000000e+00
590   9.350000e-02  1.500000e-03  0.000000e+00
591   9.400000e-02  1.500000e-03  0.000000e+00
592   9.450000e-02  1.500000e-03  0.000000e+00
593   9.500000e-02  1.500000e-03  0.000000e+00
594   9.550000e-02  1.500000e-03  0.000000e+00
595   9.600000e-02  1.500000e-03  0.000000e+00
596   9.650000e-02  1.500000e-03  0.000000e+00
597   9.700000e-02  1.500000e-03  0.000000e+00
598   9.750000e-02  1.500000e-03  0.000000e+00
599   9.800000e-02  1.500000e-03  0.000000e+00
600   9.850000e-02  1.500000e-03  0.000000e+00
601   9.900000e-02  1.500000e-03  0.000000e+00
602   9.950000e-02  1.500000e-03  0.000000e+00
603   1.000000e-01  1.500000e-03  0.000000e+00
604   5.000000e-04  3.000000e-03  0.000000e+00
605   0.000000e+00  3.000000e-03  0.000000e+00
606   1.000000e-03  3.000000e-03  0.000000e+00
607   1.500000e-03  3.000000e-03  0.000000e+00
608   2.000000e-03  3.000000e-03  0.000000e+00
609   2.500000e-03  3.000000e-03  0.000000e+00
610   3.000000e-03  3.000000e-03  0.000000e+00
611   3.500000e-03  3.000000e-03  0.000000e+00
612   4.000000e-03  3.000000e-03  0.000000e+00
613   4.500000e-03  3.000000e-03  0.000000e+00
614   5.000000e-03  3.000000e-03  0.000000e+00
615   5.500000e-03  3.000000e-03  0.000000e+00
616   6.000000e-03  3.000000e-03  0.000000e+00
617   6.500000e-03  3.000000e-03  0.000000e+00
618   7.000000e-03  3.000000e-03  0.000000e+00
619   7.500000e-03  3.000000e-03  0.000000e+00
620   8.000000e-03  3.000000e-03  0.000000e+00
621   8.500000e-03  3.000000e-03  0.000000e+00
622   9.000000e-03  3.000000e-03  0.000000e+00
623   9.500000e-03  3.000000e-03  0.000000e+00
624   1.000000e-02  3.000000e-03  0.000000e+00
625   1.050000e-02  3.000000e-03  0.000000e+00
626   1.100000e-02  3.000000e-03  0.000000e+00
627   1.150000e-02  3.000000e-03  0.000000e+00
628   1.200000e-02  3.000000e-03  0.000000e+00
629   1.250000e-02  3.000000e-03  0.000000e+00
630   1.300000e-02  3.000000e-03  0.000000e+00
631   1.350000e-02  3.000000e-03  0.000000e+00
632   1.400000e-02  3.000000e-03  0.000000e+00
633   1.450000e-02  3.000000e-03  0.000000e+00
634   1.500000e-02  3.000000e-03  0.000000e+00
635   1.550000e-02  3.000000e-03  0.000000e+00
636   1.600000e-02  3.000000e-03  0.000000e+00
637   1.650000e-02  3.000000e-03  0.000000e+00
638   1.700000e-02  3.000000e-03  0.000000e+00
639   1.750000e-02  3.000000e-03  0.000000e+00
640   1.800000e-02  3.000000e-03  0.000000e+00
641   1.850000e-02  3.000000e-03  0.000000e+00
642   1.900000e-02  3.000000e-03  0.000000e+00
643   1.950000e-02  3.000000e-03  0.000000e+00
644   2.000000e-02  3.000000e-03  0.000000e+00
645   2.050000e-02  3.000000e-03  0.000000e+00
646   2.100000e-02  3.000000e-03  0.000000e+00
647   2.150000e-02  3.000000e-03  0.000000e+00
648   2.200000e-02  3.000000e-03  0.000000e+00
649   2.250000e-02  3.000000e-03  0.000000e+00
650   2.300000e-02  3.000000e-03  0.000000e+00
651   2.350000e-02  3.000000e-03  0.000000e+00
652   2.400000e-02  3.000000e-03  0.000000e+00
653   2.450000e-02  3.000000e-03  0.000000e+00
654   2.500000e-02  3.000000e-03  0.000000e+00
655   2.550000e-02  3.000000e-03  0.000000e+00
656   2.600000e-02  3.000000e-03  0.000000e+00
657   2.650000e-02  3.000000e-03  0.000000e+00
658   2.700000e-02  3.000000e-03  0.000000e+00
659   2.750000e-02  3.000000e-03  0.000000e+00
660   2.800000e-02  3.000000e-03  0.000000e+00
661   2.850000e-02  3.000000e-03  0.000000e+00
662   2.900000e-02  3.000000e-03  0.000000e+00
663   2.950000e-02  3.000000e-03  0.000000e+00
664   3.000000e-02  3.000000e-03  0.000000e+00
665   3.050000e-02  3.000000e-03  0.000000e+00
666   3.100000e-02  3.000000e-03  0.000000e+00
667   3.150000e-02  3.000000e-03  0.000000e+00
668   3.200000e-02  3.000000e-03  0.000000e+00
669   3.250000e-02  3.000000e-03  0.000000e+00
670   3.300000e-02  3.000000e-03  0.000000e+00
671   3.350000e-02  3.000000e-03  0.000000e+00
672   3.400000e-02  3.000000e-03  0.000000e+00
673   3.450000e-02  3.000000e-03  0.000000e+00
674   3.500000e-02  3.000000e-03  0.000000e+00
675   3.550000e-02  3.000000e-03  0.000000e+00
676   3.600000e-02  3.000000e-03  0.000000e+00
677   3.650000e-02  3.000000e-03  0.000000e+00
678   3.700000e-02  3.000000e-03  0.000000e+00
679   3.750000e-02  3.000000e-03  0.000000e+00
680   3.800000e-02  3.000000e-03  0.000000e+00
681   3.850000e-02  3.000000e-03  0.000000e+00
682   3.900000e-02  3.000000e-03  0.000000e+00
683   3.950000e-02  3.000000e-03  0.000000e+00
684   4.000000e-02  3.000000e-03  0.000000e+00
685   4.050000e-02  3.000000e-03  0.000000e+00
686   4.100000e-02  3.000000e-03  0.000000e+00
687   4.150000e-02  3.000000e-03  0.000000e+00
688   4.200000e-02  3.000000e-03  0.000000e+00
689   4.250000e-02  3.000000e-03  0.000000e+00
690   4.300000e-02  3.000000e-03  0.000000e+00
691   4.350000e-02  3.000000e-03  0.000000e+00
692   4.400000e-02  3.000000e-03  0.000000e+00
693   4.450000e-02  3.000000e-03  0.000000e+00
694   4.500000e-02  3.000000e-03  0.000000e+00
695   4.550000e-02  3.000000e-03  0.000000e+00
696   4.600000e-02  3.000000e-03  0.000000e+00
697   4.650000e-02  3.000000e-03  0.000000e+00
698   4.700000e-02  3.000000e-03  0.000000e+00
699   4.750000e-02  3.000000e-03  0.000000e+00
700   4.800000e-02  3.000000e-03  0.000000e+00
701   4.850000e-02  3.000000e-03  0.000000e+00
702   4.900000e-02  3.000000e-03  0.000000e+00
703   4.950000e-02  3.000000e-03  0.000000e+00
704   5.000000e-02  3.000000e-03  0.000000e+00
705   5.050000e-02  3.000000e-03  0.000000e+00
706   5.100000e-02  3.000000e-03  0.000000e+00
707   5.150000e-02  3.000000e-03  0.000000e+00
708   5.200000e-02  3.000000e-03  0.000000e+00
709   5.250000e-02  3.000000e-03  0.000000e+00
710   5.300000e-02  3.000000e-03  0.000000e+00
711   5.350000e-02  3.000000e-03  0.000000e+00
712   5.400000e-02  3.000000e-03  0.000000e+00
713   5.450000e-02  3.000000e-03  0.000000e+00
714   5.500000e-02  3.000000e-03  0.000000e+00
715   5.550000e-02  3.000000e-03  0.000000e+00
716   5.600000e-02  3.000000e-03  0.000000e+00
717   5.650000e-02  3.000000e-03  0.000000e+00
718   5.700000e-02  3.000000e-03  0.000000e+00
719   5.750000e-02  3.000000e-03  0.000000e+00
720   5.800000e-02  3.000000e-03  0.000000e+00
721   5.850000e-02  3.000000e-03  0.000000e+00
722   5.900000e-02  3.000000e-03  0.000000e+00
723   5.950000e-02  3.000000e-03  0.000000e+00
724   6.000000e-02  3.000000e-03  0.000000e+00
725   6.050000e-02  3.000000e-03  0.000000e+00
726   6.100000e-02  3.000000e-03  0.000000e+00
727   6.150000e-02  3.000000e-03  0.000000e+00
728   6.200000e-02  3.000000e-03  0.000000e+00
729   6.250000e-02  3.000000e-03  0.000000e+00
730   6.300000e-02  3.000000e-03  0.000000e+00
731   6.350000e-02  3.000000e-03  0.000000e+00
732   6.400000e-02  3.000000e-03  0.000000e+00
733   6.450000e-02  3.000000e-03  0.000000e+00
734   6.500000e-02  3.000000e-03  0.000000e+00
735   6.550000e-02  3.000000e-03  0.000000e+00
736   6.600000e-02  3.000000e-03  0.000000e+00
737   6.650000e-02  3.000000e-03  0.000000e+00
738   6.700000e-02  3.000000e-03  0.000000e+00
739   6.750000e-02  3.000000e-03  0.000000e+00
740   6.800000e-02  3.000000e-03  0.000000e+00
741   6.850000e-02  3.000000e-03  0.000000e+00
742   6.900000e-02  3.000000e-03  0.000000e+00
743   6.950000e-02  3.000000e-03  0.000000e+00
744   7.000000e-02  3.000000e-03  0.000000e+00
745   7.050000e-02  3.000000e-03  0.000000e+00
746   7.100000e-02  3.000000e-03  0.000000e+00
747   7.150000e-02  3.000000e-03  0.000000e+00
748   7.200000e-02  3.000000e-03  0.000000e+00
749   7.250000e-02  3.000000e-03  0.000000e+00
750   7.300000e-02  3.000000e-03  0.000000e+00
751   7.350000e-02  3.000000e-03  0.000000e+00
752   7.400000e-02  3.000000e-03  0.000000e+00
753   7.450000e-02  3.000000e-03  0.000000e+00
754   7.500000e-02  3.000000e-03  0.000000e+00
755   7.550000e-02  3.000000e-03  0.000000e+00
756   7.600000e-02  3.000000e-03  0.000000e+00
757   7.650000e-02  3.000000e-03  0.000000e+00
758   7.700000e-02  3.000000e-03  0.000000e+00
759   7.750000e-02  3.000000e-03  0.000000e+00
760   7.800000e-02  3.000000e-03  0.000000e+00
761   7.850000e-02  3.000000e-03  0.000000e+00
762   7.900000e-02  3.000000e-03  0.000000e+00
763   7.950000e-02  3.000000e-03  0.000000e+00
764   8.000000e-02  3.000000e-03  0.000000e+00
765   8.050000e-02  3.000000e-03  0.000000e+00
766   8.100000e-02  3.000000e-03  0.000000e+00
767   8.150000e-02  3.000000e-03  0.000000e+00
768   8.200000e-02  3.000000e-03  0.000000e+00
769   8.250000e-02  3.000000e-03  0.000000e+00
770   8.300000e-02  3.000000e-03  0.000000e+00
771   8.350000e-02  3.000000e-03  0.000000e+00
772   8.400000e-02  3.000000e-03  0.000000e+00
773   8.450000e-02  3.000000e-03  0.000000e+00
774   8.500000e-02  3.000000e-03  0.000000e+00
775   8.550000e-02  3.000000e-03  0.000000e+00
776   8.600000e-02  3.000000e-03  0.000000e+00
777   8.650000e-02  3.000000e-03  0.000000e+00
778   8.700000e-02  3.000000e-03  0.000000e+00
779   8.750000e-02  3.000000e-03  0.000000e+00
780   8.800000e-02  3.000000e-03  0.000000e+00
781   8.850000e-02  3.000000e-03  0.000000e+00
782   8.900000e-02  3.000000e-03  0.000000e+00
783   8.950000e-02  3.000000e-03  0.000000e+00
784   9.000000e-02  3.000000e-03  0.000000e+00
785   9.050000e-02  3.000000e-03  0.000000e+00
786   9.100000e-02  3.000000e-03  0.000000e+00
787   9.150000e-02  3.000000e-03  0.000000e+00
788   9.200000e-02  3.000000e-03  0.000000e+00
789   9.250000e-02  3.000000e-03  0.000000e+00
790   9.300000e-02  3.000000e-03  0.000000e+00
791   9.350000e-02  3.000000e-03  0.000000e+00
792   9.400000e-02  3.000000e-03  0.000000e+00
793   9.450000e-02  3.000000e-03  0.000000e+00
794   9.500000e-02  3.000000e-03  0.000000e+00
795   9.550000e-02  3.000000e-03  0.000000e+00
796   9.600000e-02  3.000000e-03  0.000000e+00
797   9.650000e-02  3.000000e-03  0.000000e+00
798   9.700000e-02  3.000000e-03  0.000000e+00
799   9.750000e-02  3.000000e-03  0.000000e+00
800   9.800000e-02  3.000000e-03  0.000000e+00
801   9.850000e-02  3.000000e-03  0.000000e+00
802   9.900000e-02  3.000000e-03  0.000000e+00
803   9.950000e-02  3.000000e-03  0.000000e+00
804   1.000000e-01  3.000000e-03  0.000000e+00

%NODE.SUPPORT
4
1   1 1 1 0 0 0
4   1 1 1 0 0 0
403 1 1 1 0 0 0
605 1 1 1 0 0 0

%MATERIAL
2

%MATERIAL.ISOTROPIC
1
1 69e9 0.33

%MATERIAL.CZM.MODEI.BILINEAR
1
2  20e6  55  1.0e13

%SECTION
2

%SECTION.HOMOGENEOUS.ISOTROPIC.2D
1
1  1  0.01

%SECTION.INTERFACE.2D
1
2  2  0.01

%INTEGRATION.ORDER
2
1    3    3    3    3    3    3
2    12   12   12   12   12   12


%ELEMENT
540

%ELEMENT.INTERFACE.L2
140
201     2   2   403 404 4 3
202     2   2   404 405 3 6
203     2   2   405 406 6 8
204     2   2   406 407 8 10
205     2   2   407 408 10 12
206     2   2   408 409 12 14
207     2   2   409 410 14 16
208     2   2   410 411 16 18
209     2   2   411 412 18 20
210     2   2   412 413 20 22
211     2   2   413 414 22 24
212     2   2   414 415 24 26
213     2   2   415 416 26 28
214     2   2   416 417 28 30
215     2   2   417 418 30 32
216     2   2   418 419 32 34
217     2   2   419 420 34 36
218     2   2   420 421 36 38
219     2   2   421 422 38 40
220     2   2   422 423 40 42
221     2   2   423 424 42 44
222     2   2   424 425 44 46
223     2   2   425 426 46 48
224     2   2   426 427 48 50
225     2   2   427 428 50 52
226     2   2   428 429 52 54
227     2   2   429 430 54 56
228     2   2   430 431 56 58
229     2   2   431 432 58 60
230     2   2   432 433 60 62
231     2   2   433 434 62 64
232     2   2   434 435 64 66
233     2   2   435 436 66 68
234     2   2   436 437 68 70
235     2   2   437 438 70 72
236     2   2   438 439 72 74
237     2   2   439 440 74 76
238     2   2   440 441 76 78
239     2   2   441 442 78 80
240     2   2   442 443 80 82
241     2   2   443 444 82 84
242     2   2   444 445 84 86
243     2   2   445 446 86 88
244     2   2   446 447 88 90
245     2   2   447 448 90 92
246     2   2   448 449 92 94
247     2   2   449 450 94 96
248     2   2   450 451 96 98
249     2   2   451 452 98 100
250     2   2   452 453 100 102
251     2   2   453 454 102 104
252     2   2   454 455 104 106
253     2   2   455 456 106 108
254     2   2   456 457 108 110
255     2   2   457 458 110 112
256     2   2   458 459 112 114
257     2   2   459 460 114 116
258     2   2   460 461 116 118
259     2   2   461 462 118 120
260     2   2   462 463 120 122
261     2   2   463 464 122 124
262     2   2   464 465 124 126
263     2   2   465 466 126 128
264     2   2   466 467 128 130
265     2   2   467 468 130 132
266     2   2   468 469 132 134
267     2   2   469 470 134 136
268     2   2   470 471 136 138
269     2   2   471 472 138 140
270     2   2   472 473 140 142
271     2   2   473 474 142 144
272     2   2   474 475 144 146
273     2   2   475 476 146 148
274     2   2   476 477 148 150
275     2   2   477 478 150 152
276     2   2   478 479 152 154
277     2   2   479 480 154 156
278     2   2   480 481 156 158
279     2   2   481 482 158 160
280     2   2   482 483 160 162
281     2   2   483 484 162 164
282     2   2   484 485 164 166
283     2   2   485 486 166 168
284     2   2   486 487 168 170
285     2   2   487 488 170 172
286     2   2   488 489 172 174
287     2   2   489 490 174 176
288     2   2   490 491 176 178
289     2   2   491 492 178 180
290     2   2   492 493 180 182
291     2   2   493 494 182 184
292     2   2   494 495 184 186
293     2   2   495 496 186 188
294     2   2   496 497 188 190
295     2   2   497 498 190 192
296     2   2   498 499 192 194
297     2   2   499 500 194 196
298     2   2   500 501 196 198
299     2   2   501 502 198 200
300     2   2   502 503 200 202
301     2   2   503 504 202 204
302     2   2   504 505 204 206
303     2   2   505 506 206 208
304     2   2   506 507 208 210
305     2   2   507 508 210 212
306     2   2   508 509 212 214
307     2   2   509 510 214 216
308     2   2   510 511 216 218
309     2   2   511 512 218 220
310     2   2   512 513 220 222
311     2   2   513 514 222 224
312     2   2   514 515 224 226
313     2   2   515 516 226 228
314     2   2   516 517 228 230
315     2   2   517 518 230 232
316     2   2   518 519 232 234
317     2   2   519 520 234 236
318     2   2   520 521 236 238
319     2   2   521 522 238 240
320     2   2   522 523 240 242
321     2   2   523 524 242 244
322     2   2   524 525 244 246
323     2   2   525 526 246 248
324     2   2   526 527 248 250
325     2   2   527 528 250 252
326     2   2   528 529 252 254
327     2   2   529 530 254 256
328     2   2   530 531 256 258
329     2   2   531 532 258 260
330     2   2   532 533 260 262
331     2   2   533 534 262 264
332     2   2   534 535 264 266
333     2   2   535 536 266 268
334     2   2   536 537 268 270
335     2   2   537 538 270 272
336     2   2   538 539 272 274
337     2   2   539 540 274 276
338     2   2   540 541 276 278
339     2   2   541 542 278 280
340     2   2   542 543 280 282

%ELEMENT.PLSTRESS.Q4
400
1     1   1   1 2 3 4
2     1   1   2 5 6 3
3     1   1   5 7 8 6
4     1   1   7 9 10 8
5     1   1   9 11 12 10
6     1   1   11 13 14 12
7     1   1   13 15 16 14
8     1   1   15 17 18 16
9     1   1   17 19 20 18
10     1   1   19 21 22 20
11     1   1   21 23 24 22
12     1   1   23 25 26 24
13     1   1   25 27 28 26
14     1   1   27 29 30 28
15     1   1   29 31 32 30
16     1   1   31 33 34 32
17     1   1   33 35 36 34
18     1   1   35 37 38 36
19     1   1   37 39 40 38
20     1   1   39 41 42 40
21     1   1   41 43 44 42
22     1   1   43 45 46 44
23     1   1   45 47 48 46
24     1   1   47 49 50 48
25     1   1   49 51 52 50
26     1   1   51 53 54 52
27     1   1   53 55 56 54
28     1   1   55 57 58 56
29     1   1   57 59 60 58
30     1   1   59 61 62 60
31     1   1   61 63 64 62
32     1   1   63 65 66 64
33     1   1   65 67 68 66
34     1   1   67 69 70 68
35     1   1   69 71 72 70
36     1   1   71 73 74 72
37     1   1   73 75 76 74
38     1   1   75 77 78 76
39     1   1   77 79 80 78
40     1   1   79 81 82 80
41     1   1   81 83 84 82
42     1   1   83 85 86 84
43     1   1   85 87 88 86
44     1   1   87 89 90 88
45     1   1   89 91 92 90
46     1   1   91 93 94 92
47     1   1   93 95 96 94
48     1   1   95 97 98 96
49     1   1   97 99 100 98
50     1   1   99 101 102 100
51     1   1   101 103 104 102
52     1   1   103 105 106 104
53     1   1   105 107 108 106
54     1   1   107 109 110 108
55     1   1   109 111 112 110
56     1   1   111 113 114 112
57     1   1   113 115 116 114
58     1   1   115 117 118 116
59     1   1   117 119 120 118
60     1   1   119 121 122 120
61     1   1   121 123 124 122
62     1   1   123 125 126 124
63     1   1   125 127 128 126
64     1   1   127 129 130 128
65     1   1   129 131 132 130
66     1   1   131 133 134 132
67     1   1   133 135 136 134
68     1   1   135 137 138 136
69     1   1   137 139 140 138
70     1   1   139 141 142 140
71     1   1   141 143 144 142
72     1   1   143 145 146 144
73     1   1   145 147 148 146
74     1   1   147 149 150 148
75     1   1   149 151 152 150
76     1   1   151 153 154 152
77     1   1   153 155 156 154
78     1   1   155 157 158 156
79     1   1   157 159 160 158
80     1   1   159 161 162 160
81     1   1   161 163 164 162
82     1   1   163 165 166 164
83     1   1   165 167 168 166
84     1   1   167 169 170 168
85     1   1   169 171 172 170
86     1   1   171 173 174 172
87     1   1   173 175 176 174
88     1   1   175 177 178 176
89     1   1   177 179 180 178
90     1   1   179 181 182 180
91     1   1   181 183 184 182
92     1   1   183 185 186 184
93     1   1   185 187 188 186
94     1   1   187 189 190 188
95     1   1   189 191 192 190
96     1   1   191 193 194 192
97     1   1   193 195 196 194
98     1   1   195 197 198 196
99     1   1   197 199 200 198
100     1   1   199 201 202 200
101     1   1   201 203 204 202
102     1   1   203 205 206 204
103     1   1   205 207 208 206
104     1   1   207 209 210 208
105     1   1   209 211 212 210
106     1   1   211 213 214 212
107     1   1   213 215 216 214
108     1   1   215 217 218 216
109     1   1   217 219 220 218
110     1   1   219 221 222 220
111     1   1   221 223 224 222
112     1   1   223 225 226 224
113     1   1   225 227 228 226
114     1   1   227 229 230 228
115     1   1   229 231 232 230
116     1   1   231 233 234 232
117     1   1   233 235 236 234
118     1   1   235 237 238 236
119     1   1   237 239 240 238
120     1   1   239 241 242 240
121     1   1   241 243 244 242
122     1   1   243 245 246 244
123     1   1   245 247 248 246
124     1   1   247 249 250 248
125     1   1   249 251 252 250
126     1   1   251 253 254 252
127     1   1   253 255 256 254
128     1   1   255 257 258 256
129     1   1   257 259 260 258
130     1   1   259 261 262 260
131     1   1   261 263 264 262
132     1   1   263 265 266 264
133     1   1   265 267 268 266
134     1   1   267 269 270 268
135     1   1   269 271 272 270
136     1   1   271 273 274 272
137     1   1   273 275 276 274
138     1   1   275 277 278 276
139     1   1   277 279 280 278
140     1   1   279 281 282 280
141     1   1   281 283 284 282
142     1   1   283 285 286 284
143     1   1   285 287 288 286
144     1   1   287 289 290 288
145     1   1   289 291 292 290
146     1   1   291 293 294 292
147     1   1   293 295 296 294
148     1   1   295 297 298 296
149     1   1   297 299 300 298
150     1   1   299 301 302 300
151     1   1   301 303 304 302
152     1   1   303 305 306 304
153     1   1   305 307 308 306
154     1   1   307 309 310 308
155     1   1   309 311 312 310
156     1   1   311 313 314 312
157     1   1   313 315 316 314
158     1   1   315 317 318 316
159     1   1   317 319 320 318
160     1   1   319 321 322 320
161     1   1   321 323 324 322
162     1   1   323 325 326 324
163     1   1   325 327 328 326
164     1   1   327 329 330 328
165     1   1   329 331 332 330
166     1   1   331 333 334 332
167     1   1   333 335 336 334
168     1   1   335 337 338 336
169     1   1   337 339 340 338
170     1   1   339 341 342 340
171     1   1   341 343 344 342
172     1   1   343 345 346 344
173     1   1   345 347 348 346
174     1   1   347 349 350 348
175     1   1   349 351 352 350
176     1   1   351 353 354 352
177     1   1   353 355 356 354
178     1   1   355 357 358 356
179     1   1   357 359 360 358
180     1   1   359 361 362 360
181     1   1   361 363 364 362
182     1   1   363 365 366 364
183     1   1   365 367 368 366
184     1   1   367 369 370 368
185     1   1   369 371 372 370
186     1   1   371 373 374 372
187     1   1   373 375 376 374
188     1   1   375 377 378 376
189     1   1   377 379 380 378
190     1   1   379 381 382 380
191     1   1   381 383 384 382
192     1   1   383 385 386 384
193     1   1   385 387 388 386
194     1   1   387 389 390 388
195     1   1   389 391 392 390
196     1   1   391 393 394 392
197     1   1   393 395 396 394
198     1   1   395 397 398 396
199     1   1   397 399 400 398
200     1   1   399 401 402 400
341     1   1   403 404 604 605
342     1   1   404 405 606 604
343     1   1   405 406 607 606
344     1   1   406 407 608 607
345     1   1   407 408 609 608
346     1   1   408 409 610 609
347     1   1   409 410 611 610
348     1   1   410 411 612 611
349     1   1   411 412 613 612
350     1   1   412 413 614 613
351     1   1   413 414 615 614
352     1   1   414 415 616 615
353     1   1   415 416 617 616
354     1   1   416 417 618 617
355     1   1   417 418 619 618
356     1   1   418 419 620 619
357     1   1   419 420 621 620
358     1   1   420 421 622 621
359     1   1   421 422 623 622
360     1   1   422 423 624 623
361     1   1   423 424 625 624
362     1   1   424 425 626 625
363     1   1   425 426 627 626
364     1   1   426 427 628 627
365     1   1   427 428 629 628
366     1   1   428 429 630 629
367     1   1   429 430 631 630
368     1   1   430 431 632 631
369     1   1   431 432 633 632
370     1   1   432 433 634 633
371     1   1   433 434 635 634
372     1   1   434 435 636 635
373     1   1   435 436 637 636
374     1   1   436 437 638 637
375     1   1   437 438 639 638
376     1   1   438 439 640 639
377     1   1   439 440 641 640
378     1   1   440 441 642 641
379     1   1   441 442 643 642
380     1   1   442 443 644 643
381     1   1   443 444 645 644
382     1   1   444 445 646 645
383     1   1   445 446 647 646
384     1   1   446 447 648 647
385     1   1   447 448 649 648
386     1   1   448 449 650 649
387     1   1   449 450 651 650
388     1   1   450 451 652 651
389     1   1   451 452 653 652
390     1   1   452 453 654 653
391     1   1   453 454 655 654
392     1   1   454 455 656 655
393     1   1   455 456 657 656
394     1   1   456 457 658 657
395     1   1   457 458 659 658
396     1   1   458 459 660 659
397     1   1   459 460 661 660
398     1   1   460 461 662 661
399     1   1   461 462 663 662
400     1   1   462 463 664 663
401     1   1   463 464 665 664
402     1   1   464 465 666 665
403     1   1   465 466 667 666
404     1   1   466 467 668 667
405     1   1   467 468 669 668
406     1   1   468 469 670 669
407     1   1   469 470 671 670
408     1   1   470 471 672 671
409     1   1   471 472 673 672
410     1   1   472 473 674 673
411     1   1   473 474 675 674
412     1   1   474 475 676 675
413     1   1   475 476 677 676
414     1   1   476 477 678 677
415     1   1   477 478 679 678
416     1   1   478 479 680 679
417     1   1   479 480 681 680
418     1   1   480 481 682 681
419     1   1   481 482 683 682
420     1   1   482 483 684 683
421     1   1   483 484 685 684
422     1   1   484 485 686 685
423     1   1   485 486 687 686
424     1   1   486 487 688 687
425     1   1   487 488 689 688
426     1   1   488 489 690 689
427     1   1   489 490 691 690
428     1   1   490 491 692 691
429     1   1   491 492 693 692
430     1   1   492 493 694 693
431     1   1   493 494 695 694
432     1   1   494 495 696 695
433     1   1   495 496 697 696
434     1   1   496 497 698 697
435     1   1   497 498 699 698
436     1   1   498 499 700 699
437     1   1   499 500 701 700
438     1   1   500 501 702 701
439     1   1   501 502 703 702
440     1   1   502 503 704 703
441     1   1   503 504 705 704
442     1   1   504 505 706 705
443     1   1   505 506 707 706
444     1   1   506 507 708 707
445     1   1   507 508 709 708
446     1   1   508 509 710 709
447     1   1   509 510 711 710
448     1   1   510 511 712 711
449     1   1   511 512 713 712
450     1   1   512 513 714 713
451     1   1   513 514 715 714
452     1   1   514 515 716 715
453     1   1   515 516 717 716
454     1   1   516 517 718 717
455     1   1   517 518 719 718
456     1   1   518 519 720 719
457     1   1   519 520 721 720
458     1   1   520 521 722 721
459     1   1   521 522 723 722
460     1   1   522 523 724 723
461     1   1   523 524 725 724
462     1   1   524 525 726 725
463     1   1   525 526 727 726
464     1   1   526 527 728 727
465     1   1   527 528 729 728
466     1   1   528 529 730 729
467     1   1   529 530 731 730
468     1   1   530 531 732 731
469     1   1   531 532 733 732
470     1   1   532 533 734 733
471     1   1   533 534 735 734
472     1   1   534 535 736 735
473     1   1   535 536 737 736
474     1   1   536 537 738 737
475     1   1   537 538 739 738
476     1   1   538 539 740 739
477     1   1   539 540 741 740
478     1   1   540 541 742 741
479     1   1   541 542 743 742
480     1   1   542 543 744 743
481     1   1   543 544 745 744
482     1   1   544 545 746 745
483     1   1   545 546 747 746
484     1   1   546 547 748 747
485     1   1   547 548 749 748
486     1   1   548 549 750 749
487     1   1   549 550 751 750
488     1   1   550 551 752 751
489     1   1   551 552 753 752
490     1   1   552 553 754 753
491     1   1   553 554 755 754
492     1   1   554 555 756 755
493     1   1   555 556 757 756
494     1   1   556 557 758 757
495     1   1   557 558 759 758
496     1   1   558 559 760 759
497     1   1   559 560 761 760
498     1   1   560 561 762 761
499     1   1   561 562 763 762
500     1   1   562 563 764 763
501     1   1   563 564 765 764
502     1   1   564 565 766 765
503     1   1   565 566 767 766
504     1   1   566 567 768 767
505     1   1   567 568 769 768
506     1   1   568 569 770 769
507     1   1   569 570 771 770
508     1   1   570 571 772 771
509     1   1   571 572 773 772
510     1   1   572 573 774 773
511     1   1   573 574 775 774
512     1   1   574 575 776 775
513     1   1   575 576 777 776
514     1   1   576 577 778 777
515     1   1   577 578 779 778
516     1   1   578 579 780 779
517     1   1   579 580 781 780
518     1   1   580 581 782 781
519     1   1   581 582 783 782
520     1   1   582 583 784 783
521     1   1   583 584 785 784
522     1   1   584 585 786 785
523     1   1   585 586 787 786
524     1   1   586 587 788 787
525     1   1   587 588 789 788
526     1   1   588 589 790 789
527     1   1   589 590 791 790
528     1   1   590 591 792 791
529     1   1   591 592 793 792
530     1   1   592 593 794 793
531     1   1   593 594 795 794
532     1   1   594 595 796 795
533     1   1   595 596 797 796
534     1   1   596 597 798 797
535     1   1   597 598 799 798
536     1   1   598 599 800 799
537     1   1   599 600 801 800
538     1   1   600 601 802 801
539     1   1   601 602 803 802
540     1   1   602 603 804 803

%LOAD.CASE.LINE.FORCE.UNIFORM
2
200  401  402   0   0.0  -666.666666   0.0
540  603  804  0   0.0   666.666666   0.0

%END
