%HEADER
This file was generated by Patch Generation Tool v1.0

%HEADER.ANALYSIS.STRESS.EXTRAPOLATION
0

%HEADER.ANALYSIS.ALGORITHM
'dcm'

%HEADER.ANALYSIS.DISPLACEMENT.CONTROL
1212 1

%HEADER.ANALYSIS.STEP.FACTOR
1e-5

%HEADER.ANALYSIS.TOLERANCE
1.0e-6

%HEADER.ANALYSIS.MAXIMUM.STEPS
200

%HEADER.ANALYSIS.MAXIMUM.ITERATIONS
300

%IGA.PRINT.EQUIVALENT.MESH
1

%MATERIAL
2

%MATERIAL.ISOTROPIC
1
1 69e9 0.33
1  27.0e9  0.0

%MATERIAL.CZM.MODEI.EXPONENTIAL
1
2  20e6  55  1.0e14

%SECTION
2

%SECTION.HOMOGENEOUS.ISOTROPIC.2D
1
1  1  0.01

%SECTION.INTERFACE.2D
1
2  2  0.001

%INTEGRATION.ORDER
2
1    2    2    2    2    2    2
2    3    3    3    3    3    3

1    3    3    3    3    3    3
2   12   12   12   12   12   12



%NODE
1212

%NODE.COORD
1212
1       0.000000e+00    0.000000e+00    0.000000e+00
2       7.500000e-04    0.000000e+00    0.000000e+00
3       1.500000e-03    0.000000e+00    0.000000e+00
4       1.500000e-03    0.000000e+00    0.000000e+00
5       2.250000e-03    0.000000e+00    0.000000e+00
6       3.000000e-03    0.000000e+00    0.000000e+00
7       0.000000e+00    4.975124e-04    0.000000e+00
8       7.500000e-04    4.975124e-04    0.000000e+00
9       1.500000e-03    4.975124e-04    0.000000e+00
10      1.500000e-03    4.975124e-04    0.000000e+00
11      2.250000e-03    4.975124e-04    0.000000e+00
12      3.000000e-03    4.975124e-04    0.000000e+00
13      0.000000e+00    9.950249e-04    0.000000e+00
14      7.500000e-04    9.950249e-04    0.000000e+00
15      1.500000e-03    9.950249e-04    0.000000e+00
16      1.500000e-03    9.950249e-04    0.000000e+00
17      2.250000e-03    9.950249e-04    0.000000e+00
18      3.000000e-03    9.950249e-04    0.000000e+00
19      0.000000e+00    1.492537e-03    0.000000e+00
20      7.500000e-04    1.492537e-03    0.000000e+00
21      1.500000e-03    1.492537e-03    0.000000e+00
22      1.500000e-03    1.492537e-03    0.000000e+00
23      2.250000e-03    1.492537e-03    0.000000e+00
24      3.000000e-03    1.492537e-03    0.000000e+00
25      0.000000e+00    1.990050e-03    0.000000e+00
26      7.500000e-04    1.990050e-03    0.000000e+00
27      1.500000e-03    1.990050e-03    0.000000e+00
28      1.500000e-03    1.990050e-03    0.000000e+00
29      2.250000e-03    1.990050e-03    0.000000e+00
30      3.000000e-03    1.990050e-03    0.000000e+00
31      0.000000e+00    2.487562e-03    0.000000e+00
32      7.500000e-04    2.487562e-03    0.000000e+00
33      1.500000e-03    2.487562e-03    0.000000e+00
34      1.500000e-03    2.487562e-03    0.000000e+00
35      2.250000e-03    2.487562e-03    0.000000e+00
36      3.000000e-03    2.487562e-03    0.000000e+00
37      0.000000e+00    2.985075e-03    0.000000e+00
38      7.500000e-04    2.985075e-03    0.000000e+00
39      1.500000e-03    2.985075e-03    0.000000e+00
40      1.500000e-03    2.985075e-03    0.000000e+00
41      2.250000e-03    2.985075e-03    0.000000e+00
42      3.000000e-03    2.985075e-03    0.000000e+00
43      0.000000e+00    3.482587e-03    0.000000e+00
44      7.500000e-04    3.482587e-03    0.000000e+00
45      1.500000e-03    3.482587e-03    0.000000e+00
46      1.500000e-03    3.482587e-03    0.000000e+00
47      2.250000e-03    3.482587e-03    0.000000e+00
48      3.000000e-03    3.482587e-03    0.000000e+00
49      0.000000e+00    3.980100e-03    0.000000e+00
50      7.500000e-04    3.980100e-03    0.000000e+00
51      1.500000e-03    3.980100e-03    0.000000e+00
52      1.500000e-03    3.980100e-03    0.000000e+00
53      2.250000e-03    3.980100e-03    0.000000e+00
54      3.000000e-03    3.980100e-03    0.000000e+00
55      0.000000e+00    4.477612e-03    0.000000e+00
56      7.500000e-04    4.477612e-03    0.000000e+00
57      1.500000e-03    4.477612e-03    0.000000e+00
58      1.500000e-03    4.477612e-03    0.000000e+00
59      2.250000e-03    4.477612e-03    0.000000e+00
60      3.000000e-03    4.477612e-03    0.000000e+00
61      0.000000e+00    4.975124e-03    0.000000e+00
62      7.500000e-04    4.975124e-03    0.000000e+00
63      1.500000e-03    4.975124e-03    0.000000e+00
64      1.500000e-03    4.975124e-03    0.000000e+00
65      2.250000e-03    4.975124e-03    0.000000e+00
66      3.000000e-03    4.975124e-03    0.000000e+00
67      0.000000e+00    5.472637e-03    0.000000e+00
68      7.500000e-04    5.472637e-03    0.000000e+00
69      1.500000e-03    5.472637e-03    0.000000e+00
70      1.500000e-03    5.472637e-03    0.000000e+00
71      2.250000e-03    5.472637e-03    0.000000e+00
72      3.000000e-03    5.472637e-03    0.000000e+00
73      0.000000e+00    5.970149e-03    0.000000e+00
74      7.500000e-04    5.970149e-03    0.000000e+00
75      1.500000e-03    5.970149e-03    0.000000e+00
76      1.500000e-03    5.970149e-03    0.000000e+00
77      2.250000e-03    5.970149e-03    0.000000e+00
78      3.000000e-03    5.970149e-03    0.000000e+00
79      0.000000e+00    6.467662e-03    0.000000e+00
80      7.500000e-04    6.467662e-03    0.000000e+00
81      1.500000e-03    6.467662e-03    0.000000e+00
82      1.500000e-03    6.467662e-03    0.000000e+00
83      2.250000e-03    6.467662e-03    0.000000e+00
84      3.000000e-03    6.467662e-03    0.000000e+00
85      0.000000e+00    6.965174e-03    0.000000e+00
86      7.500000e-04    6.965174e-03    0.000000e+00
87      1.500000e-03    6.965174e-03    0.000000e+00
88      1.500000e-03    6.965174e-03    0.000000e+00
89      2.250000e-03    6.965174e-03    0.000000e+00
90      3.000000e-03    6.965174e-03    0.000000e+00
91      0.000000e+00    7.462687e-03    0.000000e+00
92      7.500000e-04    7.462687e-03    0.000000e+00
93      1.500000e-03    7.462687e-03    0.000000e+00
94      1.500000e-03    7.462687e-03    0.000000e+00
95      2.250000e-03    7.462687e-03    0.000000e+00
96      3.000000e-03    7.462687e-03    0.000000e+00
97      0.000000e+00    7.960199e-03    0.000000e+00
98      7.500000e-04    7.960199e-03    0.000000e+00
99      1.500000e-03    7.960199e-03    0.000000e+00
100     1.500000e-03    7.960199e-03    0.000000e+00
101     2.250000e-03    7.960199e-03    0.000000e+00
102     3.000000e-03    7.960199e-03    0.000000e+00
103     0.000000e+00    8.457711e-03    0.000000e+00
104     7.500000e-04    8.457711e-03    0.000000e+00
105     1.500000e-03    8.457711e-03    0.000000e+00
106     1.500000e-03    8.457711e-03    0.000000e+00
107     2.250000e-03    8.457711e-03    0.000000e+00
108     3.000000e-03    8.457711e-03    0.000000e+00
109     0.000000e+00    8.955224e-03    0.000000e+00
110     7.500000e-04    8.955224e-03    0.000000e+00
111     1.500000e-03    8.955224e-03    0.000000e+00
112     1.500000e-03    8.955224e-03    0.000000e+00
113     2.250000e-03    8.955224e-03    0.000000e+00
114     3.000000e-03    8.955224e-03    0.000000e+00
115     0.000000e+00    9.452736e-03    0.000000e+00
116     7.500000e-04    9.452736e-03    0.000000e+00
117     1.500000e-03    9.452736e-03    0.000000e+00
118     1.500000e-03    9.452736e-03    0.000000e+00
119     2.250000e-03    9.452736e-03    0.000000e+00
120     3.000000e-03    9.452736e-03    0.000000e+00
121     0.000000e+00    9.950249e-03    0.000000e+00
122     7.500000e-04    9.950249e-03    0.000000e+00
123     1.500000e-03    9.950249e-03    0.000000e+00
124     1.500000e-03    9.950249e-03    0.000000e+00
125     2.250000e-03    9.950249e-03    0.000000e+00
126     3.000000e-03    9.950249e-03    0.000000e+00
127     0.000000e+00    1.044776e-02    0.000000e+00
128     7.500000e-04    1.044776e-02    0.000000e+00
129     1.500000e-03    1.044776e-02    0.000000e+00
130     1.500000e-03    1.044776e-02    0.000000e+00
131     2.250000e-03    1.044776e-02    0.000000e+00
132     3.000000e-03    1.044776e-02    0.000000e+00
133     0.000000e+00    1.094527e-02    0.000000e+00
134     7.500000e-04    1.094527e-02    0.000000e+00
135     1.500000e-03    1.094527e-02    0.000000e+00
136     1.500000e-03    1.094527e-02    0.000000e+00
137     2.250000e-03    1.094527e-02    0.000000e+00
138     3.000000e-03    1.094527e-02    0.000000e+00
139     0.000000e+00    1.144279e-02    0.000000e+00
140     7.500000e-04    1.144279e-02    0.000000e+00
141     1.500000e-03    1.144279e-02    0.000000e+00
142     1.500000e-03    1.144279e-02    0.000000e+00
143     2.250000e-03    1.144279e-02    0.000000e+00
144     3.000000e-03    1.144279e-02    0.000000e+00
145     0.000000e+00    1.194030e-02    0.000000e+00
146     7.500000e-04    1.194030e-02    0.000000e+00
147     1.500000e-03    1.194030e-02    0.000000e+00
148     1.500000e-03    1.194030e-02    0.000000e+00
149     2.250000e-03    1.194030e-02    0.000000e+00
150     3.000000e-03    1.194030e-02    0.000000e+00
151     0.000000e+00    1.243781e-02    0.000000e+00
152     7.500000e-04    1.243781e-02    0.000000e+00
153     1.500000e-03    1.243781e-02    0.000000e+00
154     1.500000e-03    1.243781e-02    0.000000e+00
155     2.250000e-03    1.243781e-02    0.000000e+00
156     3.000000e-03    1.243781e-02    0.000000e+00
157     0.000000e+00    1.293532e-02    0.000000e+00
158     7.500000e-04    1.293532e-02    0.000000e+00
159     1.500000e-03    1.293532e-02    0.000000e+00
160     1.500000e-03    1.293532e-02    0.000000e+00
161     2.250000e-03    1.293532e-02    0.000000e+00
162     3.000000e-03    1.293532e-02    0.000000e+00
163     0.000000e+00    1.343284e-02    0.000000e+00
164     7.500000e-04    1.343284e-02    0.000000e+00
165     1.500000e-03    1.343284e-02    0.000000e+00
166     1.500000e-03    1.343284e-02    0.000000e+00
167     2.250000e-03    1.343284e-02    0.000000e+00
168     3.000000e-03    1.343284e-02    0.000000e+00
169     0.000000e+00    1.393035e-02    0.000000e+00
170     7.500000e-04    1.393035e-02    0.000000e+00
171     1.500000e-03    1.393035e-02    0.000000e+00
172     1.500000e-03    1.393035e-02    0.000000e+00
173     2.250000e-03    1.393035e-02    0.000000e+00
174     3.000000e-03    1.393035e-02    0.000000e+00
175     0.000000e+00    1.442786e-02    0.000000e+00
176     7.500000e-04    1.442786e-02    0.000000e+00
177     1.500000e-03    1.442786e-02    0.000000e+00
178     1.500000e-03    1.442786e-02    0.000000e+00
179     2.250000e-03    1.442786e-02    0.000000e+00
180     3.000000e-03    1.442786e-02    0.000000e+00
181     0.000000e+00    1.492537e-02    0.000000e+00
182     7.500000e-04    1.492537e-02    0.000000e+00
183     1.500000e-03    1.492537e-02    0.000000e+00
184     1.500000e-03    1.492537e-02    0.000000e+00
185     2.250000e-03    1.492537e-02    0.000000e+00
186     3.000000e-03    1.492537e-02    0.000000e+00
187     0.000000e+00    1.542289e-02    0.000000e+00
188     7.500000e-04    1.542289e-02    0.000000e+00
189     1.500000e-03    1.542289e-02    0.000000e+00
190     1.500000e-03    1.542289e-02    0.000000e+00
191     2.250000e-03    1.542289e-02    0.000000e+00
192     3.000000e-03    1.542289e-02    0.000000e+00
193     0.000000e+00    1.592040e-02    0.000000e+00
194     7.500000e-04    1.592040e-02    0.000000e+00
195     1.500000e-03    1.592040e-02    0.000000e+00
196     1.500000e-03    1.592040e-02    0.000000e+00
197     2.250000e-03    1.592040e-02    0.000000e+00
198     3.000000e-03    1.592040e-02    0.000000e+00
199     0.000000e+00    1.641791e-02    0.000000e+00
200     7.500000e-04    1.641791e-02    0.000000e+00
201     1.500000e-03    1.641791e-02    0.000000e+00
202     1.500000e-03    1.641791e-02    0.000000e+00
203     2.250000e-03    1.641791e-02    0.000000e+00
204     3.000000e-03    1.641791e-02    0.000000e+00
205     0.000000e+00    1.691542e-02    0.000000e+00
206     7.500000e-04    1.691542e-02    0.000000e+00
207     1.500000e-03    1.691542e-02    0.000000e+00
208     1.500000e-03    1.691542e-02    0.000000e+00
209     2.250000e-03    1.691542e-02    0.000000e+00
210     3.000000e-03    1.691542e-02    0.000000e+00
211     0.000000e+00    1.741294e-02    0.000000e+00
212     7.500000e-04    1.741294e-02    0.000000e+00
213     1.500000e-03    1.741294e-02    0.000000e+00
214     1.500000e-03    1.741294e-02    0.000000e+00
215     2.250000e-03    1.741294e-02    0.000000e+00
216     3.000000e-03    1.741294e-02    0.000000e+00
217     0.000000e+00    1.791045e-02    0.000000e+00
218     7.500000e-04    1.791045e-02    0.000000e+00
219     1.500000e-03    1.791045e-02    0.000000e+00
220     1.500000e-03    1.791045e-02    0.000000e+00
221     2.250000e-03    1.791045e-02    0.000000e+00
222     3.000000e-03    1.791045e-02    0.000000e+00
223     0.000000e+00    1.840796e-02    0.000000e+00
224     7.500000e-04    1.840796e-02    0.000000e+00
225     1.500000e-03    1.840796e-02    0.000000e+00
226     1.500000e-03    1.840796e-02    0.000000e+00
227     2.250000e-03    1.840796e-02    0.000000e+00
228     3.000000e-03    1.840796e-02    0.000000e+00
229     0.000000e+00    1.890547e-02    0.000000e+00
230     7.500000e-04    1.890547e-02    0.000000e+00
231     1.500000e-03    1.890547e-02    0.000000e+00
232     1.500000e-03    1.890547e-02    0.000000e+00
233     2.250000e-03    1.890547e-02    0.000000e+00
234     3.000000e-03    1.890547e-02    0.000000e+00
235     0.000000e+00    1.940299e-02    0.000000e+00
236     7.500000e-04    1.940299e-02    0.000000e+00
237     1.500000e-03    1.940299e-02    0.000000e+00
238     1.500000e-03    1.940299e-02    0.000000e+00
239     2.250000e-03    1.940299e-02    0.000000e+00
240     3.000000e-03    1.940299e-02    0.000000e+00
241     0.000000e+00    1.990050e-02    0.000000e+00
242     7.500000e-04    1.990050e-02    0.000000e+00
243     1.500000e-03    1.990050e-02    0.000000e+00
244     1.500000e-03    1.990050e-02    0.000000e+00
245     2.250000e-03    1.990050e-02    0.000000e+00
246     3.000000e-03    1.990050e-02    0.000000e+00
247     0.000000e+00    2.039801e-02    0.000000e+00
248     7.500000e-04    2.039801e-02    0.000000e+00
249     1.500000e-03    2.039801e-02    0.000000e+00
250     1.500000e-03    2.039801e-02    0.000000e+00
251     2.250000e-03    2.039801e-02    0.000000e+00
252     3.000000e-03    2.039801e-02    0.000000e+00
253     0.000000e+00    2.089552e-02    0.000000e+00
254     7.500000e-04    2.089552e-02    0.000000e+00
255     1.500000e-03    2.089552e-02    0.000000e+00
256     1.500000e-03    2.089552e-02    0.000000e+00
257     2.250000e-03    2.089552e-02    0.000000e+00
258     3.000000e-03    2.089552e-02    0.000000e+00
259     0.000000e+00    2.139303e-02    0.000000e+00
260     7.500000e-04    2.139303e-02    0.000000e+00
261     1.500000e-03    2.139303e-02    0.000000e+00
262     1.500000e-03    2.139303e-02    0.000000e+00
263     2.250000e-03    2.139303e-02    0.000000e+00
264     3.000000e-03    2.139303e-02    0.000000e+00
265     0.000000e+00    2.189055e-02    0.000000e+00
266     7.500000e-04    2.189055e-02    0.000000e+00
267     1.500000e-03    2.189055e-02    0.000000e+00
268     1.500000e-03    2.189055e-02    0.000000e+00
269     2.250000e-03    2.189055e-02    0.000000e+00
270     3.000000e-03    2.189055e-02    0.000000e+00
271     0.000000e+00    2.238806e-02    0.000000e+00
272     7.500000e-04    2.238806e-02    0.000000e+00
273     1.500000e-03    2.238806e-02    0.000000e+00
274     1.500000e-03    2.238806e-02    0.000000e+00
275     2.250000e-03    2.238806e-02    0.000000e+00
276     3.000000e-03    2.238806e-02    0.000000e+00
277     0.000000e+00    2.288557e-02    0.000000e+00
278     7.500000e-04    2.288557e-02    0.000000e+00
279     1.500000e-03    2.288557e-02    0.000000e+00
280     1.500000e-03    2.288557e-02    0.000000e+00
281     2.250000e-03    2.288557e-02    0.000000e+00
282     3.000000e-03    2.288557e-02    0.000000e+00
283     0.000000e+00    2.338308e-02    0.000000e+00
284     7.500000e-04    2.338308e-02    0.000000e+00
285     1.500000e-03    2.338308e-02    0.000000e+00
286     1.500000e-03    2.338308e-02    0.000000e+00
287     2.250000e-03    2.338308e-02    0.000000e+00
288     3.000000e-03    2.338308e-02    0.000000e+00
289     0.000000e+00    2.388060e-02    0.000000e+00
290     7.500000e-04    2.388060e-02    0.000000e+00
291     1.500000e-03    2.388060e-02    0.000000e+00
292     1.500000e-03    2.388060e-02    0.000000e+00
293     2.250000e-03    2.388060e-02    0.000000e+00
294     3.000000e-03    2.388060e-02    0.000000e+00
295     0.000000e+00    2.437811e-02    0.000000e+00
296     7.500000e-04    2.437811e-02    0.000000e+00
297     1.500000e-03    2.437811e-02    0.000000e+00
298     1.500000e-03    2.437811e-02    0.000000e+00
299     2.250000e-03    2.437811e-02    0.000000e+00
300     3.000000e-03    2.437811e-02    0.000000e+00
301     0.000000e+00    2.487562e-02    0.000000e+00
302     7.500000e-04    2.487562e-02    0.000000e+00
303     1.500000e-03    2.487562e-02    0.000000e+00
304     1.500000e-03    2.487562e-02    0.000000e+00
305     2.250000e-03    2.487562e-02    0.000000e+00
306     3.000000e-03    2.487562e-02    0.000000e+00
307     0.000000e+00    2.537313e-02    0.000000e+00
308     7.500000e-04    2.537313e-02    0.000000e+00
309     1.500000e-03    2.537313e-02    0.000000e+00
310     1.500000e-03    2.537313e-02    0.000000e+00
311     2.250000e-03    2.537313e-02    0.000000e+00
312     3.000000e-03    2.537313e-02    0.000000e+00
313     0.000000e+00    2.587065e-02    0.000000e+00
314     7.500000e-04    2.587065e-02    0.000000e+00
315     1.500000e-03    2.587065e-02    0.000000e+00
316     1.500000e-03    2.587065e-02    0.000000e+00
317     2.250000e-03    2.587065e-02    0.000000e+00
318     3.000000e-03    2.587065e-02    0.000000e+00
319     0.000000e+00    2.636816e-02    0.000000e+00
320     7.500000e-04    2.636816e-02    0.000000e+00
321     1.500000e-03    2.636816e-02    0.000000e+00
322     1.500000e-03    2.636816e-02    0.000000e+00
323     2.250000e-03    2.636816e-02    0.000000e+00
324     3.000000e-03    2.636816e-02    0.000000e+00
325     0.000000e+00    2.686567e-02    0.000000e+00
326     7.500000e-04    2.686567e-02    0.000000e+00
327     1.500000e-03    2.686567e-02    0.000000e+00
328     1.500000e-03    2.686567e-02    0.000000e+00
329     2.250000e-03    2.686567e-02    0.000000e+00
330     3.000000e-03    2.686567e-02    0.000000e+00
331     0.000000e+00    2.736318e-02    0.000000e+00
332     7.500000e-04    2.736318e-02    0.000000e+00
333     1.500000e-03    2.736318e-02    0.000000e+00
334     1.500000e-03    2.736318e-02    0.000000e+00
335     2.250000e-03    2.736318e-02    0.000000e+00
336     3.000000e-03    2.736318e-02    0.000000e+00
337     0.000000e+00    2.786070e-02    0.000000e+00
338     7.500000e-04    2.786070e-02    0.000000e+00
339     1.500000e-03    2.786070e-02    0.000000e+00
340     1.500000e-03    2.786070e-02    0.000000e+00
341     2.250000e-03    2.786070e-02    0.000000e+00
342     3.000000e-03    2.786070e-02    0.000000e+00
343     0.000000e+00    2.835821e-02    0.000000e+00
344     7.500000e-04    2.835821e-02    0.000000e+00
345     1.500000e-03    2.835821e-02    0.000000e+00
346     1.500000e-03    2.835821e-02    0.000000e+00
347     2.250000e-03    2.835821e-02    0.000000e+00
348     3.000000e-03    2.835821e-02    0.000000e+00
349     0.000000e+00    2.885572e-02    0.000000e+00
350     7.500000e-04    2.885572e-02    0.000000e+00
351     1.500000e-03    2.885572e-02    0.000000e+00
352     1.500000e-03    2.885572e-02    0.000000e+00
353     2.250000e-03    2.885572e-02    0.000000e+00
354     3.000000e-03    2.885572e-02    0.000000e+00
355     0.000000e+00    2.935323e-02    0.000000e+00
356     7.500000e-04    2.935323e-02    0.000000e+00
357     1.500000e-03    2.935323e-02    0.000000e+00
358     1.500000e-03    2.935323e-02    0.000000e+00
359     2.250000e-03    2.935323e-02    0.000000e+00
360     3.000000e-03    2.935323e-02    0.000000e+00
361     0.000000e+00    2.985075e-02    0.000000e+00
362     7.500000e-04    2.985075e-02    0.000000e+00
363     1.500000e-03    2.985075e-02    0.000000e+00
364     1.500000e-03    2.985075e-02    0.000000e+00
365     2.250000e-03    2.985075e-02    0.000000e+00
366     3.000000e-03    2.985075e-02    0.000000e+00
367     0.000000e+00    3.034826e-02    0.000000e+00
368     7.500000e-04    3.034826e-02    0.000000e+00
369     1.500000e-03    3.034826e-02    0.000000e+00
370     1.500000e-03    3.034826e-02    0.000000e+00
371     2.250000e-03    3.034826e-02    0.000000e+00
372     3.000000e-03    3.034826e-02    0.000000e+00
373     0.000000e+00    3.084577e-02    0.000000e+00
374     7.500000e-04    3.084577e-02    0.000000e+00
375     1.500000e-03    3.084577e-02    0.000000e+00
376     1.500000e-03    3.084577e-02    0.000000e+00
377     2.250000e-03    3.084577e-02    0.000000e+00
378     3.000000e-03    3.084577e-02    0.000000e+00
379     0.000000e+00    3.134328e-02    0.000000e+00
380     7.500000e-04    3.134328e-02    0.000000e+00
381     1.500000e-03    3.134328e-02    0.000000e+00
382     1.500000e-03    3.134328e-02    0.000000e+00
383     2.250000e-03    3.134328e-02    0.000000e+00
384     3.000000e-03    3.134328e-02    0.000000e+00
385     0.000000e+00    3.184080e-02    0.000000e+00
386     7.500000e-04    3.184080e-02    0.000000e+00
387     1.500000e-03    3.184080e-02    0.000000e+00
388     1.500000e-03    3.184080e-02    0.000000e+00
389     2.250000e-03    3.184080e-02    0.000000e+00
390     3.000000e-03    3.184080e-02    0.000000e+00
391     0.000000e+00    3.233831e-02    0.000000e+00
392     7.500000e-04    3.233831e-02    0.000000e+00
393     1.500000e-03    3.233831e-02    0.000000e+00
394     1.500000e-03    3.233831e-02    0.000000e+00
395     2.250000e-03    3.233831e-02    0.000000e+00
396     3.000000e-03    3.233831e-02    0.000000e+00
397     0.000000e+00    3.283582e-02    0.000000e+00
398     7.500000e-04    3.283582e-02    0.000000e+00
399     1.500000e-03    3.283582e-02    0.000000e+00
400     1.500000e-03    3.283582e-02    0.000000e+00
401     2.250000e-03    3.283582e-02    0.000000e+00
402     3.000000e-03    3.283582e-02    0.000000e+00
403     0.000000e+00    3.333333e-02    0.000000e+00
404     7.500000e-04    3.333333e-02    0.000000e+00
405     1.500000e-03    3.333333e-02    0.000000e+00
406     1.500000e-03    3.333333e-02    0.000000e+00
407     2.250000e-03    3.333333e-02    0.000000e+00
408     3.000000e-03    3.333333e-02    0.000000e+00
409     0.000000e+00    3.383085e-02    0.000000e+00
410     7.500000e-04    3.383085e-02    0.000000e+00
411     1.500000e-03    3.383085e-02    0.000000e+00
412     1.500000e-03    3.383085e-02    0.000000e+00
413     2.250000e-03    3.383085e-02    0.000000e+00
414     3.000000e-03    3.383085e-02    0.000000e+00
415     0.000000e+00    3.432836e-02    0.000000e+00
416     7.500000e-04    3.432836e-02    0.000000e+00
417     1.500000e-03    3.432836e-02    0.000000e+00
418     1.500000e-03    3.432836e-02    0.000000e+00
419     2.250000e-03    3.432836e-02    0.000000e+00
420     3.000000e-03    3.432836e-02    0.000000e+00
421     0.000000e+00    3.482587e-02    0.000000e+00
422     7.500000e-04    3.482587e-02    0.000000e+00
423     1.500000e-03    3.482587e-02    0.000000e+00
424     1.500000e-03    3.482587e-02    0.000000e+00
425     2.250000e-03    3.482587e-02    0.000000e+00
426     3.000000e-03    3.482587e-02    0.000000e+00
427     0.000000e+00    3.532338e-02    0.000000e+00
428     7.500000e-04    3.532338e-02    0.000000e+00
429     1.500000e-03    3.532338e-02    0.000000e+00
430     1.500000e-03    3.532338e-02    0.000000e+00
431     2.250000e-03    3.532338e-02    0.000000e+00
432     3.000000e-03    3.532338e-02    0.000000e+00
433     0.000000e+00    3.582090e-02    0.000000e+00
434     7.500000e-04    3.582090e-02    0.000000e+00
435     1.500000e-03    3.582090e-02    0.000000e+00
436     1.500000e-03    3.582090e-02    0.000000e+00
437     2.250000e-03    3.582090e-02    0.000000e+00
438     3.000000e-03    3.582090e-02    0.000000e+00
439     0.000000e+00    3.631841e-02    0.000000e+00
440     7.500000e-04    3.631841e-02    0.000000e+00
441     1.500000e-03    3.631841e-02    0.000000e+00
442     1.500000e-03    3.631841e-02    0.000000e+00
443     2.250000e-03    3.631841e-02    0.000000e+00
444     3.000000e-03    3.631841e-02    0.000000e+00
445     0.000000e+00    3.681592e-02    0.000000e+00
446     7.500000e-04    3.681592e-02    0.000000e+00
447     1.500000e-03    3.681592e-02    0.000000e+00
448     1.500000e-03    3.681592e-02    0.000000e+00
449     2.250000e-03    3.681592e-02    0.000000e+00
450     3.000000e-03    3.681592e-02    0.000000e+00
451     0.000000e+00    3.731343e-02    0.000000e+00
452     7.500000e-04    3.731343e-02    0.000000e+00
453     1.500000e-03    3.731343e-02    0.000000e+00
454     1.500000e-03    3.731343e-02    0.000000e+00
455     2.250000e-03    3.731343e-02    0.000000e+00
456     3.000000e-03    3.731343e-02    0.000000e+00
457     0.000000e+00    3.781095e-02    0.000000e+00
458     7.500000e-04    3.781095e-02    0.000000e+00
459     1.500000e-03    3.781095e-02    0.000000e+00
460     1.500000e-03    3.781095e-02    0.000000e+00
461     2.250000e-03    3.781095e-02    0.000000e+00
462     3.000000e-03    3.781095e-02    0.000000e+00
463     0.000000e+00    3.830846e-02    0.000000e+00
464     7.500000e-04    3.830846e-02    0.000000e+00
465     1.500000e-03    3.830846e-02    0.000000e+00
466     1.500000e-03    3.830846e-02    0.000000e+00
467     2.250000e-03    3.830846e-02    0.000000e+00
468     3.000000e-03    3.830846e-02    0.000000e+00
469     0.000000e+00    3.880597e-02    0.000000e+00
470     7.500000e-04    3.880597e-02    0.000000e+00
471     1.500000e-03    3.880597e-02    0.000000e+00
472     1.500000e-03    3.880597e-02    0.000000e+00
473     2.250000e-03    3.880597e-02    0.000000e+00
474     3.000000e-03    3.880597e-02    0.000000e+00
475     0.000000e+00    3.930348e-02    0.000000e+00
476     7.500000e-04    3.930348e-02    0.000000e+00
477     1.500000e-03    3.930348e-02    0.000000e+00
478     1.500000e-03    3.930348e-02    0.000000e+00
479     2.250000e-03    3.930348e-02    0.000000e+00
480     3.000000e-03    3.930348e-02    0.000000e+00
481     0.000000e+00    3.980100e-02    0.000000e+00
482     7.500000e-04    3.980100e-02    0.000000e+00
483     1.500000e-03    3.980100e-02    0.000000e+00
484     1.500000e-03    3.980100e-02    0.000000e+00
485     2.250000e-03    3.980100e-02    0.000000e+00
486     3.000000e-03    3.980100e-02    0.000000e+00
487     0.000000e+00    4.029851e-02    0.000000e+00
488     7.500000e-04    4.029851e-02    0.000000e+00
489     1.500000e-03    4.029851e-02    0.000000e+00
490     1.500000e-03    4.029851e-02    0.000000e+00
491     2.250000e-03    4.029851e-02    0.000000e+00
492     3.000000e-03    4.029851e-02    0.000000e+00
493     0.000000e+00    4.079602e-02    0.000000e+00
494     7.500000e-04    4.079602e-02    0.000000e+00
495     1.500000e-03    4.079602e-02    0.000000e+00
496     1.500000e-03    4.079602e-02    0.000000e+00
497     2.250000e-03    4.079602e-02    0.000000e+00
498     3.000000e-03    4.079602e-02    0.000000e+00
499     0.000000e+00    4.129353e-02    0.000000e+00
500     7.500000e-04    4.129353e-02    0.000000e+00
501     1.500000e-03    4.129353e-02    0.000000e+00
502     1.500000e-03    4.129353e-02    0.000000e+00
503     2.250000e-03    4.129353e-02    0.000000e+00
504     3.000000e-03    4.129353e-02    0.000000e+00
505     0.000000e+00    4.179104e-02    0.000000e+00
506     7.500000e-04    4.179104e-02    0.000000e+00
507     1.500000e-03    4.179104e-02    0.000000e+00
508     1.500000e-03    4.179104e-02    0.000000e+00
509     2.250000e-03    4.179104e-02    0.000000e+00
510     3.000000e-03    4.179104e-02    0.000000e+00
511     0.000000e+00    4.228856e-02    0.000000e+00
512     7.500000e-04    4.228856e-02    0.000000e+00
513     1.500000e-03    4.228856e-02    0.000000e+00
514     1.500000e-03    4.228856e-02    0.000000e+00
515     2.250000e-03    4.228856e-02    0.000000e+00
516     3.000000e-03    4.228856e-02    0.000000e+00
517     0.000000e+00    4.278607e-02    0.000000e+00
518     7.500000e-04    4.278607e-02    0.000000e+00
519     1.500000e-03    4.278607e-02    0.000000e+00
520     1.500000e-03    4.278607e-02    0.000000e+00
521     2.250000e-03    4.278607e-02    0.000000e+00
522     3.000000e-03    4.278607e-02    0.000000e+00
523     0.000000e+00    4.328358e-02    0.000000e+00
524     7.500000e-04    4.328358e-02    0.000000e+00
525     1.500000e-03    4.328358e-02    0.000000e+00
526     1.500000e-03    4.328358e-02    0.000000e+00
527     2.250000e-03    4.328358e-02    0.000000e+00
528     3.000000e-03    4.328358e-02    0.000000e+00
529     0.000000e+00    4.378109e-02    0.000000e+00
530     7.500000e-04    4.378109e-02    0.000000e+00
531     1.500000e-03    4.378109e-02    0.000000e+00
532     1.500000e-03    4.378109e-02    0.000000e+00
533     2.250000e-03    4.378109e-02    0.000000e+00
534     3.000000e-03    4.378109e-02    0.000000e+00
535     0.000000e+00    4.427861e-02    0.000000e+00
536     7.500000e-04    4.427861e-02    0.000000e+00
537     1.500000e-03    4.427861e-02    0.000000e+00
538     1.500000e-03    4.427861e-02    0.000000e+00
539     2.250000e-03    4.427861e-02    0.000000e+00
540     3.000000e-03    4.427861e-02    0.000000e+00
541     0.000000e+00    4.477612e-02    0.000000e+00
542     7.500000e-04    4.477612e-02    0.000000e+00
543     1.500000e-03    4.477612e-02    0.000000e+00
544     1.500000e-03    4.477612e-02    0.000000e+00
545     2.250000e-03    4.477612e-02    0.000000e+00
546     3.000000e-03    4.477612e-02    0.000000e+00
547     0.000000e+00    4.527363e-02    0.000000e+00
548     7.500000e-04    4.527363e-02    0.000000e+00
549     1.500000e-03    4.527363e-02    0.000000e+00
550     1.500000e-03    4.527363e-02    0.000000e+00
551     2.250000e-03    4.527363e-02    0.000000e+00
552     3.000000e-03    4.527363e-02    0.000000e+00
553     0.000000e+00    4.577114e-02    0.000000e+00
554     7.500000e-04    4.577114e-02    0.000000e+00
555     1.500000e-03    4.577114e-02    0.000000e+00
556     1.500000e-03    4.577114e-02    0.000000e+00
557     2.250000e-03    4.577114e-02    0.000000e+00
558     3.000000e-03    4.577114e-02    0.000000e+00
559     0.000000e+00    4.626866e-02    0.000000e+00
560     7.500000e-04    4.626866e-02    0.000000e+00
561     1.500000e-03    4.626866e-02    0.000000e+00
562     1.500000e-03    4.626866e-02    0.000000e+00
563     2.250000e-03    4.626866e-02    0.000000e+00
564     3.000000e-03    4.626866e-02    0.000000e+00
565     0.000000e+00    4.676617e-02    0.000000e+00
566     7.500000e-04    4.676617e-02    0.000000e+00
567     1.500000e-03    4.676617e-02    0.000000e+00
568     1.500000e-03    4.676617e-02    0.000000e+00
569     2.250000e-03    4.676617e-02    0.000000e+00
570     3.000000e-03    4.676617e-02    0.000000e+00
571     0.000000e+00    4.726368e-02    0.000000e+00
572     7.500000e-04    4.726368e-02    0.000000e+00
573     1.500000e-03    4.726368e-02    0.000000e+00
574     1.500000e-03    4.726368e-02    0.000000e+00
575     2.250000e-03    4.726368e-02    0.000000e+00
576     3.000000e-03    4.726368e-02    0.000000e+00
577     0.000000e+00    4.776119e-02    0.000000e+00
578     7.500000e-04    4.776119e-02    0.000000e+00
579     1.500000e-03    4.776119e-02    0.000000e+00
580     1.500000e-03    4.776119e-02    0.000000e+00
581     2.250000e-03    4.776119e-02    0.000000e+00
582     3.000000e-03    4.776119e-02    0.000000e+00
583     0.000000e+00    4.825871e-02    0.000000e+00
584     7.500000e-04    4.825871e-02    0.000000e+00
585     1.500000e-03    4.825871e-02    0.000000e+00
586     1.500000e-03    4.825871e-02    0.000000e+00
587     2.250000e-03    4.825871e-02    0.000000e+00
588     3.000000e-03    4.825871e-02    0.000000e+00
589     0.000000e+00    4.875622e-02    0.000000e+00
590     7.500000e-04    4.875622e-02    0.000000e+00
591     1.500000e-03    4.875622e-02    0.000000e+00
592     1.500000e-03    4.875622e-02    0.000000e+00
593     2.250000e-03    4.875622e-02    0.000000e+00
594     3.000000e-03    4.875622e-02    0.000000e+00
595     0.000000e+00    4.925373e-02    0.000000e+00
596     7.500000e-04    4.925373e-02    0.000000e+00
597     1.500000e-03    4.925373e-02    0.000000e+00
598     1.500000e-03    4.925373e-02    0.000000e+00
599     2.250000e-03    4.925373e-02    0.000000e+00
600     3.000000e-03    4.925373e-02    0.000000e+00
601     0.000000e+00    4.975124e-02    0.000000e+00
602     7.500000e-04    4.975124e-02    0.000000e+00
603     1.500000e-03    4.975124e-02    0.000000e+00
604     1.500000e-03    4.975124e-02    0.000000e+00
605     2.250000e-03    4.975124e-02    0.000000e+00
606     3.000000e-03    4.975124e-02    0.000000e+00
607     0.000000e+00    5.024876e-02    0.000000e+00
608     7.500000e-04    5.024876e-02    0.000000e+00
609     1.500000e-03    5.024876e-02    0.000000e+00
610     1.500000e-03    5.024876e-02    0.000000e+00
611     2.250000e-03    5.024876e-02    0.000000e+00
612     3.000000e-03    5.024876e-02    0.000000e+00
613     0.000000e+00    5.074627e-02    0.000000e+00
614     7.500000e-04    5.074627e-02    0.000000e+00
615     1.500000e-03    5.074627e-02    0.000000e+00
616     1.500000e-03    5.074627e-02    0.000000e+00
617     2.250000e-03    5.074627e-02    0.000000e+00
618     3.000000e-03    5.074627e-02    0.000000e+00
619     0.000000e+00    5.124378e-02    0.000000e+00
620     7.500000e-04    5.124378e-02    0.000000e+00
621     1.500000e-03    5.124378e-02    0.000000e+00
622     1.500000e-03    5.124378e-02    0.000000e+00
623     2.250000e-03    5.124378e-02    0.000000e+00
624     3.000000e-03    5.124378e-02    0.000000e+00
625     0.000000e+00    5.174129e-02    0.000000e+00
626     7.500000e-04    5.174129e-02    0.000000e+00
627     1.500000e-03    5.174129e-02    0.000000e+00
628     1.500000e-03    5.174129e-02    0.000000e+00
629     2.250000e-03    5.174129e-02    0.000000e+00
630     3.000000e-03    5.174129e-02    0.000000e+00
631     0.000000e+00    5.223881e-02    0.000000e+00
632     7.500000e-04    5.223881e-02    0.000000e+00
633     1.500000e-03    5.223881e-02    0.000000e+00
634     1.500000e-03    5.223881e-02    0.000000e+00
635     2.250000e-03    5.223881e-02    0.000000e+00
636     3.000000e-03    5.223881e-02    0.000000e+00
637     0.000000e+00    5.273632e-02    0.000000e+00
638     7.500000e-04    5.273632e-02    0.000000e+00
639     1.500000e-03    5.273632e-02    0.000000e+00
640     1.500000e-03    5.273632e-02    0.000000e+00
641     2.250000e-03    5.273632e-02    0.000000e+00
642     3.000000e-03    5.273632e-02    0.000000e+00
643     0.000000e+00    5.323383e-02    0.000000e+00
644     7.500000e-04    5.323383e-02    0.000000e+00
645     1.500000e-03    5.323383e-02    0.000000e+00
646     1.500000e-03    5.323383e-02    0.000000e+00
647     2.250000e-03    5.323383e-02    0.000000e+00
648     3.000000e-03    5.323383e-02    0.000000e+00
649     0.000000e+00    5.373134e-02    0.000000e+00
650     7.500000e-04    5.373134e-02    0.000000e+00
651     1.500000e-03    5.373134e-02    0.000000e+00
652     1.500000e-03    5.373134e-02    0.000000e+00
653     2.250000e-03    5.373134e-02    0.000000e+00
654     3.000000e-03    5.373134e-02    0.000000e+00
655     0.000000e+00    5.422886e-02    0.000000e+00
656     7.500000e-04    5.422886e-02    0.000000e+00
657     1.500000e-03    5.422886e-02    0.000000e+00
658     1.500000e-03    5.422886e-02    0.000000e+00
659     2.250000e-03    5.422886e-02    0.000000e+00
660     3.000000e-03    5.422886e-02    0.000000e+00
661     0.000000e+00    5.472637e-02    0.000000e+00
662     7.500000e-04    5.472637e-02    0.000000e+00
663     1.500000e-03    5.472637e-02    0.000000e+00
664     1.500000e-03    5.472637e-02    0.000000e+00
665     2.250000e-03    5.472637e-02    0.000000e+00
666     3.000000e-03    5.472637e-02    0.000000e+00
667     0.000000e+00    5.522388e-02    0.000000e+00
668     7.500000e-04    5.522388e-02    0.000000e+00
669     1.500000e-03    5.522388e-02    0.000000e+00
670     1.500000e-03    5.522388e-02    0.000000e+00
671     2.250000e-03    5.522388e-02    0.000000e+00
672     3.000000e-03    5.522388e-02    0.000000e+00
673     0.000000e+00    5.572139e-02    0.000000e+00
674     7.500000e-04    5.572139e-02    0.000000e+00
675     1.500000e-03    5.572139e-02    0.000000e+00
676     1.500000e-03    5.572139e-02    0.000000e+00
677     2.250000e-03    5.572139e-02    0.000000e+00
678     3.000000e-03    5.572139e-02    0.000000e+00
679     0.000000e+00    5.621891e-02    0.000000e+00
680     7.500000e-04    5.621891e-02    0.000000e+00
681     1.500000e-03    5.621891e-02    0.000000e+00
682     1.500000e-03    5.621891e-02    0.000000e+00
683     2.250000e-03    5.621891e-02    0.000000e+00
684     3.000000e-03    5.621891e-02    0.000000e+00
685     0.000000e+00    5.671642e-02    0.000000e+00
686     7.500000e-04    5.671642e-02    0.000000e+00
687     1.500000e-03    5.671642e-02    0.000000e+00
688     1.500000e-03    5.671642e-02    0.000000e+00
689     2.250000e-03    5.671642e-02    0.000000e+00
690     3.000000e-03    5.671642e-02    0.000000e+00
691     0.000000e+00    5.721393e-02    0.000000e+00
692     7.500000e-04    5.721393e-02    0.000000e+00
693     1.500000e-03    5.721393e-02    0.000000e+00
694     1.500000e-03    5.721393e-02    0.000000e+00
695     2.250000e-03    5.721393e-02    0.000000e+00
696     3.000000e-03    5.721393e-02    0.000000e+00
697     0.000000e+00    5.771144e-02    0.000000e+00
698     7.500000e-04    5.771144e-02    0.000000e+00
699     1.500000e-03    5.771144e-02    0.000000e+00
700     1.500000e-03    5.771144e-02    0.000000e+00
701     2.250000e-03    5.771144e-02    0.000000e+00
702     3.000000e-03    5.771144e-02    0.000000e+00
703     0.000000e+00    5.820896e-02    0.000000e+00
704     7.500000e-04    5.820896e-02    0.000000e+00
705     1.500000e-03    5.820896e-02    0.000000e+00
706     1.500000e-03    5.820896e-02    0.000000e+00
707     2.250000e-03    5.820896e-02    0.000000e+00
708     3.000000e-03    5.820896e-02    0.000000e+00
709     0.000000e+00    5.870647e-02    0.000000e+00
710     7.500000e-04    5.870647e-02    0.000000e+00
711     1.500000e-03    5.870647e-02    0.000000e+00
712     1.500000e-03    5.870647e-02    0.000000e+00
713     2.250000e-03    5.870647e-02    0.000000e+00
714     3.000000e-03    5.870647e-02    0.000000e+00
715     0.000000e+00    5.920398e-02    0.000000e+00
716     7.500000e-04    5.920398e-02    0.000000e+00
717     1.500000e-03    5.920398e-02    0.000000e+00
718     1.500000e-03    5.920398e-02    0.000000e+00
719     2.250000e-03    5.920398e-02    0.000000e+00
720     3.000000e-03    5.920398e-02    0.000000e+00
721     0.000000e+00    5.970149e-02    0.000000e+00
722     7.500000e-04    5.970149e-02    0.000000e+00
723     1.500000e-03    5.970149e-02    0.000000e+00
724     1.500000e-03    5.970149e-02    0.000000e+00
725     2.250000e-03    5.970149e-02    0.000000e+00
726     3.000000e-03    5.970149e-02    0.000000e+00
727     0.000000e+00    6.019900e-02    0.000000e+00
728     7.500000e-04    6.019900e-02    0.000000e+00
729     1.500000e-03    6.019900e-02    0.000000e+00
730     1.500000e-03    6.019900e-02    0.000000e+00
731     2.250000e-03    6.019900e-02    0.000000e+00
732     3.000000e-03    6.019900e-02    0.000000e+00
733     0.000000e+00    6.069652e-02    0.000000e+00
734     7.500000e-04    6.069652e-02    0.000000e+00
735     1.500000e-03    6.069652e-02    0.000000e+00
736     1.500000e-03    6.069652e-02    0.000000e+00
737     2.250000e-03    6.069652e-02    0.000000e+00
738     3.000000e-03    6.069652e-02    0.000000e+00
739     0.000000e+00    6.119403e-02    0.000000e+00
740     7.500000e-04    6.119403e-02    0.000000e+00
741     1.500000e-03    6.119403e-02    0.000000e+00
742     1.500000e-03    6.119403e-02    0.000000e+00
743     2.250000e-03    6.119403e-02    0.000000e+00
744     3.000000e-03    6.119403e-02    0.000000e+00
745     0.000000e+00    6.169154e-02    0.000000e+00
746     7.500000e-04    6.169154e-02    0.000000e+00
747     1.500000e-03    6.169154e-02    0.000000e+00
748     1.500000e-03    6.169154e-02    0.000000e+00
749     2.250000e-03    6.169154e-02    0.000000e+00
750     3.000000e-03    6.169154e-02    0.000000e+00
751     0.000000e+00    6.218905e-02    0.000000e+00
752     7.500000e-04    6.218905e-02    0.000000e+00
753     1.500000e-03    6.218905e-02    0.000000e+00
754     1.500000e-03    6.218905e-02    0.000000e+00
755     2.250000e-03    6.218905e-02    0.000000e+00
756     3.000000e-03    6.218905e-02    0.000000e+00
757     0.000000e+00    6.268657e-02    0.000000e+00
758     7.500000e-04    6.268657e-02    0.000000e+00
759     1.500000e-03    6.268657e-02    0.000000e+00
760     1.500000e-03    6.268657e-02    0.000000e+00
761     2.250000e-03    6.268657e-02    0.000000e+00
762     3.000000e-03    6.268657e-02    0.000000e+00
763     0.000000e+00    6.318408e-02    0.000000e+00
764     7.500000e-04    6.318408e-02    0.000000e+00
765     1.500000e-03    6.318408e-02    0.000000e+00
766     1.500000e-03    6.318408e-02    0.000000e+00
767     2.250000e-03    6.318408e-02    0.000000e+00
768     3.000000e-03    6.318408e-02    0.000000e+00
769     0.000000e+00    6.368159e-02    0.000000e+00
770     7.500000e-04    6.368159e-02    0.000000e+00
771     1.500000e-03    6.368159e-02    0.000000e+00
772     1.500000e-03    6.368159e-02    0.000000e+00
773     2.250000e-03    6.368159e-02    0.000000e+00
774     3.000000e-03    6.368159e-02    0.000000e+00
775     0.000000e+00    6.417910e-02    0.000000e+00
776     7.500000e-04    6.417910e-02    0.000000e+00
777     1.500000e-03    6.417910e-02    0.000000e+00
778     1.500000e-03    6.417910e-02    0.000000e+00
779     2.250000e-03    6.417910e-02    0.000000e+00
780     3.000000e-03    6.417910e-02    0.000000e+00
781     0.000000e+00    6.467662e-02    0.000000e+00
782     7.500000e-04    6.467662e-02    0.000000e+00
783     1.500000e-03    6.467662e-02    0.000000e+00
784     1.500000e-03    6.467662e-02    0.000000e+00
785     2.250000e-03    6.467662e-02    0.000000e+00
786     3.000000e-03    6.467662e-02    0.000000e+00
787     0.000000e+00    6.517413e-02    0.000000e+00
788     7.500000e-04    6.517413e-02    0.000000e+00
789     1.500000e-03    6.517413e-02    0.000000e+00
790     1.500000e-03    6.517413e-02    0.000000e+00
791     2.250000e-03    6.517413e-02    0.000000e+00
792     3.000000e-03    6.517413e-02    0.000000e+00
793     0.000000e+00    6.567164e-02    0.000000e+00
794     7.500000e-04    6.567164e-02    0.000000e+00
795     1.500000e-03    6.567164e-02    0.000000e+00
796     1.500000e-03    6.567164e-02    0.000000e+00
797     2.250000e-03    6.567164e-02    0.000000e+00
798     3.000000e-03    6.567164e-02    0.000000e+00
799     0.000000e+00    6.616915e-02    0.000000e+00
800     7.500000e-04    6.616915e-02    0.000000e+00
801     1.500000e-03    6.616915e-02    0.000000e+00
802     1.500000e-03    6.616915e-02    0.000000e+00
803     2.250000e-03    6.616915e-02    0.000000e+00
804     3.000000e-03    6.616915e-02    0.000000e+00
805     0.000000e+00    6.666667e-02    0.000000e+00
806     7.500000e-04    6.666667e-02    0.000000e+00
807     1.500000e-03    6.666667e-02    0.000000e+00
808     1.500000e-03    6.666667e-02    0.000000e+00
809     2.250000e-03    6.666667e-02    0.000000e+00
810     3.000000e-03    6.666667e-02    0.000000e+00
811     0.000000e+00    6.716418e-02    0.000000e+00
812     7.500000e-04    6.716418e-02    0.000000e+00
813     1.500000e-03    6.716418e-02    0.000000e+00
814     1.500000e-03    6.716418e-02    0.000000e+00
815     2.250000e-03    6.716418e-02    0.000000e+00
816     3.000000e-03    6.716418e-02    0.000000e+00
817     0.000000e+00    6.766169e-02    0.000000e+00
818     7.500000e-04    6.766169e-02    0.000000e+00
819     1.500000e-03    6.766169e-02    0.000000e+00
820     1.500000e-03    6.766169e-02    0.000000e+00
821     2.250000e-03    6.766169e-02    0.000000e+00
822     3.000000e-03    6.766169e-02    0.000000e+00
823     0.000000e+00    6.815920e-02    0.000000e+00
824     7.500000e-04    6.815920e-02    0.000000e+00
825     1.500000e-03    6.815920e-02    0.000000e+00
826     1.500000e-03    6.815920e-02    0.000000e+00
827     2.250000e-03    6.815920e-02    0.000000e+00
828     3.000000e-03    6.815920e-02    0.000000e+00
829     0.000000e+00    6.865672e-02    0.000000e+00
830     7.500000e-04    6.865672e-02    0.000000e+00
831     1.500000e-03    6.865672e-02    0.000000e+00
832     1.500000e-03    6.865672e-02    0.000000e+00
833     2.250000e-03    6.865672e-02    0.000000e+00
834     3.000000e-03    6.865672e-02    0.000000e+00
835     0.000000e+00    6.915423e-02    0.000000e+00
836     7.500000e-04    6.915423e-02    0.000000e+00
837     1.500000e-03    6.915423e-02    0.000000e+00
838     1.500000e-03    6.915423e-02    0.000000e+00
839     2.250000e-03    6.915423e-02    0.000000e+00
840     3.000000e-03    6.915423e-02    0.000000e+00
841     0.000000e+00    6.965174e-02    0.000000e+00
842     7.500000e-04    6.965174e-02    0.000000e+00
843     1.500000e-03    6.965174e-02    0.000000e+00
844     1.500000e-03    6.965174e-02    0.000000e+00
845     2.250000e-03    6.965174e-02    0.000000e+00
846     3.000000e-03    6.965174e-02    0.000000e+00
847     0.000000e+00    7.014925e-02    0.000000e+00
848     7.500000e-04    7.014925e-02    0.000000e+00
849     1.500000e-03    7.014925e-02    0.000000e+00
850     1.500000e-03    7.014925e-02    0.000000e+00
851     2.250000e-03    7.014925e-02    0.000000e+00
852     3.000000e-03    7.014925e-02    0.000000e+00
853     0.000000e+00    7.064677e-02    0.000000e+00
854     7.500000e-04    7.064677e-02    0.000000e+00
855     1.500000e-03    7.064677e-02    0.000000e+00
856     1.500000e-03    7.064677e-02    0.000000e+00
857     2.250000e-03    7.064677e-02    0.000000e+00
858     3.000000e-03    7.064677e-02    0.000000e+00
859     0.000000e+00    7.114428e-02    0.000000e+00
860     7.500000e-04    7.114428e-02    0.000000e+00
861     1.500000e-03    7.114428e-02    0.000000e+00
862     1.500000e-03    7.114428e-02    0.000000e+00
863     2.250000e-03    7.114428e-02    0.000000e+00
864     3.000000e-03    7.114428e-02    0.000000e+00
865     0.000000e+00    7.164179e-02    0.000000e+00
866     7.500000e-04    7.164179e-02    0.000000e+00
867     1.500000e-03    7.164179e-02    0.000000e+00
868     1.500000e-03    7.164179e-02    0.000000e+00
869     2.250000e-03    7.164179e-02    0.000000e+00
870     3.000000e-03    7.164179e-02    0.000000e+00
871     0.000000e+00    7.213930e-02    0.000000e+00
872     7.500000e-04    7.213930e-02    0.000000e+00
873     1.500000e-03    7.213930e-02    0.000000e+00
874     1.500000e-03    7.213930e-02    0.000000e+00
875     2.250000e-03    7.213930e-02    0.000000e+00
876     3.000000e-03    7.213930e-02    0.000000e+00
877     0.000000e+00    7.263682e-02    0.000000e+00
878     7.500000e-04    7.263682e-02    0.000000e+00
879     1.500000e-03    7.263682e-02    0.000000e+00
880     1.500000e-03    7.263682e-02    0.000000e+00
881     2.250000e-03    7.263682e-02    0.000000e+00
882     3.000000e-03    7.263682e-02    0.000000e+00
883     0.000000e+00    7.313433e-02    0.000000e+00
884     7.500000e-04    7.313433e-02    0.000000e+00
885     1.500000e-03    7.313433e-02    0.000000e+00
886     1.500000e-03    7.313433e-02    0.000000e+00
887     2.250000e-03    7.313433e-02    0.000000e+00
888     3.000000e-03    7.313433e-02    0.000000e+00
889     0.000000e+00    7.363184e-02    0.000000e+00
890     7.500000e-04    7.363184e-02    0.000000e+00
891     1.500000e-03    7.363184e-02    0.000000e+00
892     1.500000e-03    7.363184e-02    0.000000e+00
893     2.250000e-03    7.363184e-02    0.000000e+00
894     3.000000e-03    7.363184e-02    0.000000e+00
895     0.000000e+00    7.412935e-02    0.000000e+00
896     7.500000e-04    7.412935e-02    0.000000e+00
897     1.500000e-03    7.412935e-02    0.000000e+00
898     1.500000e-03    7.412935e-02    0.000000e+00
899     2.250000e-03    7.412935e-02    0.000000e+00
900     3.000000e-03    7.412935e-02    0.000000e+00
901     0.000000e+00    7.462687e-02    0.000000e+00
902     7.500000e-04    7.462687e-02    0.000000e+00
903     1.500000e-03    7.462687e-02    0.000000e+00
904     1.500000e-03    7.462687e-02    0.000000e+00
905     2.250000e-03    7.462687e-02    0.000000e+00
906     3.000000e-03    7.462687e-02    0.000000e+00
907     0.000000e+00    7.512438e-02    0.000000e+00
908     7.500000e-04    7.512438e-02    0.000000e+00
909     1.500000e-03    7.512438e-02    0.000000e+00
910     1.500000e-03    7.512438e-02    0.000000e+00
911     2.250000e-03    7.512438e-02    0.000000e+00
912     3.000000e-03    7.512438e-02    0.000000e+00
913     0.000000e+00    7.562189e-02    0.000000e+00
914     7.500000e-04    7.562189e-02    0.000000e+00
915     1.500000e-03    7.562189e-02    0.000000e+00
916     1.500000e-03    7.562189e-02    0.000000e+00
917     2.250000e-03    7.562189e-02    0.000000e+00
918     3.000000e-03    7.562189e-02    0.000000e+00
919     0.000000e+00    7.611940e-02    0.000000e+00
920     7.500000e-04    7.611940e-02    0.000000e+00
921     1.500000e-03    7.611940e-02    0.000000e+00
922     1.500000e-03    7.611940e-02    0.000000e+00
923     2.250000e-03    7.611940e-02    0.000000e+00
924     3.000000e-03    7.611940e-02    0.000000e+00
925     0.000000e+00    7.661692e-02    0.000000e+00
926     7.500000e-04    7.661692e-02    0.000000e+00
927     1.500000e-03    7.661692e-02    0.000000e+00
928     1.500000e-03    7.661692e-02    0.000000e+00
929     2.250000e-03    7.661692e-02    0.000000e+00
930     3.000000e-03    7.661692e-02    0.000000e+00
931     0.000000e+00    7.711443e-02    0.000000e+00
932     7.500000e-04    7.711443e-02    0.000000e+00
933     1.500000e-03    7.711443e-02    0.000000e+00
934     1.500000e-03    7.711443e-02    0.000000e+00
935     2.250000e-03    7.711443e-02    0.000000e+00
936     3.000000e-03    7.711443e-02    0.000000e+00
937     0.000000e+00    7.761194e-02    0.000000e+00
938     7.500000e-04    7.761194e-02    0.000000e+00
939     1.500000e-03    7.761194e-02    0.000000e+00
940     1.500000e-03    7.761194e-02    0.000000e+00
941     2.250000e-03    7.761194e-02    0.000000e+00
942     3.000000e-03    7.761194e-02    0.000000e+00
943     0.000000e+00    7.810945e-02    0.000000e+00
944     7.500000e-04    7.810945e-02    0.000000e+00
945     1.500000e-03    7.810945e-02    0.000000e+00
946     1.500000e-03    7.810945e-02    0.000000e+00
947     2.250000e-03    7.810945e-02    0.000000e+00
948     3.000000e-03    7.810945e-02    0.000000e+00
949     0.000000e+00    7.860697e-02    0.000000e+00
950     7.500000e-04    7.860697e-02    0.000000e+00
951     1.500000e-03    7.860697e-02    0.000000e+00
952     1.500000e-03    7.860697e-02    0.000000e+00
953     2.250000e-03    7.860697e-02    0.000000e+00
954     3.000000e-03    7.860697e-02    0.000000e+00
955     0.000000e+00    7.910448e-02    0.000000e+00
956     7.500000e-04    7.910448e-02    0.000000e+00
957     1.500000e-03    7.910448e-02    0.000000e+00
958     1.500000e-03    7.910448e-02    0.000000e+00
959     2.250000e-03    7.910448e-02    0.000000e+00
960     3.000000e-03    7.910448e-02    0.000000e+00
961     0.000000e+00    7.960199e-02    0.000000e+00
962     7.500000e-04    7.960199e-02    0.000000e+00
963     1.500000e-03    7.960199e-02    0.000000e+00
964     1.500000e-03    7.960199e-02    0.000000e+00
965     2.250000e-03    7.960199e-02    0.000000e+00
966     3.000000e-03    7.960199e-02    0.000000e+00
967     0.000000e+00    8.009950e-02    0.000000e+00
968     7.500000e-04    8.009950e-02    0.000000e+00
969     1.500000e-03    8.009950e-02    0.000000e+00
970     1.500000e-03    8.009950e-02    0.000000e+00
971     2.250000e-03    8.009950e-02    0.000000e+00
972     3.000000e-03    8.009950e-02    0.000000e+00
973     0.000000e+00    8.059701e-02    0.000000e+00
974     7.500000e-04    8.059701e-02    0.000000e+00
975     1.500000e-03    8.059701e-02    0.000000e+00
976     1.500000e-03    8.059701e-02    0.000000e+00
977     2.250000e-03    8.059701e-02    0.000000e+00
978     3.000000e-03    8.059701e-02    0.000000e+00
979     0.000000e+00    8.109453e-02    0.000000e+00
980     7.500000e-04    8.109453e-02    0.000000e+00
981     1.500000e-03    8.109453e-02    0.000000e+00
982     1.500000e-03    8.109453e-02    0.000000e+00
983     2.250000e-03    8.109453e-02    0.000000e+00
984     3.000000e-03    8.109453e-02    0.000000e+00
985     0.000000e+00    8.159204e-02    0.000000e+00
986     7.500000e-04    8.159204e-02    0.000000e+00
987     1.500000e-03    8.159204e-02    0.000000e+00
988     1.500000e-03    8.159204e-02    0.000000e+00
989     2.250000e-03    8.159204e-02    0.000000e+00
990     3.000000e-03    8.159204e-02    0.000000e+00
991     0.000000e+00    8.208955e-02    0.000000e+00
992     7.500000e-04    8.208955e-02    0.000000e+00
993     1.500000e-03    8.208955e-02    0.000000e+00
994     1.500000e-03    8.208955e-02    0.000000e+00
995     2.250000e-03    8.208955e-02    0.000000e+00
996     3.000000e-03    8.208955e-02    0.000000e+00
997     0.000000e+00    8.258706e-02    0.000000e+00
998     7.500000e-04    8.258706e-02    0.000000e+00
999     1.500000e-03    8.258706e-02    0.000000e+00
1000    1.500000e-03    8.258706e-02    0.000000e+00
1001    2.250000e-03    8.258706e-02    0.000000e+00
1002    3.000000e-03    8.258706e-02    0.000000e+00
1003    0.000000e+00    8.308458e-02    0.000000e+00
1004    7.500000e-04    8.308458e-02    0.000000e+00
1005    1.500000e-03    8.308458e-02    0.000000e+00
1006    1.500000e-03    8.308458e-02    0.000000e+00
1007    2.250000e-03    8.308458e-02    0.000000e+00
1008    3.000000e-03    8.308458e-02    0.000000e+00
1009    0.000000e+00    8.358209e-02    0.000000e+00
1010    7.500000e-04    8.358209e-02    0.000000e+00
1011    1.500000e-03    8.358209e-02    0.000000e+00
1012    1.500000e-03    8.358209e-02    0.000000e+00
1013    2.250000e-03    8.358209e-02    0.000000e+00
1014    3.000000e-03    8.358209e-02    0.000000e+00
1015    0.000000e+00    8.407960e-02    0.000000e+00
1016    7.500000e-04    8.407960e-02    0.000000e+00
1017    1.500000e-03    8.407960e-02    0.000000e+00
1018    1.500000e-03    8.407960e-02    0.000000e+00
1019    2.250000e-03    8.407960e-02    0.000000e+00
1020    3.000000e-03    8.407960e-02    0.000000e+00
1021    0.000000e+00    8.457711e-02    0.000000e+00
1022    7.500000e-04    8.457711e-02    0.000000e+00
1023    1.500000e-03    8.457711e-02    0.000000e+00
1024    1.500000e-03    8.457711e-02    0.000000e+00
1025    2.250000e-03    8.457711e-02    0.000000e+00
1026    3.000000e-03    8.457711e-02    0.000000e+00
1027    0.000000e+00    8.507463e-02    0.000000e+00
1028    7.500000e-04    8.507463e-02    0.000000e+00
1029    1.500000e-03    8.507463e-02    0.000000e+00
1030    1.500000e-03    8.507463e-02    0.000000e+00
1031    2.250000e-03    8.507463e-02    0.000000e+00
1032    3.000000e-03    8.507463e-02    0.000000e+00
1033    0.000000e+00    8.557214e-02    0.000000e+00
1034    7.500000e-04    8.557214e-02    0.000000e+00
1035    1.500000e-03    8.557214e-02    0.000000e+00
1036    1.500000e-03    8.557214e-02    0.000000e+00
1037    2.250000e-03    8.557214e-02    0.000000e+00
1038    3.000000e-03    8.557214e-02    0.000000e+00
1039    0.000000e+00    8.606965e-02    0.000000e+00
1040    7.500000e-04    8.606965e-02    0.000000e+00
1041    1.500000e-03    8.606965e-02    0.000000e+00
1042    1.500000e-03    8.606965e-02    0.000000e+00
1043    2.250000e-03    8.606965e-02    0.000000e+00
1044    3.000000e-03    8.606965e-02    0.000000e+00
1045    0.000000e+00    8.656716e-02    0.000000e+00
1046    7.500000e-04    8.656716e-02    0.000000e+00
1047    1.500000e-03    8.656716e-02    0.000000e+00
1048    1.500000e-03    8.656716e-02    0.000000e+00
1049    2.250000e-03    8.656716e-02    0.000000e+00
1050    3.000000e-03    8.656716e-02    0.000000e+00
1051    0.000000e+00    8.706468e-02    0.000000e+00
1052    7.500000e-04    8.706468e-02    0.000000e+00
1053    1.500000e-03    8.706468e-02    0.000000e+00
1054    1.500000e-03    8.706468e-02    0.000000e+00
1055    2.250000e-03    8.706468e-02    0.000000e+00
1056    3.000000e-03    8.706468e-02    0.000000e+00
1057    0.000000e+00    8.756219e-02    0.000000e+00
1058    7.500000e-04    8.756219e-02    0.000000e+00
1059    1.500000e-03    8.756219e-02    0.000000e+00
1060    1.500000e-03    8.756219e-02    0.000000e+00
1061    2.250000e-03    8.756219e-02    0.000000e+00
1062    3.000000e-03    8.756219e-02    0.000000e+00
1063    0.000000e+00    8.805970e-02    0.000000e+00
1064    7.500000e-04    8.805970e-02    0.000000e+00
1065    1.500000e-03    8.805970e-02    0.000000e+00
1066    1.500000e-03    8.805970e-02    0.000000e+00
1067    2.250000e-03    8.805970e-02    0.000000e+00
1068    3.000000e-03    8.805970e-02    0.000000e+00
1069    0.000000e+00    8.855721e-02    0.000000e+00
1070    7.500000e-04    8.855721e-02    0.000000e+00
1071    1.500000e-03    8.855721e-02    0.000000e+00
1072    1.500000e-03    8.855721e-02    0.000000e+00
1073    2.250000e-03    8.855721e-02    0.000000e+00
1074    3.000000e-03    8.855721e-02    0.000000e+00
1075    0.000000e+00    8.905473e-02    0.000000e+00
1076    7.500000e-04    8.905473e-02    0.000000e+00
1077    1.500000e-03    8.905473e-02    0.000000e+00
1078    1.500000e-03    8.905473e-02    0.000000e+00
1079    2.250000e-03    8.905473e-02    0.000000e+00
1080    3.000000e-03    8.905473e-02    0.000000e+00
1081    0.000000e+00    8.955224e-02    0.000000e+00
1082    7.500000e-04    8.955224e-02    0.000000e+00
1083    1.500000e-03    8.955224e-02    0.000000e+00
1084    1.500000e-03    8.955224e-02    0.000000e+00
1085    2.250000e-03    8.955224e-02    0.000000e+00
1086    3.000000e-03    8.955224e-02    0.000000e+00
1087    0.000000e+00    9.004975e-02    0.000000e+00
1088    7.500000e-04    9.004975e-02    0.000000e+00
1089    1.500000e-03    9.004975e-02    0.000000e+00
1090    1.500000e-03    9.004975e-02    0.000000e+00
1091    2.250000e-03    9.004975e-02    0.000000e+00
1092    3.000000e-03    9.004975e-02    0.000000e+00
1093    0.000000e+00    9.054726e-02    0.000000e+00
1094    7.500000e-04    9.054726e-02    0.000000e+00
1095    1.500000e-03    9.054726e-02    0.000000e+00
1096    1.500000e-03    9.054726e-02    0.000000e+00
1097    2.250000e-03    9.054726e-02    0.000000e+00
1098    3.000000e-03    9.054726e-02    0.000000e+00
1099    0.000000e+00    9.104478e-02    0.000000e+00
1100    7.500000e-04    9.104478e-02    0.000000e+00
1101    1.500000e-03    9.104478e-02    0.000000e+00
1102    1.500000e-03    9.104478e-02    0.000000e+00
1103    2.250000e-03    9.104478e-02    0.000000e+00
1104    3.000000e-03    9.104478e-02    0.000000e+00
1105    0.000000e+00    9.154229e-02    0.000000e+00
1106    7.500000e-04    9.154229e-02    0.000000e+00
1107    1.500000e-03    9.154229e-02    0.000000e+00
1108    1.500000e-03    9.154229e-02    0.000000e+00
1109    2.250000e-03    9.154229e-02    0.000000e+00
1110    3.000000e-03    9.154229e-02    0.000000e+00
1111    0.000000e+00    9.203980e-02    0.000000e+00
1112    7.500000e-04    9.203980e-02    0.000000e+00
1113    1.500000e-03    9.203980e-02    0.000000e+00
1114    1.500000e-03    9.203980e-02    0.000000e+00
1115    2.250000e-03    9.203980e-02    0.000000e+00
1116    3.000000e-03    9.203980e-02    0.000000e+00
1117    0.000000e+00    9.253731e-02    0.000000e+00
1118    7.500000e-04    9.253731e-02    0.000000e+00
1119    1.500000e-03    9.253731e-02    0.000000e+00
1120    1.500000e-03    9.253731e-02    0.000000e+00
1121    2.250000e-03    9.253731e-02    0.000000e+00
1122    3.000000e-03    9.253731e-02    0.000000e+00
1123    0.000000e+00    9.303483e-02    0.000000e+00
1124    7.500000e-04    9.303483e-02    0.000000e+00
1125    1.500000e-03    9.303483e-02    0.000000e+00
1126    1.500000e-03    9.303483e-02    0.000000e+00
1127    2.250000e-03    9.303483e-02    0.000000e+00
1128    3.000000e-03    9.303483e-02    0.000000e+00
1129    0.000000e+00    9.353234e-02    0.000000e+00
1130    7.500000e-04    9.353234e-02    0.000000e+00
1131    1.500000e-03    9.353234e-02    0.000000e+00
1132    1.500000e-03    9.353234e-02    0.000000e+00
1133    2.250000e-03    9.353234e-02    0.000000e+00
1134    3.000000e-03    9.353234e-02    0.000000e+00
1135    0.000000e+00    9.402985e-02    0.000000e+00
1136    7.500000e-04    9.402985e-02    0.000000e+00
1137    1.500000e-03    9.402985e-02    0.000000e+00
1138    1.500000e-03    9.402985e-02    0.000000e+00
1139    2.250000e-03    9.402985e-02    0.000000e+00
1140    3.000000e-03    9.402985e-02    0.000000e+00
1141    0.000000e+00    9.452736e-02    0.000000e+00
1142    7.500000e-04    9.452736e-02    0.000000e+00
1143    1.500000e-03    9.452736e-02    0.000000e+00
1144    1.500000e-03    9.452736e-02    0.000000e+00
1145    2.250000e-03    9.452736e-02    0.000000e+00
1146    3.000000e-03    9.452736e-02    0.000000e+00
1147    0.000000e+00    9.502488e-02    0.000000e+00
1148    7.500000e-04    9.502488e-02    0.000000e+00
1149    1.500000e-03    9.502488e-02    0.000000e+00
1150    1.500000e-03    9.502488e-02    0.000000e+00
1151    2.250000e-03    9.502488e-02    0.000000e+00
1152    3.000000e-03    9.502488e-02    0.000000e+00
1153    0.000000e+00    9.552239e-02    0.000000e+00
1154    7.500000e-04    9.552239e-02    0.000000e+00
1155    1.500000e-03    9.552239e-02    0.000000e+00
1156    1.500000e-03    9.552239e-02    0.000000e+00
1157    2.250000e-03    9.552239e-02    0.000000e+00
1158    3.000000e-03    9.552239e-02    0.000000e+00
1159    0.000000e+00    9.601990e-02    0.000000e+00
1160    7.500000e-04    9.601990e-02    0.000000e+00
1161    1.500000e-03    9.601990e-02    0.000000e+00
1162    1.500000e-03    9.601990e-02    0.000000e+00
1163    2.250000e-03    9.601990e-02    0.000000e+00
1164    3.000000e-03    9.601990e-02    0.000000e+00
1165    0.000000e+00    9.651741e-02    0.000000e+00
1166    7.500000e-04    9.651741e-02    0.000000e+00
1167    1.500000e-03    9.651741e-02    0.000000e+00
1168    1.500000e-03    9.651741e-02    0.000000e+00
1169    2.250000e-03    9.651741e-02    0.000000e+00
1170    3.000000e-03    9.651741e-02    0.000000e+00
1171    0.000000e+00    9.701493e-02    0.000000e+00
1172    7.500000e-04    9.701493e-02    0.000000e+00
1173    1.500000e-03    9.701493e-02    0.000000e+00
1174    1.500000e-03    9.701493e-02    0.000000e+00
1175    2.250000e-03    9.701493e-02    0.000000e+00
1176    3.000000e-03    9.701493e-02    0.000000e+00
1177    0.000000e+00    9.751244e-02    0.000000e+00
1178    7.500000e-04    9.751244e-02    0.000000e+00
1179    1.500000e-03    9.751244e-02    0.000000e+00
1180    1.500000e-03    9.751244e-02    0.000000e+00
1181    2.250000e-03    9.751244e-02    0.000000e+00
1182    3.000000e-03    9.751244e-02    0.000000e+00
1183    0.000000e+00    9.800995e-02    0.000000e+00
1184    7.500000e-04    9.800995e-02    0.000000e+00
1185    1.500000e-03    9.800995e-02    0.000000e+00
1186    1.500000e-03    9.800995e-02    0.000000e+00
1187    2.250000e-03    9.800995e-02    0.000000e+00
1188    3.000000e-03    9.800995e-02    0.000000e+00
1189    0.000000e+00    9.850746e-02    0.000000e+00
1190    7.500000e-04    9.850746e-02    0.000000e+00
1191    1.500000e-03    9.850746e-02    0.000000e+00
1192    1.500000e-03    9.850746e-02    0.000000e+00
1193    2.250000e-03    9.850746e-02    0.000000e+00
1194    3.000000e-03    9.850746e-02    0.000000e+00
1195    0.000000e+00    9.900498e-02    0.000000e+00
1196    7.500000e-04    9.900498e-02    0.000000e+00
1197    1.500000e-03    9.900498e-02    0.000000e+00
1198    1.500000e-03    9.900498e-02    0.000000e+00
1199    2.250000e-03    9.900498e-02    0.000000e+00
1200    3.000000e-03    9.900498e-02    0.000000e+00
1201    0.000000e+00    9.950249e-02    0.000000e+00
1202    7.500000e-04    9.950249e-02    0.000000e+00
1203    1.500000e-03    9.950249e-02    0.000000e+00
1204    1.500000e-03    9.950249e-02    0.000000e+00
1205    2.250000e-03    9.950249e-02    0.000000e+00
1206    3.000000e-03    9.950249e-02    0.000000e+00
1207    0.000000e+00    1.000000e-01    0.000000e+00
1208    7.500000e-04    1.000000e-01    0.000000e+00
1209    1.500000e-03    1.000000e-01    0.000000e+00
1210    1.500000e-03    1.000000e-01    0.000000e+00
1211    2.250000e-03    1.000000e-01    0.000000e+00
1212    3.000000e-03    1.000000e-01    0.000000e+00

%PATCH
1
1 'bspsurf' 1
2 'General' 3 0.000000000 0.500000000 1.000000000 3 3 3 
2 'General' 201 0.000000000 1       2       3       4       5       6       7       8       9       10      11      12      13      14      15      16      17      18      19      20      21      22      23      24      25      26      27      28      29      30      31      32      33      34      35      36      37      38      39      40      41      42      43      44      45      46      47      48      49      50      51      52      53      54      55      56      57      58      59      60      61      62      63      64      65      66      67      68      69      70      71      72      73      74      75      76      77      78      79      80      81      82      83      84      85      86      87      88      89      90      91      92      93      94      95      96      97      98      99      100     101     102     103     104     105     106     107     108     109     110     111     112     113     114     115     116     117     118     119     120     121     122     123     124     125     126     127     128     129     130     131     132     133     134     135     136     137     138     139     140     141     142     143     144     145     146     147     148     149     150     151     152     153     154     155     156     157     158     159     160     161     162     163     164     165     166     167     168     169     170     171     172     173     174     175     176     177     178     179     180     181     182     183     184     185     186     187     188     189     190     191     192     193     194     195     196     197     198     199     200 3 1 1 1 1 1 1 1 1 1 1 1 1 1 1 1 1 1 1 1 1 1 1 1 1 1 1 1 1 1 1 1 1 1 1 1 1 1 1 1 1 1 1 1 1 1 1 1 1 1 1 1 1 1 1 1 1 1 1 1 1 1 1 1 1 1 1 1 1 1 1 1 1 1 1 1 1 1 1 1 1 1 1 1 1 1 1 1 1 1 1 1 1 1 1 1 1 1 1 1 1 1 1 1 1 1 1 1 1 1 1 1 1 1 1 1 1 1 1 1 1 1 1 1 1 1 1 1 1 1 1 1 1 1 1 1 1 1 1 1 1 1 1 1 1 1 1 1 1 1 1 1 1 1 1 1 1 1 1 1 1 1 1 1 1 1 1 1 1 1 1 1 1 1 1 1 1 1 1 1 1 1 1 1 1 1 1 1 1 1 1 1 1 1 1 1 1 1 1 1 3 
1       2       3       4       5       6       7       8       9       10      11      12      13      14      15      16      17      18      19      20      21      22      23      24      25      26      27      28      29      30      31      32      33      34      35      36      37      38      39      40      41      42      43      44      45      46      47      48      49      50      51      52      53      54      55      56      57      58      59      60      61      62      63      64      65      66      67      68      69      70      71      72      73      74      75      76      77      78      79      80      81      82      83      84      85      86      87      88      89      90      91      92      93      94      95      96      97      98      99      100     101     102     103     104     105     106     107     108     109     110     111     112     113     114     115     116     117     118     119     120     121     122     123     124     125     126     127     128     129     130     131     132     133     134     135     136     137     138     139     140     141     142     143     144     145     146     147     148     149     150     151     152     153     154     155     156     157     158     159     160     161     162     163     164     165     166     167     168     169     170     171     172     173     174     175     176     177     178     179     180     181     182     183     184     185     186     187     188     189     190     191     192     193     194     195     196     197     198     199     200     201     202     203     204     205     206     207     208     209     210     211     212     213     214     215     216     217     218     219     220     221     222     223     224     225     226     227     228     229     230     231     232     233     234     235     236     237     238     239     240     241     242     243     244     245     246     247     248     249     250     251     252     253     254     255     256     257     258     259     260     261     262     263     264     265     266     267     268     269     270     271     272     273     274     275     276     277     278     279     280     281     282     283     284     285     286     287     288     289     290     291     292     293     294     295     296     297     298     299     300     301     302     303     304     305     306     307     308     309     310     311     312     313     314     315     316     317     318     319     320     321     322     323     324     325     326     327     328     329     330     331     332     333     334     335     336     337     338     339     340     341     342     343     344     345     346     347     348     349     350     351     352     353     354     355     356     357     358     359     360     361     362     363     364     365     366     367     368     369     370     371     372     373     374     375     376     377     378     379     380     381     382     383     384     385     386     387     388     389     390     391     392     393     394     395     396     397     398     399     400     401     402     403     404     405     406     407     408     409     410     411     412     413     414     415     416     417     418     419     420     421     422     423     424     425     426     427     428     429     430     431     432     433     434     435     436     437     438     439     440     441     442     443     444     445     446     447     448     449     450     451     452     453     454     455     456     457     458     459     460     461     462     463     464     465     466     467     468     469     470     471     472     473     474     475     476     477     478     479     480     481     482     483     484     485     486     487     488     489     490     491     492     493     494     495     496     497     498     499     500     501     502     503     504     505     506     507     508     509     510     511     512     513     514     515     516     517     518     519     520     521     522     523     524     525     526     527     528     529     530     531     532     533     534     535     536     537     538     539     540     541     542     543     544     545     546     547     548     549     550     551     552     553     554     555     556     557     558     559     560     561     562     563     564     565     566     567     568     569     570     571     572     573     574     575     576     577     578     579     580     581     582     583     584     585     586     587     588     589     590     591     592     593     594     595     596     597     598     599     600     601     602     603     604     605     606     607     608     609     610     611     612     613     614     615     616     617     618     619     620     621     622     623     624     625     626     627     628     629     630     631     632     633     634     635     636     637     638     639     640     641     642     643     644     645     646     647     648     649     650     651     652     653     654     655     656     657     658     659     660     661     662     663     664     665     666     667     668     669     670     671     672     673     674     675     676     677     678     679     680     681     682     683     684     685     686     687     688     689     690     691     692     693     694     695     696     697     698     699     700     701     702     703     704     705     706     707     708     709     710     711     712     713     714     715     716     717     718     719     720     721     722     723     724     725     726     727     728     729     730     731     732     733     734     735     736     737     738     739     740     741     742     743     744     745     746     747     748     749     750     751     752     753     754     755     756     757     758     759     760     761     762     763     764     765     766     767     768     769     770     771     772     773     774     775     776     777     778     779     780     781     782     783     784     785     786     787     788     789     790     791     792     793     794     795     796     797     798     799     800     801     802     803     804     805     806     807     808     809     810     811     812     813     814     815     816     817     818     819     820     821     822     823     824     825     826     827     828     829     830     831     832     833     834     835     836     837     838     839     840     841     842     843     844     845     846     847     848     849     850     851     852     853     854     855     856     857     858     859     860     861     862     863     864     865     866     867     868     869     870     871     872     873     874     875     876     877     878     879     880     881     882     883     884     885     886     887     888     889     890     891     892     893     894     895     896     897     898     899     900     901     902     903     904     905     906     907     908     909     910     911     912     913     914     915     916     917     918     919     920     921     922     923     924     925     926     927     928     929     930     931     932     933     934     935     936     937     938     939     940     941     942     943     944     945     946     947     948     949     950     951     952     953     954     955     956     957     958     959     960     961     962     963     964     965     966     967     968     969     970     971     972     973     974     975     976     977     978     979     980     981     982     983     984     985     986     987     988     989     990     991     992     993     994     995     996     997     998     999     1000    1001    1002    1003    1004    1005    1006    1007    1008    1009    1010    1011    1012    1013    1014    1015    1016    1017    1018    1019    1020    1021    1022    1023    1024    1025    1026    1027    1028    1029    1030    1031    1032    1033    1034    1035    1036    1037    1038    1039    1040    1041    1042    1043    1044    1045    1046    1047    1048    1049    1050    1051    1052    1053    1054    1055    1056    1057    1058    1059    1060    1061    1062    1063    1064    1065    1066    1067    1068    1069    1070    1071    1072    1073    1074    1075    1076    1077    1078    1079    1080    1081    1082    1083    1084    1085    1086    1087    1088    1089    1090    1091    1092    1093    1094    1095    1096    1097    1098    1099    1100    1101    1102    1103    1104    1105    1106    1107    1108    1109    1110    1111    1112    1113    1114    1115    1116    1117    1118    1119    1120    1121    1122    1123    1124    1125    1126    1127    1128    1129    1130    1131    1132    1133    1134    1135    1136    1137    1138    1139    1140    1141    1142    1143    1144    1145    1146    1147    1148    1149    1150    1151    1152    1153    1154    1155    1156    1157    1158    1159    1160    1161    1162    1163    1164    1165    1166    1167    1168    1169    1170    1171    1172    1173    1174    1175    1176    1177    1178    1179    1180    1181    1182    1183    1184    1185    1186    1187    1188    1189    1190    1191    1192    1193    1194    1195    1196    1197    1198    1199    1200    1201    1202    1203    1204    1205    1206    1207    1208    1209    1210    1211    1212


%NODE.SUPPORT
6
1    1 1 1 0 0 0
2    1 1 1 0 0 0
3    1 1 1 0 0 0
4    1 1 1 0 0 0
5    1 1 1 0 0 0
6    1 1 1 0 0 0


%ELEMENT
540

%ELEMENT.PLSTRESS.IGA2D
400
1			1	2	1	1	1
2			1	2	1	2	1
3			1	2	1	1	2
4			1	2	1	2	2
5			1	2	1	1	3
6			1	2	1	2	3
7			1	2	1	1	4
8			1	2	1	2	4
9			1	2	1	1	5
10			1	2	1	2	5
11			1	2	1	1	6
12			1	2	1	2	6
13			1	2	1	1	7
14			1	2	1	2	7
15			1	2	1	1	8
16			1	2	1	2	8
17			1	2	1	1	9
18			1	2	1	2	9
19			1	2	1	1	10
20			1	2	1	2	10
21			1	2	1	1	11
22			1	2	1	2	11
23			1	2	1	1	12
24			1	2	1	2	12
25			1	2	1	1	13
26			1	2	1	2	13
27			1	2	1	1	14
28			1	2	1	2	14
29			1	2	1	1	15
30			1	2	1	2	15
31			1	2	1	1	16
32			1	2	1	2	16
33			1	2	1	1	17
34			1	2	1	2	17
35			1	2	1	1	18
36			1	2	1	2	18
37			1	2	1	1	19
38			1	2	1	2	19
39			1	2	1	1	20
40			1	2	1	2	20
41			1	2	1	1	21
42			1	2	1	2	21
43			1	2	1	1	22
44			1	2	1	2	22
45			1	2	1	1	23
46			1	2	1	2	23
47			1	2	1	1	24
48			1	2	1	2	24
49			1	2	1	1	25
50			1	2	1	2	25
51			1	2	1	1	26
52			1	2	1	2	26
53			1	2	1	1	27
54			1	2	1	2	27
55			1	2	1	1	28
56			1	2	1	2	28
57			1	2	1	1	29
58			1	2	1	2	29
59			1	2	1	1	30
60			1	2	1	2	30
61			1	2	1	1	31
62			1	2	1	2	31
63			1	2	1	1	32
64			1	2	1	2	32
65			1	2	1	1	33
66			1	2	1	2	33
67			1	2	1	1	34
68			1	2	1	2	34
69			1	2	1	1	35
70			1	2	1	2	35
71			1	2	1	1	36
72			1	2	1	2	36
73			1	2	1	1	37
74			1	2	1	2	37
75			1	2	1	1	38
76			1	2	1	2	38
77			1	2	1	1	39
78			1	2	1	2	39
79			1	2	1	1	40
80			1	2	1	2	40
81			1	2	1	1	41
82			1	2	1	2	41
83			1	2	1	1	42
84			1	2	1	2	42
85			1	2	1	1	43
86			1	2	1	2	43
87			1	2	1	1	44
88			1	2	1	2	44
89			1	2	1	1	45
90			1	2	1	2	45
91			1	2	1	1	46
92			1	2	1	2	46
93			1	2	1	1	47
94			1	2	1	2	47
95			1	2	1	1	48
96			1	2	1	2	48
97			1	2	1	1	49
98			1	2	1	2	49
99			1	2	1	1	50
100			1	2	1	2	50
101			1	2	1	1	51
102			1	2	1	2	51
103			1	2	1	1	52
104			1	2	1	2	52
105			1	2	1	1	53
106			1	2	1	2	53
107			1	2	1	1	54
108			1	2	1	2	54
109			1	2	1	1	55
110			1	2	1	2	55
111			1	2	1	1	56
112			1	2	1	2	56
113			1	2	1	1	57
114			1	2	1	2	57
115			1	2	1	1	58
116			1	2	1	2	58
117			1	2	1	1	59
118			1	2	1	2	59
119			1	2	1	1	60
120			1	2	1	2	60
121			1	2	1	1	61
122			1	2	1	2	61
123			1	2	1	1	62
124			1	2	1	2	62
125			1	2	1	1	63
126			1	2	1	2	63
127			1	2	1	1	64
128			1	2	1	2	64
129			1	2	1	1	65
130			1	2	1	2	65
131			1	2	1	1	66
132			1	2	1	2	66
133			1	2	1	1	67
134			1	2	1	2	67
135			1	2	1	1	68
136			1	2	1	2	68
137			1	2	1	1	69
138			1	2	1	2	69
139			1	2	1	1	70
140			1	2	1	2	70
141			1	2	1	1	71
142			1	2	1	2	71
143			1	2	1	1	72
144			1	2	1	2	72
145			1	2	1	1	73
146			1	2	1	2	73
147			1	2	1	1	74
148			1	2	1	2	74
149			1	2	1	1	75
150			1	2	1	2	75
151			1	2	1	1	76
152			1	2	1	2	76
153			1	2	1	1	77
154			1	2	1	2	77
155			1	2	1	1	78
156			1	2	1	2	78
157			1	2	1	1	79
158			1	2	1	2	79
159			1	2	1	1	80
160			1	2	1	2	80
161			1	2	1	1	81
162			1	2	1	2	81
163			1	2	1	1	82
164			1	2	1	2	82
165			1	2	1	1	83
166			1	2	1	2	83
167			1	2	1	1	84
168			1	2	1	2	84
169			1	2	1	1	85
170			1	2	1	2	85
171			1	2	1	1	86
172			1	2	1	2	86
173			1	2	1	1	87
174			1	2	1	2	87
175			1	2	1	1	88
176			1	2	1	2	88
177			1	2	1	1	89
178			1	2	1	2	89
179			1	2	1	1	90
180			1	2	1	2	90
181			1	2	1	1	91
182			1	2	1	2	91
183			1	2	1	1	92
184			1	2	1	2	92
185			1	2	1	1	93
186			1	2	1	2	93
187			1	2	1	1	94
188			1	2	1	2	94
189			1	2	1	1	95
190			1	2	1	2	95
191			1	2	1	1	96
192			1	2	1	2	96
193			1	2	1	1	97
194			1	2	1	2	97
195			1	2	1	1	98
196			1	2	1	2	98
197			1	2	1	1	99
198			1	2	1	2	99
199			1	2	1	1	100
200			1	2	1	2	100
201			1	2	1	1	101
202			1	2	1	2	101
203			1	2	1	1	102
204			1	2	1	2	102
205			1	2	1	1	103
206			1	2	1	2	103
207			1	2	1	1	104
208			1	2	1	2	104
209			1	2	1	1	105
210			1	2	1	2	105
211			1	2	1	1	106
212			1	2	1	2	106
213			1	2	1	1	107
214			1	2	1	2	107
215			1	2	1	1	108
216			1	2	1	2	108
217			1	2	1	1	109
218			1	2	1	2	109
219			1	2	1	1	110
220			1	2	1	2	110
221			1	2	1	1	111
222			1	2	1	2	111
223			1	2	1	1	112
224			1	2	1	2	112
225			1	2	1	1	113
226			1	2	1	2	113
227			1	2	1	1	114
228			1	2	1	2	114
229			1	2	1	1	115
230			1	2	1	2	115
231			1	2	1	1	116
232			1	2	1	2	116
233			1	2	1	1	117
234			1	2	1	2	117
235			1	2	1	1	118
236			1	2	1	2	118
237			1	2	1	1	119
238			1	2	1	2	119
239			1	2	1	1	120
240			1	2	1	2	120
241			1	2	1	1	121
242			1	2	1	2	121
243			1	2	1	1	122
244			1	2	1	2	122
245			1	2	1	1	123
246			1	2	1	2	123
247			1	2	1	1	124
248			1	2	1	2	124
249			1	2	1	1	125
250			1	2	1	2	125
251			1	2	1	1	126
252			1	2	1	2	126
253			1	2	1	1	127
254			1	2	1	2	127
255			1	2	1	1	128
256			1	2	1	2	128
257			1	2	1	1	129
258			1	2	1	2	129
259			1	2	1	1	130
260			1	2	1	2	130
261			1	2	1	1	131
262			1	2	1	2	131
263			1	2	1	1	132
264			1	2	1	2	132
265			1	2	1	1	133
266			1	2	1	2	133
267			1	2	1	1	134
268			1	2	1	2	134
269			1	2	1	1	135
270			1	2	1	2	135
271			1	2	1	1	136
272			1	2	1	2	136
273			1	2	1	1	137
274			1	2	1	2	137
275			1	2	1	1	138
276			1	2	1	2	138
277			1	2	1	1	139
278			1	2	1	2	139
279			1	2	1	1	140
280			1	2	1	2	140
281			1	2	1	1	141
282			1	2	1	2	141
283			1	2	1	1	142
284			1	2	1	2	142
285			1	2	1	1	143
286			1	2	1	2	143
287			1	2	1	1	144
288			1	2	1	2	144
289			1	2	1	1	145
290			1	2	1	2	145
291			1	2	1	1	146
292			1	2	1	2	146
293			1	2	1	1	147
294			1	2	1	2	147
295			1	2	1	1	148
296			1	2	1	2	148
297			1	2	1	1	149
298			1	2	1	2	149
299			1	2	1	1	150
300			1	2	1	2	150
301			1	2	1	1	151
302			1	2	1	2	151
303			1	2	1	1	152
304			1	2	1	2	152
305			1	2	1	1	153
306			1	2	1	2	153
307			1	2	1	1	154
308			1	2	1	2	154
309			1	2	1	1	155
310			1	2	1	2	155
311			1	2	1	1	156
312			1	2	1	2	156
313			1	2	1	1	157
314			1	2	1	2	157
315			1	2	1	1	158
316			1	2	1	2	158
317			1	2	1	1	159
318			1	2	1	2	159
319			1	2	1	1	160
320			1	2	1	2	160
321			1	2	1	1	161
322			1	2	1	2	161
323			1	2	1	1	162
324			1	2	1	2	162
325			1	2	1	1	163
326			1	2	1	2	163
327			1	2	1	1	164
328			1	2	1	2	164
329			1	2	1	1	165
330			1	2	1	2	165
331			1	2	1	1	166
332			1	2	1	2	166
333			1	2	1	1	167
334			1	2	1	2	167
335			1	2	1	1	168
336			1	2	1	2	168
337			1	2	1	1	169
338			1	2	1	2	169
339			1	2	1	1	170
340			1	2	1	2	170
341			1	2	1	1	171
342			1	2	1	2	171
343			1	2	1	1	172
344			1	2	1	2	172
345			1	2	1	1	173
346			1	2	1	2	173
347			1	2	1	1	174
348			1	2	1	2	174
349			1	2	1	1	175
350			1	2	1	2	175
351			1	2	1	1	176
352			1	2	1	2	176
353			1	2	1	1	177
354			1	2	1	2	177
355			1	2	1	1	178
356			1	2	1	2	178
357			1	2	1	1	179
358			1	2	1	2	179
359			1	2	1	1	180
360			1	2	1	2	180
361			1	2	1	1	181
362			1	2	1	2	181
363			1	2	1	1	182
364			1	2	1	2	182
365			1	2	1	1	183
366			1	2	1	2	183
367			1	2	1	1	184
368			1	2	1	2	184
369			1	2	1	1	185
370			1	2	1	2	185
371			1	2	1	1	186
372			1	2	1	2	186
373			1	2	1	1	187
374			1	2	1	2	187
375			1	2	1	1	188
376			1	2	1	2	188
377			1	2	1	1	189
378			1	2	1	2	189
379			1	2	1	1	190
380			1	2	1	2	190
381			1	2	1	1	191
382			1	2	1	2	191
383			1	2	1	1	192
384			1	2	1	2	192
385			1	2	1	1	193
386			1	2	1	2	193
387			1	2	1	1	194
388			1	2	1	2	194
389			1	2	1	1	195
390			1	2	1	2	195
391			1	2	1	1	196
392			1	2	1	2	196
393			1	2	1	1	197
394			1	2	1	2	197
395			1	2	1	1	198
396			1	2	1	2	198
397			1	2	1	1	199
398			1	2	1	2	199
399			1	2	1	1	200
400			1	2	1	2	200


%ELEMENT.INTERFACE.LINE.IGA
140
401	2	2	1	1	2	1
402	2	2	1	1	2	2
403	2	2	1	1	2	3
404	2	2	1	1	2	4
405	2	2	1	1	2	5
406	2	2	1	1	2	6
407	2	2	1	1	2	7
408	2	2	1	1	2	8
409	2	2	1	1	2	9
410	2	2	1	1	2	10
411	2	2	1	1	2	11
412	2	2	1	1	2	12
413	2	2	1	1	2	13
414	2	2	1	1	2	14
415	2	2	1	1	2	15
416	2	2	1	1	2	16
417	2	2	1	1	2	17
418	2	2	1	1	2	18
419	2	2	1	1	2	19
420	2	2	1	1	2	20
421	2	2	1	1	2	21
422	2	2	1	1	2	22
423	2	2	1	1	2	23
424	2	2	1	1	2	24
425	2	2	1	1	2	25
426	2	2	1	1	2	26
427	2	2	1	1	2	27
428	2	2	1	1	2	28
429	2	2	1	1	2	29
430	2	2	1	1	2	30
431	2	2	1	1	2	31
432	2	2	1	1	2	32
433	2	2	1	1	2	33
434	2	2	1	1	2	34
435	2	2	1	1	2	35
436	2	2	1	1	2	36
437	2	2	1	1	2	37
438	2	2	1	1	2	38
439	2	2	1	1	2	39
440	2	2	1	1	2	40
441	2	2	1	1	2	41
442	2	2	1	1	2	42
443	2	2	1	1	2	43
444	2	2	1	1	2	44
445	2	2	1	1	2	45
446	2	2	1	1	2	46
447	2	2	1	1	2	47
448	2	2	1	1	2	48
449	2	2	1	1	2	49
450	2	2	1	1	2	50
451	2	2	1	1	2	51
452	2	2	1	1	2	52
453	2	2	1	1	2	53
454	2	2	1	1	2	54
455	2	2	1	1	2	55
456	2	2	1	1	2	56
457	2	2	1	1	2	57
458	2	2	1	1	2	58
459	2	2	1	1	2	59
460	2	2	1	1	2	60
461	2	2	1	1	2	61
462	2	2	1	1	2	62
463	2	2	1	1	2	63
464	2	2	1	1	2	64
465	2	2	1	1	2	65
466	2	2	1	1	2	66
467	2	2	1	1	2	67
468	2	2	1	1	2	68
469	2	2	1	1	2	69
470	2	2	1	1	2	70
471	2	2	1	1	2	71
472	2	2	1	1	2	72
473	2	2	1	1	2	73
474	2	2	1	1	2	74
475	2	2	1	1	2	75
476	2	2	1	1	2	76
477	2	2	1	1	2	77
478	2	2	1	1	2	78
479	2	2	1	1	2	79
480	2	2	1	1	2	80
481	2	2	1	1	2	81
482	2	2	1	1	2	82
483	2	2	1	1	2	83
484	2	2	1	1	2	84
485	2	2	1	1	2	85
486	2	2	1	1	2	86
487	2	2	1	1	2	87
488	2	2	1	1	2	88
489	2	2	1	1	2	89
490	2	2	1	1	2	90
491	2	2	1	1	2	91
492	2	2	1	1	2	92
493	2	2	1	1	2	93
494	2	2	1	1	2	94
495	2	2	1	1	2	95
496	2	2	1	1	2	96
497	2	2	1	1	2	97
498	2	2	1	1	2	98
499	2	2	1	1	2	99
500	2	2	1	1	2	100
501	2	2	1	1	2	101
502	2	2	1	1	2	102
503	2	2	1	1	2	103
504	2	2	1	1	2	104
505	2	2	1	1	2	105
506	2	2	1	1	2	106
507	2	2	1	1	2	107
508	2	2	1	1	2	108
509	2	2	1	1	2	109
510	2	2	1	1	2	110
511	2	2	1	1	2	111
512	2	2	1	1	2	112
513	2	2	1	1	2	113
514	2	2	1	1	2	114
515	2	2	1	1	2	115
516	2	2	1	1	2	116
517	2	2	1	1	2	117
518	2	2	1	1	2	118
519	2	2	1	1	2	119
520	2	2	1	1	2	120
521	2	2	1	1	2	121
522	2	2	1	1	2	122
523	2	2	1	1	2	123
524	2	2	1	1	2	124
525	2	2	1	1	2	125
526	2	2	1	1	2	126
527	2	2	1	1	2	127
528	2	2	1	1	2	128
529	2	2	1	1	2	129
530	2	2	1	1	2	130
531	2	2	1	1	2	131
532	2	2	1	1	2	132
533	2	2	1	1	2	133
534	2	2	1	1	2	134
535	2	2	1	1	2	135
536	2	2	1	1	2	136
537	2	2	1	1	2	137
538	2	2	1	1	2	138
539	2	2	1	1	2	139
540	2	2	1	1	2	140


%LOAD.CASE.LINE.FORCE.IGA.UNIFORM
2
399 'Front' 'Top' 0 -666.666666 0.000000000 0.000000000
400 'Front' 'Top' 0  666.666666 0.000000000 0.000000000


%END
