%HEADER

%HEADER.ANALYSIS.ALGORITHM
'uoal'
'clinal'
'clal'
'dcm'

%HEADER.ANALYSIS.DISPLACEMENT.CONTROL
354	2

%HEADER.ANALYSIS.STEP.FACTOR
1.0
1.0e-5

%HEADER.ANALYSIS.TOLERANCE
1.0e-6

%HEADER.ANALYSIS.MAXIMUM.STEPS
1000
300

%HEADER.ANALYSIS.PRINT.STEPS
1
2

%HEADER.ANALYSIS.MAXIMUM.ITERATIONS
50

%HEADER.ANALYSIS.TARGET.ITERATIONS
3
2

%NODE
506

%NODE.COORD
506
1     0.000000e+00  0.000000e+00  0.000000e+00
2     1.000000e-03  0.000000e+00  0.000000e+00
3     2.000000e-03  0.000000e+00  0.000000e+00
4     2.000000e-03  7.500000e-04  0.000000e+00
5     2.000000e-03  1.500000e-03  0.000000e+00
6     1.000000e-03  1.500000e-03  0.000000e+00
7     0.000000e+00  1.500000e-03  0.000000e+00
8     0.000000e+00  7.500000e-04  0.000000e+00
9     3.000000e-03  0.000000e+00  0.000000e+00
10    4.000000e-03  0.000000e+00  0.000000e+00
11    4.000000e-03  7.500000e-04  0.000000e+00
12    4.000000e-03  1.500000e-03  0.000000e+00
13    3.000000e-03  1.500000e-03  0.000000e+00
14    5.000000e-03  0.000000e+00  0.000000e+00
15    6.000000e-03  0.000000e+00  0.000000e+00
16    6.000000e-03  7.500000e-04  0.000000e+00
17    6.000000e-03  1.500000e-03  0.000000e+00
18    5.000000e-03  1.500000e-03  0.000000e+00
19    7.000000e-03  0.000000e+00  0.000000e+00
20    8.000000e-03  0.000000e+00  0.000000e+00
21    8.000000e-03  7.500000e-04  0.000000e+00
22    8.000000e-03  1.500000e-03  0.000000e+00
23    7.000000e-03  1.500000e-03  0.000000e+00
24    9.000000e-03  0.000000e+00  0.000000e+00
25    1.000000e-02  0.000000e+00  0.000000e+00
26    1.000000e-02  7.500000e-04  0.000000e+00
27    1.000000e-02  1.500000e-03  0.000000e+00
28    9.000000e-03  1.500000e-03  0.000000e+00
29    1.100000e-02  0.000000e+00  0.000000e+00
30    1.200000e-02  0.000000e+00  0.000000e+00
31    1.200000e-02  7.500000e-04  0.000000e+00
32    1.200000e-02  1.500000e-03  0.000000e+00
33    1.100000e-02  1.500000e-03  0.000000e+00
34    1.300000e-02  0.000000e+00  0.000000e+00
35    1.400000e-02  0.000000e+00  0.000000e+00
36    1.400000e-02  7.500000e-04  0.000000e+00
37    1.400000e-02  1.500000e-03  0.000000e+00
38    1.300000e-02  1.500000e-03  0.000000e+00
39    1.500000e-02  0.000000e+00  0.000000e+00
40    1.600000e-02  0.000000e+00  0.000000e+00
41    1.600000e-02  7.500000e-04  0.000000e+00
42    1.600000e-02  1.500000e-03  0.000000e+00
43    1.500000e-02  1.500000e-03  0.000000e+00
44    1.700000e-02  0.000000e+00  0.000000e+00
45    1.800000e-02  0.000000e+00  0.000000e+00
46    1.800000e-02  7.500000e-04  0.000000e+00
47    1.800000e-02  1.500000e-03  0.000000e+00
48    1.700000e-02  1.500000e-03  0.000000e+00
49    1.900000e-02  0.000000e+00  0.000000e+00
50    2.000000e-02  0.000000e+00  0.000000e+00
51    2.000000e-02  7.500000e-04  0.000000e+00
52    2.000000e-02  1.500000e-03  0.000000e+00
53    1.900000e-02  1.500000e-03  0.000000e+00
54    2.100000e-02  0.000000e+00  0.000000e+00
55    2.200000e-02  0.000000e+00  0.000000e+00
56    2.200000e-02  7.500000e-04  0.000000e+00
57    2.200000e-02  1.500000e-03  0.000000e+00
58    2.100000e-02  1.500000e-03  0.000000e+00
59    2.300000e-02  0.000000e+00  0.000000e+00
60    2.400000e-02  0.000000e+00  0.000000e+00
61    2.400000e-02  7.500000e-04  0.000000e+00
62    2.400000e-02  1.500000e-03  0.000000e+00
63    2.300000e-02  1.500000e-03  0.000000e+00
64    2.500000e-02  0.000000e+00  0.000000e+00
65    2.600000e-02  0.000000e+00  0.000000e+00
66    2.600000e-02  7.500000e-04  0.000000e+00
67    2.600000e-02  1.500000e-03  0.000000e+00
68    2.500000e-02  1.500000e-03  0.000000e+00
69    2.700000e-02  0.000000e+00  0.000000e+00
70    2.800000e-02  0.000000e+00  0.000000e+00
71    2.800000e-02  7.500000e-04  0.000000e+00
72    2.800000e-02  1.500000e-03  0.000000e+00
73    2.700000e-02  1.500000e-03  0.000000e+00
74    2.900000e-02  0.000000e+00  0.000000e+00
75    3.000000e-02  0.000000e+00  0.000000e+00
76    3.000000e-02  7.500000e-04  0.000000e+00
77    3.000000e-02  1.500000e-03  0.000000e+00
78    2.900000e-02  1.500000e-03  0.000000e+00
79    3.100000e-02  0.000000e+00  0.000000e+00
80    3.200000e-02  0.000000e+00  0.000000e+00
81    3.200000e-02  7.500000e-04  0.000000e+00
82    3.200000e-02  1.500000e-03  0.000000e+00
83    3.100000e-02  1.500000e-03  0.000000e+00
84    3.300000e-02  0.000000e+00  0.000000e+00
85    3.400000e-02  0.000000e+00  0.000000e+00
86    3.400000e-02  7.500000e-04  0.000000e+00
87    3.400000e-02  1.500000e-03  0.000000e+00
88    3.300000e-02  1.500000e-03  0.000000e+00
89    3.500000e-02  0.000000e+00  0.000000e+00
90    3.600000e-02  0.000000e+00  0.000000e+00
91    3.600000e-02  7.500000e-04  0.000000e+00
92    3.600000e-02  1.500000e-03  0.000000e+00
93    3.500000e-02  1.500000e-03  0.000000e+00
94    3.700000e-02  0.000000e+00  0.000000e+00
95    3.800000e-02  0.000000e+00  0.000000e+00
96    3.800000e-02  7.500000e-04  0.000000e+00
97    3.800000e-02  1.500000e-03  0.000000e+00
98    3.700000e-02  1.500000e-03  0.000000e+00
99    3.900000e-02  0.000000e+00  0.000000e+00
100   4.000000e-02  0.000000e+00  0.000000e+00
101   4.000000e-02  7.500000e-04  0.000000e+00
102   4.000000e-02  1.500000e-03  0.000000e+00
103   3.900000e-02  1.500000e-03  0.000000e+00
104   4.100000e-02  0.000000e+00  0.000000e+00
105   4.200000e-02  0.000000e+00  0.000000e+00
106   4.200000e-02  7.500000e-04  0.000000e+00
107   4.200000e-02  1.500000e-03  0.000000e+00
108   4.100000e-02  1.500000e-03  0.000000e+00
109   4.300000e-02  0.000000e+00  0.000000e+00
110   4.400000e-02  0.000000e+00  0.000000e+00
111   4.400000e-02  7.500000e-04  0.000000e+00
112   4.400000e-02  1.500000e-03  0.000000e+00
113   4.300000e-02  1.500000e-03  0.000000e+00
114   4.500000e-02  0.000000e+00  0.000000e+00
115   4.600000e-02  0.000000e+00  0.000000e+00
116   4.600000e-02  7.500000e-04  0.000000e+00
117   4.600000e-02  1.500000e-03  0.000000e+00
118   4.500000e-02  1.500000e-03  0.000000e+00
119   4.700000e-02  0.000000e+00  0.000000e+00
120   4.800000e-02  0.000000e+00  0.000000e+00
121   4.800000e-02  7.500000e-04  0.000000e+00
122   4.800000e-02  1.500000e-03  0.000000e+00
123   4.700000e-02  1.500000e-03  0.000000e+00
124   4.900000e-02  0.000000e+00  0.000000e+00
125   5.000000e-02  0.000000e+00  0.000000e+00
126   5.000000e-02  7.500000e-04  0.000000e+00
127   5.000000e-02  1.500000e-03  0.000000e+00
128   4.900000e-02  1.500000e-03  0.000000e+00
129   5.100000e-02  0.000000e+00  0.000000e+00
130   5.200000e-02  0.000000e+00  0.000000e+00
131   5.200000e-02  7.500000e-04  0.000000e+00
132   5.200000e-02  1.500000e-03  0.000000e+00
133   5.100000e-02  1.500000e-03  0.000000e+00
134   5.300000e-02  0.000000e+00  0.000000e+00
135   5.400000e-02  0.000000e+00  0.000000e+00
136   5.400000e-02  7.500000e-04  0.000000e+00
137   5.400000e-02  1.500000e-03  0.000000e+00
138   5.300000e-02  1.500000e-03  0.000000e+00
139   5.500000e-02  0.000000e+00  0.000000e+00
140   5.600000e-02  0.000000e+00  0.000000e+00
141   5.600000e-02  7.500000e-04  0.000000e+00
142   5.600000e-02  1.500000e-03  0.000000e+00
143   5.500000e-02  1.500000e-03  0.000000e+00
144   5.700000e-02  0.000000e+00  0.000000e+00
145   5.800000e-02  0.000000e+00  0.000000e+00
146   5.800000e-02  7.500000e-04  0.000000e+00
147   5.800000e-02  1.500000e-03  0.000000e+00
148   5.700000e-02  1.500000e-03  0.000000e+00
149   5.900000e-02  0.000000e+00  0.000000e+00
150   6.000000e-02  0.000000e+00  0.000000e+00
151   6.000000e-02  7.500000e-04  0.000000e+00
152   6.000000e-02  1.500000e-03  0.000000e+00
153   5.900000e-02  1.500000e-03  0.000000e+00
154   6.100000e-02  0.000000e+00  0.000000e+00
155   6.200000e-02  0.000000e+00  0.000000e+00
156   6.200000e-02  7.500000e-04  0.000000e+00
157   6.200000e-02  1.500000e-03  0.000000e+00
158   6.100000e-02  1.500000e-03  0.000000e+00
159   6.300000e-02  0.000000e+00  0.000000e+00
160   6.400000e-02  0.000000e+00  0.000000e+00
161   6.400000e-02  7.500000e-04  0.000000e+00
162   6.400000e-02  1.500000e-03  0.000000e+00
163   6.300000e-02  1.500000e-03  0.000000e+00
164   6.500000e-02  0.000000e+00  0.000000e+00
165   6.600000e-02  0.000000e+00  0.000000e+00
166   6.600000e-02  7.500000e-04  0.000000e+00
167   6.600000e-02  1.500000e-03  0.000000e+00
168   6.500000e-02  1.500000e-03  0.000000e+00
169   6.700000e-02  0.000000e+00  0.000000e+00
170   6.800000e-02  0.000000e+00  0.000000e+00
171   6.800000e-02  7.500000e-04  0.000000e+00
172   6.800000e-02  1.500000e-03  0.000000e+00
173   6.700000e-02  1.500000e-03  0.000000e+00
174   6.900000e-02  0.000000e+00  0.000000e+00
175   7.000000e-02  0.000000e+00  0.000000e+00
176   7.000000e-02  7.500000e-04  0.000000e+00
177   7.000000e-02  1.500000e-03  0.000000e+00
178   6.900000e-02  1.500000e-03  0.000000e+00
179   7.100000e-02  0.000000e+00  0.000000e+00
180   7.200000e-02  0.000000e+00  0.000000e+00
181   7.200000e-02  7.500000e-04  0.000000e+00
182   7.200000e-02  1.500000e-03  0.000000e+00
183   7.100000e-02  1.500000e-03  0.000000e+00
184   7.300000e-02  0.000000e+00  0.000000e+00
185   7.400000e-02  0.000000e+00  0.000000e+00
186   7.400000e-02  7.500000e-04  0.000000e+00
187   7.400000e-02  1.500000e-03  0.000000e+00
188   7.300000e-02  1.500000e-03  0.000000e+00
189   7.500000e-02  0.000000e+00  0.000000e+00
190   7.600000e-02  0.000000e+00  0.000000e+00
191   7.600000e-02  7.500000e-04  0.000000e+00
192   7.600000e-02  1.500000e-03  0.000000e+00
193   7.500000e-02  1.500000e-03  0.000000e+00
194   7.700000e-02  0.000000e+00  0.000000e+00
195   7.800000e-02  0.000000e+00  0.000000e+00
196   7.800000e-02  7.500000e-04  0.000000e+00
197   7.800000e-02  1.500000e-03  0.000000e+00
198   7.700000e-02  1.500000e-03  0.000000e+00
199   7.900000e-02  0.000000e+00  0.000000e+00
200   8.000000e-02  0.000000e+00  0.000000e+00
201   8.000000e-02  7.500000e-04  0.000000e+00
202   8.000000e-02  1.500000e-03  0.000000e+00
203   7.900000e-02  1.500000e-03  0.000000e+00
204   8.100000e-02  0.000000e+00  0.000000e+00
205   8.200000e-02  0.000000e+00  0.000000e+00
206   8.200000e-02  7.500000e-04  0.000000e+00
207   8.200000e-02  1.500000e-03  0.000000e+00
208   8.100000e-02  1.500000e-03  0.000000e+00
209   8.300000e-02  0.000000e+00  0.000000e+00
210   8.400000e-02  0.000000e+00  0.000000e+00
211   8.400000e-02  7.500000e-04  0.000000e+00
212   8.400000e-02  1.500000e-03  0.000000e+00
213   8.300000e-02  1.500000e-03  0.000000e+00
214   8.500000e-02  0.000000e+00  0.000000e+00
215   8.600000e-02  0.000000e+00  0.000000e+00
216   8.600000e-02  7.500000e-04  0.000000e+00
217   8.600000e-02  1.500000e-03  0.000000e+00
218   8.500000e-02  1.500000e-03  0.000000e+00
219   8.700000e-02  0.000000e+00  0.000000e+00
220   8.800000e-02  0.000000e+00  0.000000e+00
221   8.800000e-02  7.500000e-04  0.000000e+00
222   8.800000e-02  1.500000e-03  0.000000e+00
223   8.700000e-02  1.500000e-03  0.000000e+00
224   8.900000e-02  0.000000e+00  0.000000e+00
225   9.000000e-02  0.000000e+00  0.000000e+00
226   9.000000e-02  7.500000e-04  0.000000e+00
227   9.000000e-02  1.500000e-03  0.000000e+00
228   8.900000e-02  1.500000e-03  0.000000e+00
229   9.100000e-02  0.000000e+00  0.000000e+00
230   9.200000e-02  0.000000e+00  0.000000e+00
231   9.200000e-02  7.500000e-04  0.000000e+00
232   9.200000e-02  1.500000e-03  0.000000e+00
233   9.100000e-02  1.500000e-03  0.000000e+00
234   9.300000e-02  0.000000e+00  0.000000e+00
235   9.400000e-02  0.000000e+00  0.000000e+00
236   9.400000e-02  7.500000e-04  0.000000e+00
237   9.400000e-02  1.500000e-03  0.000000e+00
238   9.300000e-02  1.500000e-03  0.000000e+00
239   9.500000e-02  0.000000e+00  0.000000e+00
240   9.600000e-02  0.000000e+00  0.000000e+00
241   9.600000e-02  7.500000e-04  0.000000e+00
242   9.600000e-02  1.500000e-03  0.000000e+00
243   9.500000e-02  1.500000e-03  0.000000e+00
244   9.700000e-02  0.000000e+00  0.000000e+00
245   9.800000e-02  0.000000e+00  0.000000e+00
246   9.800000e-02  7.500000e-04  0.000000e+00
247   9.800000e-02  1.500000e-03  0.000000e+00
248   9.700000e-02  1.500000e-03  0.000000e+00
249   9.900000e-02  0.000000e+00  0.000000e+00
250   1.000000e-01  0.000000e+00  0.000000e+00
251   1.000000e-01  7.500000e-04  0.000000e+00
252   1.000000e-01  1.500000e-03  0.000000e+00
253   9.900000e-02  1.500000e-03  0.000000e+00
254   0.000000e+00  1.500000e-03  0.000000e+00
255   1.000000e-03  1.500000e-03  0.000000e+00
256   2.000000e-03  1.500000e-03  0.000000e+00
257   3.000000e-03  1.500000e-03  0.000000e+00
258   4.000000e-03  1.500000e-03  0.000000e+00
259   5.000000e-03  1.500000e-03  0.000000e+00
260   6.000000e-03  1.500000e-03  0.000000e+00
261   7.000000e-03  1.500000e-03  0.000000e+00
262   8.000000e-03  1.500000e-03  0.000000e+00
263   9.000000e-03  1.500000e-03  0.000000e+00
264   1.000000e-02  1.500000e-03  0.000000e+00
265   1.100000e-02  1.500000e-03  0.000000e+00
266   1.200000e-02  1.500000e-03  0.000000e+00
267   1.300000e-02  1.500000e-03  0.000000e+00
268   1.400000e-02  1.500000e-03  0.000000e+00
269   1.500000e-02  1.500000e-03  0.000000e+00
270   1.600000e-02  1.500000e-03  0.000000e+00
271   1.700000e-02  1.500000e-03  0.000000e+00
272   1.800000e-02  1.500000e-03  0.000000e+00
273   1.900000e-02  1.500000e-03  0.000000e+00
274   2.000000e-02  1.500000e-03  0.000000e+00
275   2.100000e-02  1.500000e-03  0.000000e+00
276   2.200000e-02  1.500000e-03  0.000000e+00
277   2.300000e-02  1.500000e-03  0.000000e+00
278   2.400000e-02  1.500000e-03  0.000000e+00
279   2.500000e-02  1.500000e-03  0.000000e+00
280   2.600000e-02  1.500000e-03  0.000000e+00
281   2.700000e-02  1.500000e-03  0.000000e+00
282   2.800000e-02  1.500000e-03  0.000000e+00
283   2.900000e-02  1.500000e-03  0.000000e+00
284   3.000000e-02  1.500000e-03  0.000000e+00
285   3.100000e-02  1.500000e-03  0.000000e+00
286   3.200000e-02  1.500000e-03  0.000000e+00
287   3.300000e-02  1.500000e-03  0.000000e+00
288   3.400000e-02  1.500000e-03  0.000000e+00
289   3.500000e-02  1.500000e-03  0.000000e+00
290   3.600000e-02  1.500000e-03  0.000000e+00
291   3.700000e-02  1.500000e-03  0.000000e+00
292   3.800000e-02  1.500000e-03  0.000000e+00
293   3.900000e-02  1.500000e-03  0.000000e+00
294   4.000000e-02  1.500000e-03  0.000000e+00
295   4.100000e-02  1.500000e-03  0.000000e+00
296   4.200000e-02  1.500000e-03  0.000000e+00
297   4.300000e-02  1.500000e-03  0.000000e+00
298   4.400000e-02  1.500000e-03  0.000000e+00
299   4.500000e-02  1.500000e-03  0.000000e+00
300   4.600000e-02  1.500000e-03  0.000000e+00
301   4.700000e-02  1.500000e-03  0.000000e+00
302   4.800000e-02  1.500000e-03  0.000000e+00
303   4.900000e-02  1.500000e-03  0.000000e+00
304   5.000000e-02  1.500000e-03  0.000000e+00
305   5.100000e-02  1.500000e-03  0.000000e+00
306   5.200000e-02  1.500000e-03  0.000000e+00
307   5.300000e-02  1.500000e-03  0.000000e+00
308   5.400000e-02  1.500000e-03  0.000000e+00
309   5.500000e-02  1.500000e-03  0.000000e+00
310   5.600000e-02  1.500000e-03  0.000000e+00
311   5.700000e-02  1.500000e-03  0.000000e+00
312   5.800000e-02  1.500000e-03  0.000000e+00
313   5.900000e-02  1.500000e-03  0.000000e+00
314   6.000000e-02  1.500000e-03  0.000000e+00
315   6.100000e-02  1.500000e-03  0.000000e+00
316   6.200000e-02  1.500000e-03  0.000000e+00
317   6.300000e-02  1.500000e-03  0.000000e+00
318   6.400000e-02  1.500000e-03  0.000000e+00
319   6.500000e-02  1.500000e-03  0.000000e+00
320   6.600000e-02  1.500000e-03  0.000000e+00
321   6.700000e-02  1.500000e-03  0.000000e+00
322   6.800000e-02  1.500000e-03  0.000000e+00
323   6.900000e-02  1.500000e-03  0.000000e+00
324   7.000000e-02  1.500000e-03  0.000000e+00
325   7.100000e-02  1.500000e-03  0.000000e+00
326   7.200000e-02  1.500000e-03  0.000000e+00
327   7.300000e-02  1.500000e-03  0.000000e+00
328   7.400000e-02  1.500000e-03  0.000000e+00
329   7.500000e-02  1.500000e-03  0.000000e+00
330   7.600000e-02  1.500000e-03  0.000000e+00
331   7.700000e-02  1.500000e-03  0.000000e+00
332   7.800000e-02  1.500000e-03  0.000000e+00
333   7.900000e-02  1.500000e-03  0.000000e+00
334   8.000000e-02  1.500000e-03  0.000000e+00
335   8.100000e-02  1.500000e-03  0.000000e+00
336   8.200000e-02  1.500000e-03  0.000000e+00
337   8.300000e-02  1.500000e-03  0.000000e+00
338   8.400000e-02  1.500000e-03  0.000000e+00
339   8.500000e-02  1.500000e-03  0.000000e+00
340   8.600000e-02  1.500000e-03  0.000000e+00
341   8.700000e-02  1.500000e-03  0.000000e+00
342   8.800000e-02  1.500000e-03  0.000000e+00
343   8.900000e-02  1.500000e-03  0.000000e+00
344   9.000000e-02  1.500000e-03  0.000000e+00
345   9.100000e-02  1.500000e-03  0.000000e+00
346   9.200000e-02  1.500000e-03  0.000000e+00
347   9.300000e-02  1.500000e-03  0.000000e+00
348   9.400000e-02  1.500000e-03  0.000000e+00
349   9.500000e-02  1.500000e-03  0.000000e+00
350   9.600000e-02  1.500000e-03  0.000000e+00
351   9.700000e-02  1.500000e-03  0.000000e+00
352   9.800000e-02  1.500000e-03  0.000000e+00
353   9.900000e-02  1.500000e-03  0.000000e+00
354   1.000000e-01  1.500000e-03  0.000000e+00
355   2.000000e-03  2.250000e-03  0.000000e+00
356   2.000000e-03  3.000000e-03  0.000000e+00
357   1.000000e-03  3.000000e-03  0.000000e+00
358   0.000000e+00  3.000000e-03  0.000000e+00
359   0.000000e+00  2.250000e-03  0.000000e+00
360   4.000000e-03  2.250000e-03  0.000000e+00
361   4.000000e-03  3.000000e-03  0.000000e+00
362   3.000000e-03  3.000000e-03  0.000000e+00
363   6.000000e-03  2.250000e-03  0.000000e+00
364   6.000000e-03  3.000000e-03  0.000000e+00
365   5.000000e-03  3.000000e-03  0.000000e+00
366   8.000000e-03  2.250000e-03  0.000000e+00
367   8.000000e-03  3.000000e-03  0.000000e+00
368   7.000000e-03  3.000000e-03  0.000000e+00
369   1.000000e-02  2.250000e-03  0.000000e+00
370   1.000000e-02  3.000000e-03  0.000000e+00
371   9.000000e-03  3.000000e-03  0.000000e+00
372   1.200000e-02  2.250000e-03  0.000000e+00
373   1.200000e-02  3.000000e-03  0.000000e+00
374   1.100000e-02  3.000000e-03  0.000000e+00
375   1.400000e-02  2.250000e-03  0.000000e+00
376   1.400000e-02  3.000000e-03  0.000000e+00
377   1.300000e-02  3.000000e-03  0.000000e+00
378   1.600000e-02  2.250000e-03  0.000000e+00
379   1.600000e-02  3.000000e-03  0.000000e+00
380   1.500000e-02  3.000000e-03  0.000000e+00
381   1.800000e-02  2.250000e-03  0.000000e+00
382   1.800000e-02  3.000000e-03  0.000000e+00
383   1.700000e-02  3.000000e-03  0.000000e+00
384   2.000000e-02  2.250000e-03  0.000000e+00
385   2.000000e-02  3.000000e-03  0.000000e+00
386   1.900000e-02  3.000000e-03  0.000000e+00
387   2.200000e-02  2.250000e-03  0.000000e+00
388   2.200000e-02  3.000000e-03  0.000000e+00
389   2.100000e-02  3.000000e-03  0.000000e+00
390   2.400000e-02  2.250000e-03  0.000000e+00
391   2.400000e-02  3.000000e-03  0.000000e+00
392   2.300000e-02  3.000000e-03  0.000000e+00
393   2.600000e-02  2.250000e-03  0.000000e+00
394   2.600000e-02  3.000000e-03  0.000000e+00
395   2.500000e-02  3.000000e-03  0.000000e+00
396   2.800000e-02  2.250000e-03  0.000000e+00
397   2.800000e-02  3.000000e-03  0.000000e+00
398   2.700000e-02  3.000000e-03  0.000000e+00
399   3.000000e-02  2.250000e-03  0.000000e+00
400   3.000000e-02  3.000000e-03  0.000000e+00
401   2.900000e-02  3.000000e-03  0.000000e+00
402   3.200000e-02  2.250000e-03  0.000000e+00
403   3.200000e-02  3.000000e-03  0.000000e+00
404   3.100000e-02  3.000000e-03  0.000000e+00
405   3.400000e-02  2.250000e-03  0.000000e+00
406   3.400000e-02  3.000000e-03  0.000000e+00
407   3.300000e-02  3.000000e-03  0.000000e+00
408   3.600000e-02  2.250000e-03  0.000000e+00
409   3.600000e-02  3.000000e-03  0.000000e+00
410   3.500000e-02  3.000000e-03  0.000000e+00
411   3.800000e-02  2.250000e-03  0.000000e+00
412   3.800000e-02  3.000000e-03  0.000000e+00
413   3.700000e-02  3.000000e-03  0.000000e+00
414   4.000000e-02  2.250000e-03  0.000000e+00
415   4.000000e-02  3.000000e-03  0.000000e+00
416   3.900000e-02  3.000000e-03  0.000000e+00
417   4.200000e-02  2.250000e-03  0.000000e+00
418   4.200000e-02  3.000000e-03  0.000000e+00
419   4.100000e-02  3.000000e-03  0.000000e+00
420   4.400000e-02  2.250000e-03  0.000000e+00
421   4.400000e-02  3.000000e-03  0.000000e+00
422   4.300000e-02  3.000000e-03  0.000000e+00
423   4.600000e-02  2.250000e-03  0.000000e+00
424   4.600000e-02  3.000000e-03  0.000000e+00
425   4.500000e-02  3.000000e-03  0.000000e+00
426   4.800000e-02  2.250000e-03  0.000000e+00
427   4.800000e-02  3.000000e-03  0.000000e+00
428   4.700000e-02  3.000000e-03  0.000000e+00
429   5.000000e-02  2.250000e-03  0.000000e+00
430   5.000000e-02  3.000000e-03  0.000000e+00
431   4.900000e-02  3.000000e-03  0.000000e+00
432   5.200000e-02  2.250000e-03  0.000000e+00
433   5.200000e-02  3.000000e-03  0.000000e+00
434   5.100000e-02  3.000000e-03  0.000000e+00
435   5.400000e-02  2.250000e-03  0.000000e+00
436   5.400000e-02  3.000000e-03  0.000000e+00
437   5.300000e-02  3.000000e-03  0.000000e+00
438   5.600000e-02  2.250000e-03  0.000000e+00
439   5.600000e-02  3.000000e-03  0.000000e+00
440   5.500000e-02  3.000000e-03  0.000000e+00
441   5.800000e-02  2.250000e-03  0.000000e+00
442   5.800000e-02  3.000000e-03  0.000000e+00
443   5.700000e-02  3.000000e-03  0.000000e+00
444   6.000000e-02  2.250000e-03  0.000000e+00
445   6.000000e-02  3.000000e-03  0.000000e+00
446   5.900000e-02  3.000000e-03  0.000000e+00
447   6.200000e-02  2.250000e-03  0.000000e+00
448   6.200000e-02  3.000000e-03  0.000000e+00
449   6.100000e-02  3.000000e-03  0.000000e+00
450   6.400000e-02  2.250000e-03  0.000000e+00
451   6.400000e-02  3.000000e-03  0.000000e+00
452   6.300000e-02  3.000000e-03  0.000000e+00
453   6.600000e-02  2.250000e-03  0.000000e+00
454   6.600000e-02  3.000000e-03  0.000000e+00
455   6.500000e-02  3.000000e-03  0.000000e+00
456   6.800000e-02  2.250000e-03  0.000000e+00
457   6.800000e-02  3.000000e-03  0.000000e+00
458   6.700000e-02  3.000000e-03  0.000000e+00
459   7.000000e-02  2.250000e-03  0.000000e+00
460   7.000000e-02  3.000000e-03  0.000000e+00
461   6.900000e-02  3.000000e-03  0.000000e+00
462   7.200000e-02  2.250000e-03  0.000000e+00
463   7.200000e-02  3.000000e-03  0.000000e+00
464   7.100000e-02  3.000000e-03  0.000000e+00
465   7.400000e-02  2.250000e-03  0.000000e+00
466   7.400000e-02  3.000000e-03  0.000000e+00
467   7.300000e-02  3.000000e-03  0.000000e+00
468   7.600000e-02  2.250000e-03  0.000000e+00
469   7.600000e-02  3.000000e-03  0.000000e+00
470   7.500000e-02  3.000000e-03  0.000000e+00
471   7.800000e-02  2.250000e-03  0.000000e+00
472   7.800000e-02  3.000000e-03  0.000000e+00
473   7.700000e-02  3.000000e-03  0.000000e+00
474   8.000000e-02  2.250000e-03  0.000000e+00
475   8.000000e-02  3.000000e-03  0.000000e+00
476   7.900000e-02  3.000000e-03  0.000000e+00
477   8.200000e-02  2.250000e-03  0.000000e+00
478   8.200000e-02  3.000000e-03  0.000000e+00
479   8.100000e-02  3.000000e-03  0.000000e+00
480   8.400000e-02  2.250000e-03  0.000000e+00
481   8.400000e-02  3.000000e-03  0.000000e+00
482   8.300000e-02  3.000000e-03  0.000000e+00
483   8.600000e-02  2.250000e-03  0.000000e+00
484   8.600000e-02  3.000000e-03  0.000000e+00
485   8.500000e-02  3.000000e-03  0.000000e+00
486   8.800000e-02  2.250000e-03  0.000000e+00
487   8.800000e-02  3.000000e-03  0.000000e+00
488   8.700000e-02  3.000000e-03  0.000000e+00
489   9.000000e-02  2.250000e-03  0.000000e+00
490   9.000000e-02  3.000000e-03  0.000000e+00
491   8.900000e-02  3.000000e-03  0.000000e+00
492   9.200000e-02  2.250000e-03  0.000000e+00
493   9.200000e-02  3.000000e-03  0.000000e+00
494   9.100000e-02  3.000000e-03  0.000000e+00
495   9.400000e-02  2.250000e-03  0.000000e+00
496   9.400000e-02  3.000000e-03  0.000000e+00
497   9.300000e-02  3.000000e-03  0.000000e+00
498   9.600000e-02  2.250000e-03  0.000000e+00
499   9.600000e-02  3.000000e-03  0.000000e+00
500   9.500000e-02  3.000000e-03  0.000000e+00
501   9.800000e-02  2.250000e-03  0.000000e+00
502   9.800000e-02  3.000000e-03  0.000000e+00
503   9.700000e-02  3.000000e-03  0.000000e+00
504   1.000000e-01  2.250000e-03  0.000000e+00
505   1.000000e-01  3.000000e-03  0.000000e+00
506   9.900000e-02  3.000000e-03  0.000000e+00

%NODE.SUPPORT
6
1   1 1 1 0 0 0
7   1 1 1 0 0 0
8   1 1 1 0 0 0
254 1 1 1 0 0 0
358 1 1 1 0 0 0
359 1 1 1 0 0 0

%MATERIAL
2

%MATERIAL.ISOTROPIC
1
1  69e9  0.33

%%MATERIAL.CZM.MODEI.BILINEAR
1
2  10e6  55.0  1.0e14
2  15e6  55.0  1.0e14
2   5e6  55.0  1.0e14

%MATERIAL.CZM.MODEI.EXPONENTIAL
1
2  20e6  55.0

%SECTION
2

%SECTION.HOMOGENEOUS.ISOTROPIC.2D
1
1  1  0.01

%SECTION.INTERFACE.2D
1
2  2  0.01

%INTEGRATION.ORDER
2
1    3    3    3    3    3    3
2    6    6    6    6    6    6
2   12   12   12   12   12   12
1    2    2    2    2    2    2

%ELEMENT
135

%ELEMENT.INTERFACE.L3
35
51     2   2   254 255 256 7 6 5
52     2   2   256 257 258 5 13 12
53     2   2   258 259 260 12 18 17
54     2   2   260 261 262 17 23 22
55     2   2   262 263 264 22 28 27
56     2   2   264 265 266 27 33 32
57     2   2   266 267 268 32 38 37
58     2   2   268 269 270 37 43 42
59     2   2   270 271 272 42 48 47
60     2   2   272 273 274 47 53 52
61     2   2   274 275 276 52 58 57
62     2   2   276 277 278 57 63 62
63     2   2   278 279 280 62 68 67
64     2   2   280 281 282 67 73 72
65     2   2   282 283 284 72 78 77
66     2   2   284 285 286 77 83 82
67     2   2   286 287 288 82 88 87
68     2   2   288 289 290 87 93 92
69     2   2   290 291 292 92 98 97
70     2   2   292 293 294 97 103 102
71     2   2   294 295 296 102 108 107
72     2   2   296 297 298 107 113 112
73     2   2   298 299 300 112 118 117
74     2   2   300 301 302 117 123 122
75     2   2   302 303 304 122 128 127
76     2   2   304 305 306 127 133 132
77     2   2   306 307 308 132 138 137
78     2   2   308 309 310 137 143 142
79     2   2   310 311 312 142 148 147
80     2   2   312 313 314 147 153 152
81     2   2   314 315 316 152 158 157
82     2   2   316 317 318 157 163 162
83     2   2   318 319 320 162 168 167
84     2   2   320 321 322 167 173 172
85     2   2   322 323 324 172 178 177

%ELEMENT.PLSTRESS.Q8
100
1      1   1   1 2 3 4 5 6 7 8
2      1   1   3 9 10 11 12 13 5 4
3      1   1   10 14 15 16 17 18 12 11
4      1   1   15 19 20 21 22 23 17 16
5      1   1   20 24 25 26 27 28 22 21
6      1   1   25 29 30 31 32 33 27 26
7      1   1   30 34 35 36 37 38 32 31
8      1   1   35 39 40 41 42 43 37 36
9      1   1   40 44 45 46 47 48 42 41
10     1   1   45 49 50 51 52 53 47 46
11     1   1   50 54 55 56 57 58 52 51
12     1   1   55 59 60 61 62 63 57 56
13     1   1   60 64 65 66 67 68 62 61
14     1   1   65 69 70 71 72 73 67 66
15     1   1   70 74 75 76 77 78 72 71
16     1   1   75 79 80 81 82 83 77 76
17     1   1   80 84 85 86 87 88 82 81
18     1   1   85 89 90 91 92 93 87 86
19     1   1   90 94 95 96 97 98 92 91
20     1   1   95 99 100 101 102 103 97 96
21     1   1   100 104 105 106 107 108 102 101
22     1   1   105 109 110 111 112 113 107 106
23     1   1   110 114 115 116 117 118 112 111
24     1   1   115 119 120 121 122 123 117 116
25     1   1   120 124 125 126 127 128 122 121
26     1   1   125 129 130 131 132 133 127 126
27     1   1   130 134 135 136 137 138 132 131
28     1   1   135 139 140 141 142 143 137 136
29     1   1   140 144 145 146 147 148 142 141
30     1   1   145 149 150 151 152 153 147 146
31     1   1   150 154 155 156 157 158 152 151
32     1   1   155 159 160 161 162 163 157 156
33     1   1   160 164 165 166 167 168 162 161
34     1   1   165 169 170 171 172 173 167 166
35     1   1   170 174 175 176 177 178 172 171
36     1   1   175 179 180 181 182 183 177 176
37     1   1   180 184 185 186 187 188 182 181
38     1   1   185 189 190 191 192 193 187 186
39     1   1   190 194 195 196 197 198 192 191
40     1   1   195 199 200 201 202 203 197 196
41     1   1   200 204 205 206 207 208 202 201
42     1   1   205 209 210 211 212 213 207 206
43     1   1   210 214 215 216 217 218 212 211
44     1   1   215 219 220 221 222 223 217 216
45     1   1   220 224 225 226 227 228 222 221
46     1   1   225 229 230 231 232 233 227 226
47     1   1   230 234 235 236 237 238 232 231
48     1   1   235 239 240 241 242 243 237 236
49     1   1   240 244 245 246 247 248 242 241
50     1   1   245 249 250 251 252 253 247 246
86     1   1   254 255 256 355 356 357 358 359
87     1   1   256 257 258 360 361 362 356 355
88     1   1   258 259 260 363 364 365 361 360
89     1   1   260 261 262 366 367 368 364 363
90     1   1   262 263 264 369 370 371 367 366
91     1   1   264 265 266 372 373 374 370 369
92     1   1   266 267 268 375 376 377 373 372
93     1   1   268 269 270 378 379 380 376 375
94     1   1   270 271 272 381 382 383 379 378
95     1   1   272 273 274 384 385 386 382 381
96     1   1   274 275 276 387 388 389 385 384
97     1   1   276 277 278 390 391 392 388 387
98     1   1   278 279 280 393 394 395 391 390
99     1   1   280 281 282 396 397 398 394 393
100    1   1   282 283 284 399 400 401 397 396
101    1   1   284 285 286 402 403 404 400 399
102    1   1   286 287 288 405 406 407 403 402
103    1   1   288 289 290 408 409 410 406 405
104    1   1   290 291 292 411 412 413 409 408
105    1   1   292 293 294 414 415 416 412 411
106    1   1   294 295 296 417 418 419 415 414
107    1   1   296 297 298 420 421 422 418 417
108    1   1   298 299 300 423 424 425 421 420
109    1   1   300 301 302 426 427 428 424 423
110    1   1   302 303 304 429 430 431 427 426
111    1   1   304 305 306 432 433 434 430 429
112    1   1   306 307 308 435 436 437 433 432
113    1   1   308 309 310 438 439 440 436 435
114    1   1   310 311 312 441 442 443 439 438
115    1   1   312 313 314 444 445 446 442 441
116    1   1   314 315 316 447 448 449 445 444
117    1   1   316 317 318 450 451 452 448 447
118    1   1   318 319 320 453 454 455 451 450
119    1   1   320 321 322 456 457 458 454 453
120    1   1   322 323 324 459 460 461 457 456
121    1   1   324 325 326 462 463 464 460 459
122    1   1   326 327 328 465 466 467 463 462
123    1   1   328 329 330 468 469 470 466 465
124    1   1   330 331 332 471 472 473 469 468
125    1   1   332 333 334 474 475 476 472 471
126    1   1   334 335 336 477 478 479 475 474
127    1   1   336 337 338 480 481 482 478 477
128    1   1   338 339 340 483 484 485 481 480
129    1   1   340 341 342 486 487 488 484 483
130    1   1   342 343 344 489 490 491 487 486
131    1   1   344 345 346 492 493 494 490 489
132    1   1   346 347 348 495 496 497 493 492
133    1   1   348 349 350 498 499 500 496 495
134    1   1   350 351 352 501 502 503 499 498
135    1   1   352 353 354 504 505 506 502 501

%LOAD.CASE.LINE.FORCE.UNIFORM
2
50  250  252   0   0.0   -666.666666   0.0
135 354  505   0   0.0    666.666666   0.0

%END
