%HEADER

%HEADER.ANALYSIS.ALGORITHM
'clinal'
'uoal'
'dcm'

%HEADER.ANALYSIS.DISPLACEMENT.CONTROL
1609	2

%HEADER.ANALYSIS.STEP.FACTOR
2.0
5.0e-6
5.0

%HEADER.ANALYSIS.TOLERANCE
1.0e-6

%HEADER.ANALYSIS.MAXIMUM.STEPS
200
2000

%HEADER.ANALYSIS.MAXIMUM.ITERATIONS
25
100

%HEADER.ANALYSIS.TARGET.ITERATIONS
3
4

%NODE
1610

%NODE.COORD
1610
1     0.000000e+00  0.000000e+00  0.000000e+00
2     5.000000e-04  0.000000e+00  0.000000e+00
3     1.000000e-03  0.000000e+00  0.000000e+00
4     1.000000e-03  3.750000e-04  0.000000e+00
5     1.000000e-03  7.500000e-04  0.000000e+00
6     5.000000e-04  7.500000e-04  0.000000e+00
7     0.000000e+00  7.500000e-04  0.000000e+00
8     0.000000e+00  3.750000e-04  0.000000e+00
9     1.500000e-03  0.000000e+00  0.000000e+00
10    2.000000e-03  0.000000e+00  0.000000e+00
11    2.000000e-03  3.750000e-04  0.000000e+00
12    2.000000e-03  7.500000e-04  0.000000e+00
13    1.500000e-03  7.500000e-04  0.000000e+00
14    2.500000e-03  0.000000e+00  0.000000e+00
15    3.000000e-03  0.000000e+00  0.000000e+00
16    3.000000e-03  3.750000e-04  0.000000e+00
17    3.000000e-03  7.500000e-04  0.000000e+00
18    2.500000e-03  7.500000e-04  0.000000e+00
19    3.500000e-03  0.000000e+00  0.000000e+00
20    4.000000e-03  0.000000e+00  0.000000e+00
21    4.000000e-03  3.750000e-04  0.000000e+00
22    4.000000e-03  7.500000e-04  0.000000e+00
23    3.500000e-03  7.500000e-04  0.000000e+00
24    4.500000e-03  0.000000e+00  0.000000e+00
25    5.000000e-03  0.000000e+00  0.000000e+00
26    5.000000e-03  3.750000e-04  0.000000e+00
27    5.000000e-03  7.500000e-04  0.000000e+00
28    4.500000e-03  7.500000e-04  0.000000e+00
29    5.500000e-03  0.000000e+00  0.000000e+00
30    6.000000e-03  0.000000e+00  0.000000e+00
31    6.000000e-03  3.750000e-04  0.000000e+00
32    6.000000e-03  7.500000e-04  0.000000e+00
33    5.500000e-03  7.500000e-04  0.000000e+00
34    6.500000e-03  0.000000e+00  0.000000e+00
35    7.000000e-03  0.000000e+00  0.000000e+00
36    7.000000e-03  3.750000e-04  0.000000e+00
37    7.000000e-03  7.500000e-04  0.000000e+00
38    6.500000e-03  7.500000e-04  0.000000e+00
39    7.500000e-03  0.000000e+00  0.000000e+00
40    8.000000e-03  0.000000e+00  0.000000e+00
41    8.000000e-03  3.750000e-04  0.000000e+00
42    8.000000e-03  7.500000e-04  0.000000e+00
43    7.500000e-03  7.500000e-04  0.000000e+00
44    8.500000e-03  0.000000e+00  0.000000e+00
45    9.000000e-03  0.000000e+00  0.000000e+00
46    9.000000e-03  3.750000e-04  0.000000e+00
47    9.000000e-03  7.500000e-04  0.000000e+00
48    8.500000e-03  7.500000e-04  0.000000e+00
49    9.500000e-03  0.000000e+00  0.000000e+00
50    1.000000e-02  0.000000e+00  0.000000e+00
51    1.000000e-02  3.750000e-04  0.000000e+00
52    1.000000e-02  7.500000e-04  0.000000e+00
53    9.500000e-03  7.500000e-04  0.000000e+00
54    1.050000e-02  0.000000e+00  0.000000e+00
55    1.100000e-02  0.000000e+00  0.000000e+00
56    1.100000e-02  3.750000e-04  0.000000e+00
57    1.100000e-02  7.500000e-04  0.000000e+00
58    1.050000e-02  7.500000e-04  0.000000e+00
59    1.150000e-02  0.000000e+00  0.000000e+00
60    1.200000e-02  0.000000e+00  0.000000e+00
61    1.200000e-02  3.750000e-04  0.000000e+00
62    1.200000e-02  7.500000e-04  0.000000e+00
63    1.150000e-02  7.500000e-04  0.000000e+00
64    1.250000e-02  0.000000e+00  0.000000e+00
65    1.300000e-02  0.000000e+00  0.000000e+00
66    1.300000e-02  3.750000e-04  0.000000e+00
67    1.300000e-02  7.500000e-04  0.000000e+00
68    1.250000e-02  7.500000e-04  0.000000e+00
69    1.350000e-02  0.000000e+00  0.000000e+00
70    1.400000e-02  0.000000e+00  0.000000e+00
71    1.400000e-02  3.750000e-04  0.000000e+00
72    1.400000e-02  7.500000e-04  0.000000e+00
73    1.350000e-02  7.500000e-04  0.000000e+00
74    1.450000e-02  0.000000e+00  0.000000e+00
75    1.500000e-02  0.000000e+00  0.000000e+00
76    1.500000e-02  3.750000e-04  0.000000e+00
77    1.500000e-02  7.500000e-04  0.000000e+00
78    1.450000e-02  7.500000e-04  0.000000e+00
79    1.550000e-02  0.000000e+00  0.000000e+00
80    1.600000e-02  0.000000e+00  0.000000e+00
81    1.600000e-02  3.750000e-04  0.000000e+00
82    1.600000e-02  7.500000e-04  0.000000e+00
83    1.550000e-02  7.500000e-04  0.000000e+00
84    1.650000e-02  0.000000e+00  0.000000e+00
85    1.700000e-02  0.000000e+00  0.000000e+00
86    1.700000e-02  3.750000e-04  0.000000e+00
87    1.700000e-02  7.500000e-04  0.000000e+00
88    1.650000e-02  7.500000e-04  0.000000e+00
89    1.750000e-02  0.000000e+00  0.000000e+00
90    1.800000e-02  0.000000e+00  0.000000e+00
91    1.800000e-02  3.750000e-04  0.000000e+00
92    1.800000e-02  7.500000e-04  0.000000e+00
93    1.750000e-02  7.500000e-04  0.000000e+00
94    1.850000e-02  0.000000e+00  0.000000e+00
95    1.900000e-02  0.000000e+00  0.000000e+00
96    1.900000e-02  3.750000e-04  0.000000e+00
97    1.900000e-02  7.500000e-04  0.000000e+00
98    1.850000e-02  7.500000e-04  0.000000e+00
99    1.950000e-02  0.000000e+00  0.000000e+00
100   2.000000e-02  0.000000e+00  0.000000e+00
101   2.000000e-02  3.750000e-04  0.000000e+00
102   2.000000e-02  7.500000e-04  0.000000e+00
103   1.950000e-02  7.500000e-04  0.000000e+00
104   2.050000e-02  0.000000e+00  0.000000e+00
105   2.100000e-02  0.000000e+00  0.000000e+00
106   2.100000e-02  3.750000e-04  0.000000e+00
107   2.100000e-02  7.500000e-04  0.000000e+00
108   2.050000e-02  7.500000e-04  0.000000e+00
109   2.150000e-02  0.000000e+00  0.000000e+00
110   2.200000e-02  0.000000e+00  0.000000e+00
111   2.200000e-02  3.750000e-04  0.000000e+00
112   2.200000e-02  7.500000e-04  0.000000e+00
113   2.150000e-02  7.500000e-04  0.000000e+00
114   2.250000e-02  0.000000e+00  0.000000e+00
115   2.300000e-02  0.000000e+00  0.000000e+00
116   2.300000e-02  3.750000e-04  0.000000e+00
117   2.300000e-02  7.500000e-04  0.000000e+00
118   2.250000e-02  7.500000e-04  0.000000e+00
119   2.350000e-02  0.000000e+00  0.000000e+00
120   2.400000e-02  0.000000e+00  0.000000e+00
121   2.400000e-02  3.750000e-04  0.000000e+00
122   2.400000e-02  7.500000e-04  0.000000e+00
123   2.350000e-02  7.500000e-04  0.000000e+00
124   2.450000e-02  0.000000e+00  0.000000e+00
125   2.500000e-02  0.000000e+00  0.000000e+00
126   2.500000e-02  3.750000e-04  0.000000e+00
127   2.500000e-02  7.500000e-04  0.000000e+00
128   2.450000e-02  7.500000e-04  0.000000e+00
129   2.550000e-02  0.000000e+00  0.000000e+00
130   2.600000e-02  0.000000e+00  0.000000e+00
131   2.600000e-02  3.750000e-04  0.000000e+00
132   2.600000e-02  7.500000e-04  0.000000e+00
133   2.550000e-02  7.500000e-04  0.000000e+00
134   2.650000e-02  0.000000e+00  0.000000e+00
135   2.700000e-02  0.000000e+00  0.000000e+00
136   2.700000e-02  3.750000e-04  0.000000e+00
137   2.700000e-02  7.500000e-04  0.000000e+00
138   2.650000e-02  7.500000e-04  0.000000e+00
139   2.750000e-02  0.000000e+00  0.000000e+00
140   2.800000e-02  0.000000e+00  0.000000e+00
141   2.800000e-02  3.750000e-04  0.000000e+00
142   2.800000e-02  7.500000e-04  0.000000e+00
143   2.750000e-02  7.500000e-04  0.000000e+00
144   2.850000e-02  0.000000e+00  0.000000e+00
145   2.900000e-02  0.000000e+00  0.000000e+00
146   2.900000e-02  3.750000e-04  0.000000e+00
147   2.900000e-02  7.500000e-04  0.000000e+00
148   2.850000e-02  7.500000e-04  0.000000e+00
149   2.950000e-02  0.000000e+00  0.000000e+00
150   3.000000e-02  0.000000e+00  0.000000e+00
151   3.000000e-02  3.750000e-04  0.000000e+00
152   3.000000e-02  7.500000e-04  0.000000e+00
153   2.950000e-02  7.500000e-04  0.000000e+00
154   3.050000e-02  0.000000e+00  0.000000e+00
155   3.100000e-02  0.000000e+00  0.000000e+00
156   3.100000e-02  3.750000e-04  0.000000e+00
157   3.100000e-02  7.500000e-04  0.000000e+00
158   3.050000e-02  7.500000e-04  0.000000e+00
159   3.150000e-02  0.000000e+00  0.000000e+00
160   3.200000e-02  0.000000e+00  0.000000e+00
161   3.200000e-02  3.750000e-04  0.000000e+00
162   3.200000e-02  7.500000e-04  0.000000e+00
163   3.150000e-02  7.500000e-04  0.000000e+00
164   3.250000e-02  0.000000e+00  0.000000e+00
165   3.300000e-02  0.000000e+00  0.000000e+00
166   3.300000e-02  3.750000e-04  0.000000e+00
167   3.300000e-02  7.500000e-04  0.000000e+00
168   3.250000e-02  7.500000e-04  0.000000e+00
169   3.350000e-02  0.000000e+00  0.000000e+00
170   3.400000e-02  0.000000e+00  0.000000e+00
171   3.400000e-02  3.750000e-04  0.000000e+00
172   3.400000e-02  7.500000e-04  0.000000e+00
173   3.350000e-02  7.500000e-04  0.000000e+00
174   3.450000e-02  0.000000e+00  0.000000e+00
175   3.500000e-02  0.000000e+00  0.000000e+00
176   3.500000e-02  3.750000e-04  0.000000e+00
177   3.500000e-02  7.500000e-04  0.000000e+00
178   3.450000e-02  7.500000e-04  0.000000e+00
179   3.550000e-02  0.000000e+00  0.000000e+00
180   3.600000e-02  0.000000e+00  0.000000e+00
181   3.600000e-02  3.750000e-04  0.000000e+00
182   3.600000e-02  7.500000e-04  0.000000e+00
183   3.550000e-02  7.500000e-04  0.000000e+00
184   3.650000e-02  0.000000e+00  0.000000e+00
185   3.700000e-02  0.000000e+00  0.000000e+00
186   3.700000e-02  3.750000e-04  0.000000e+00
187   3.700000e-02  7.500000e-04  0.000000e+00
188   3.650000e-02  7.500000e-04  0.000000e+00
189   3.750000e-02  0.000000e+00  0.000000e+00
190   3.800000e-02  0.000000e+00  0.000000e+00
191   3.800000e-02  3.750000e-04  0.000000e+00
192   3.800000e-02  7.500000e-04  0.000000e+00
193   3.750000e-02  7.500000e-04  0.000000e+00
194   3.850000e-02  0.000000e+00  0.000000e+00
195   3.900000e-02  0.000000e+00  0.000000e+00
196   3.900000e-02  3.750000e-04  0.000000e+00
197   3.900000e-02  7.500000e-04  0.000000e+00
198   3.850000e-02  7.500000e-04  0.000000e+00
199   3.950000e-02  0.000000e+00  0.000000e+00
200   4.000000e-02  0.000000e+00  0.000000e+00
201   4.000000e-02  3.750000e-04  0.000000e+00
202   4.000000e-02  7.500000e-04  0.000000e+00
203   3.950000e-02  7.500000e-04  0.000000e+00
204   4.050000e-02  0.000000e+00  0.000000e+00
205   4.100000e-02  0.000000e+00  0.000000e+00
206   4.100000e-02  3.750000e-04  0.000000e+00
207   4.100000e-02  7.500000e-04  0.000000e+00
208   4.050000e-02  7.500000e-04  0.000000e+00
209   4.150000e-02  0.000000e+00  0.000000e+00
210   4.200000e-02  0.000000e+00  0.000000e+00
211   4.200000e-02  3.750000e-04  0.000000e+00
212   4.200000e-02  7.500000e-04  0.000000e+00
213   4.150000e-02  7.500000e-04  0.000000e+00
214   4.250000e-02  0.000000e+00  0.000000e+00
215   4.300000e-02  0.000000e+00  0.000000e+00
216   4.300000e-02  3.750000e-04  0.000000e+00
217   4.300000e-02  7.500000e-04  0.000000e+00
218   4.250000e-02  7.500000e-04  0.000000e+00
219   4.350000e-02  0.000000e+00  0.000000e+00
220   4.400000e-02  0.000000e+00  0.000000e+00
221   4.400000e-02  3.750000e-04  0.000000e+00
222   4.400000e-02  7.500000e-04  0.000000e+00
223   4.350000e-02  7.500000e-04  0.000000e+00
224   4.450000e-02  0.000000e+00  0.000000e+00
225   4.500000e-02  0.000000e+00  0.000000e+00
226   4.500000e-02  3.750000e-04  0.000000e+00
227   4.500000e-02  7.500000e-04  0.000000e+00
228   4.450000e-02  7.500000e-04  0.000000e+00
229   4.550000e-02  0.000000e+00  0.000000e+00
230   4.600000e-02  0.000000e+00  0.000000e+00
231   4.600000e-02  3.750000e-04  0.000000e+00
232   4.600000e-02  7.500000e-04  0.000000e+00
233   4.550000e-02  7.500000e-04  0.000000e+00
234   4.650000e-02  0.000000e+00  0.000000e+00
235   4.700000e-02  0.000000e+00  0.000000e+00
236   4.700000e-02  3.750000e-04  0.000000e+00
237   4.700000e-02  7.500000e-04  0.000000e+00
238   4.650000e-02  7.500000e-04  0.000000e+00
239   4.750000e-02  0.000000e+00  0.000000e+00
240   4.800000e-02  0.000000e+00  0.000000e+00
241   4.800000e-02  3.750000e-04  0.000000e+00
242   4.800000e-02  7.500000e-04  0.000000e+00
243   4.750000e-02  7.500000e-04  0.000000e+00
244   4.850000e-02  0.000000e+00  0.000000e+00
245   4.900000e-02  0.000000e+00  0.000000e+00
246   4.900000e-02  3.750000e-04  0.000000e+00
247   4.900000e-02  7.500000e-04  0.000000e+00
248   4.850000e-02  7.500000e-04  0.000000e+00
249   4.950000e-02  0.000000e+00  0.000000e+00
250   5.000000e-02  0.000000e+00  0.000000e+00
251   5.000000e-02  3.750000e-04  0.000000e+00
252   5.000000e-02  7.500000e-04  0.000000e+00
253   4.950000e-02  7.500000e-04  0.000000e+00
254   5.050000e-02  0.000000e+00  0.000000e+00
255   5.100000e-02  0.000000e+00  0.000000e+00
256   5.100000e-02  3.750000e-04  0.000000e+00
257   5.100000e-02  7.500000e-04  0.000000e+00
258   5.050000e-02  7.500000e-04  0.000000e+00
259   5.150000e-02  0.000000e+00  0.000000e+00
260   5.200000e-02  0.000000e+00  0.000000e+00
261   5.200000e-02  3.750000e-04  0.000000e+00
262   5.200000e-02  7.500000e-04  0.000000e+00
263   5.150000e-02  7.500000e-04  0.000000e+00
264   5.250000e-02  0.000000e+00  0.000000e+00
265   5.300000e-02  0.000000e+00  0.000000e+00
266   5.300000e-02  3.750000e-04  0.000000e+00
267   5.300000e-02  7.500000e-04  0.000000e+00
268   5.250000e-02  7.500000e-04  0.000000e+00
269   5.350000e-02  0.000000e+00  0.000000e+00
270   5.400000e-02  0.000000e+00  0.000000e+00
271   5.400000e-02  3.750000e-04  0.000000e+00
272   5.400000e-02  7.500000e-04  0.000000e+00
273   5.350000e-02  7.500000e-04  0.000000e+00
274   5.450000e-02  0.000000e+00  0.000000e+00
275   5.500000e-02  0.000000e+00  0.000000e+00
276   5.500000e-02  3.750000e-04  0.000000e+00
277   5.500000e-02  7.500000e-04  0.000000e+00
278   5.450000e-02  7.500000e-04  0.000000e+00
279   5.550000e-02  0.000000e+00  0.000000e+00
280   5.600000e-02  0.000000e+00  0.000000e+00
281   5.600000e-02  3.750000e-04  0.000000e+00
282   5.600000e-02  7.500000e-04  0.000000e+00
283   5.550000e-02  7.500000e-04  0.000000e+00
284   5.650000e-02  0.000000e+00  0.000000e+00
285   5.700000e-02  0.000000e+00  0.000000e+00
286   5.700000e-02  3.750000e-04  0.000000e+00
287   5.700000e-02  7.500000e-04  0.000000e+00
288   5.650000e-02  7.500000e-04  0.000000e+00
289   5.750000e-02  0.000000e+00  0.000000e+00
290   5.800000e-02  0.000000e+00  0.000000e+00
291   5.800000e-02  3.750000e-04  0.000000e+00
292   5.800000e-02  7.500000e-04  0.000000e+00
293   5.750000e-02  7.500000e-04  0.000000e+00
294   5.850000e-02  0.000000e+00  0.000000e+00
295   5.900000e-02  0.000000e+00  0.000000e+00
296   5.900000e-02  3.750000e-04  0.000000e+00
297   5.900000e-02  7.500000e-04  0.000000e+00
298   5.850000e-02  7.500000e-04  0.000000e+00
299   5.950000e-02  0.000000e+00  0.000000e+00
300   6.000000e-02  0.000000e+00  0.000000e+00
301   6.000000e-02  3.750000e-04  0.000000e+00
302   6.000000e-02  7.500000e-04  0.000000e+00
303   5.950000e-02  7.500000e-04  0.000000e+00
304   6.050000e-02  0.000000e+00  0.000000e+00
305   6.100000e-02  0.000000e+00  0.000000e+00
306   6.100000e-02  3.750000e-04  0.000000e+00
307   6.100000e-02  7.500000e-04  0.000000e+00
308   6.050000e-02  7.500000e-04  0.000000e+00
309   6.150000e-02  0.000000e+00  0.000000e+00
310   6.200000e-02  0.000000e+00  0.000000e+00
311   6.200000e-02  3.750000e-04  0.000000e+00
312   6.200000e-02  7.500000e-04  0.000000e+00
313   6.150000e-02  7.500000e-04  0.000000e+00
314   6.250000e-02  0.000000e+00  0.000000e+00
315   6.300000e-02  0.000000e+00  0.000000e+00
316   6.300000e-02  3.750000e-04  0.000000e+00
317   6.300000e-02  7.500000e-04  0.000000e+00
318   6.250000e-02  7.500000e-04  0.000000e+00
319   6.350000e-02  0.000000e+00  0.000000e+00
320   6.400000e-02  0.000000e+00  0.000000e+00
321   6.400000e-02  3.750000e-04  0.000000e+00
322   6.400000e-02  7.500000e-04  0.000000e+00
323   6.350000e-02  7.500000e-04  0.000000e+00
324   6.450000e-02  0.000000e+00  0.000000e+00
325   6.500000e-02  0.000000e+00  0.000000e+00
326   6.500000e-02  3.750000e-04  0.000000e+00
327   6.500000e-02  7.500000e-04  0.000000e+00
328   6.450000e-02  7.500000e-04  0.000000e+00
329   6.550000e-02  0.000000e+00  0.000000e+00
330   6.600000e-02  0.000000e+00  0.000000e+00
331   6.600000e-02  3.750000e-04  0.000000e+00
332   6.600000e-02  7.500000e-04  0.000000e+00
333   6.550000e-02  7.500000e-04  0.000000e+00
334   6.650000e-02  0.000000e+00  0.000000e+00
335   6.700000e-02  0.000000e+00  0.000000e+00
336   6.700000e-02  3.750000e-04  0.000000e+00
337   6.700000e-02  7.500000e-04  0.000000e+00
338   6.650000e-02  7.500000e-04  0.000000e+00
339   6.750000e-02  0.000000e+00  0.000000e+00
340   6.800000e-02  0.000000e+00  0.000000e+00
341   6.800000e-02  3.750000e-04  0.000000e+00
342   6.800000e-02  7.500000e-04  0.000000e+00
343   6.750000e-02  7.500000e-04  0.000000e+00
344   6.850000e-02  0.000000e+00  0.000000e+00
345   6.900000e-02  0.000000e+00  0.000000e+00
346   6.900000e-02  3.750000e-04  0.000000e+00
347   6.900000e-02  7.500000e-04  0.000000e+00
348   6.850000e-02  7.500000e-04  0.000000e+00
349   6.950000e-02  0.000000e+00  0.000000e+00
350   7.000000e-02  0.000000e+00  0.000000e+00
351   7.000000e-02  3.750000e-04  0.000000e+00
352   7.000000e-02  7.500000e-04  0.000000e+00
353   6.950000e-02  7.500000e-04  0.000000e+00
354   7.050000e-02  0.000000e+00  0.000000e+00
355   7.100000e-02  0.000000e+00  0.000000e+00
356   7.100000e-02  3.750000e-04  0.000000e+00
357   7.100000e-02  7.500000e-04  0.000000e+00
358   7.050000e-02  7.500000e-04  0.000000e+00
359   7.150000e-02  0.000000e+00  0.000000e+00
360   7.200000e-02  0.000000e+00  0.000000e+00
361   7.200000e-02  3.750000e-04  0.000000e+00
362   7.200000e-02  7.500000e-04  0.000000e+00
363   7.150000e-02  7.500000e-04  0.000000e+00
364   7.250000e-02  0.000000e+00  0.000000e+00
365   7.300000e-02  0.000000e+00  0.000000e+00
366   7.300000e-02  3.750000e-04  0.000000e+00
367   7.300000e-02  7.500000e-04  0.000000e+00
368   7.250000e-02  7.500000e-04  0.000000e+00
369   7.350000e-02  0.000000e+00  0.000000e+00
370   7.400000e-02  0.000000e+00  0.000000e+00
371   7.400000e-02  3.750000e-04  0.000000e+00
372   7.400000e-02  7.500000e-04  0.000000e+00
373   7.350000e-02  7.500000e-04  0.000000e+00
374   7.450000e-02  0.000000e+00  0.000000e+00
375   7.500000e-02  0.000000e+00  0.000000e+00
376   7.500000e-02  3.750000e-04  0.000000e+00
377   7.500000e-02  7.500000e-04  0.000000e+00
378   7.450000e-02  7.500000e-04  0.000000e+00
379   7.550000e-02  0.000000e+00  0.000000e+00
380   7.600000e-02  0.000000e+00  0.000000e+00
381   7.600000e-02  3.750000e-04  0.000000e+00
382   7.600000e-02  7.500000e-04  0.000000e+00
383   7.550000e-02  7.500000e-04  0.000000e+00
384   7.650000e-02  0.000000e+00  0.000000e+00
385   7.700000e-02  0.000000e+00  0.000000e+00
386   7.700000e-02  3.750000e-04  0.000000e+00
387   7.700000e-02  7.500000e-04  0.000000e+00
388   7.650000e-02  7.500000e-04  0.000000e+00
389   7.750000e-02  0.000000e+00  0.000000e+00
390   7.800000e-02  0.000000e+00  0.000000e+00
391   7.800000e-02  3.750000e-04  0.000000e+00
392   7.800000e-02  7.500000e-04  0.000000e+00
393   7.750000e-02  7.500000e-04  0.000000e+00
394   7.850000e-02  0.000000e+00  0.000000e+00
395   7.900000e-02  0.000000e+00  0.000000e+00
396   7.900000e-02  3.750000e-04  0.000000e+00
397   7.900000e-02  7.500000e-04  0.000000e+00
398   7.850000e-02  7.500000e-04  0.000000e+00
399   7.950000e-02  0.000000e+00  0.000000e+00
400   8.000000e-02  0.000000e+00  0.000000e+00
401   8.000000e-02  3.750000e-04  0.000000e+00
402   8.000000e-02  7.500000e-04  0.000000e+00
403   7.950000e-02  7.500000e-04  0.000000e+00
404   8.050000e-02  0.000000e+00  0.000000e+00
405   8.100000e-02  0.000000e+00  0.000000e+00
406   8.100000e-02  3.750000e-04  0.000000e+00
407   8.100000e-02  7.500000e-04  0.000000e+00
408   8.050000e-02  7.500000e-04  0.000000e+00
409   8.150000e-02  0.000000e+00  0.000000e+00
410   8.200000e-02  0.000000e+00  0.000000e+00
411   8.200000e-02  3.750000e-04  0.000000e+00
412   8.200000e-02  7.500000e-04  0.000000e+00
413   8.150000e-02  7.500000e-04  0.000000e+00
414   8.250000e-02  0.000000e+00  0.000000e+00
415   8.300000e-02  0.000000e+00  0.000000e+00
416   8.300000e-02  3.750000e-04  0.000000e+00
417   8.300000e-02  7.500000e-04  0.000000e+00
418   8.250000e-02  7.500000e-04  0.000000e+00
419   8.350000e-02  0.000000e+00  0.000000e+00
420   8.400000e-02  0.000000e+00  0.000000e+00
421   8.400000e-02  3.750000e-04  0.000000e+00
422   8.400000e-02  7.500000e-04  0.000000e+00
423   8.350000e-02  7.500000e-04  0.000000e+00
424   8.450000e-02  0.000000e+00  0.000000e+00
425   8.500000e-02  0.000000e+00  0.000000e+00
426   8.500000e-02  3.750000e-04  0.000000e+00
427   8.500000e-02  7.500000e-04  0.000000e+00
428   8.450000e-02  7.500000e-04  0.000000e+00
429   8.550000e-02  0.000000e+00  0.000000e+00
430   8.600000e-02  0.000000e+00  0.000000e+00
431   8.600000e-02  3.750000e-04  0.000000e+00
432   8.600000e-02  7.500000e-04  0.000000e+00
433   8.550000e-02  7.500000e-04  0.000000e+00
434   8.650000e-02  0.000000e+00  0.000000e+00
435   8.700000e-02  0.000000e+00  0.000000e+00
436   8.700000e-02  3.750000e-04  0.000000e+00
437   8.700000e-02  7.500000e-04  0.000000e+00
438   8.650000e-02  7.500000e-04  0.000000e+00
439   8.750000e-02  0.000000e+00  0.000000e+00
440   8.800000e-02  0.000000e+00  0.000000e+00
441   8.800000e-02  3.750000e-04  0.000000e+00
442   8.800000e-02  7.500000e-04  0.000000e+00
443   8.750000e-02  7.500000e-04  0.000000e+00
444   8.850000e-02  0.000000e+00  0.000000e+00
445   8.900000e-02  0.000000e+00  0.000000e+00
446   8.900000e-02  3.750000e-04  0.000000e+00
447   8.900000e-02  7.500000e-04  0.000000e+00
448   8.850000e-02  7.500000e-04  0.000000e+00
449   8.950000e-02  0.000000e+00  0.000000e+00
450   9.000000e-02  0.000000e+00  0.000000e+00
451   9.000000e-02  3.750000e-04  0.000000e+00
452   9.000000e-02  7.500000e-04  0.000000e+00
453   8.950000e-02  7.500000e-04  0.000000e+00
454   9.050000e-02  0.000000e+00  0.000000e+00
455   9.100000e-02  0.000000e+00  0.000000e+00
456   9.100000e-02  3.750000e-04  0.000000e+00
457   9.100000e-02  7.500000e-04  0.000000e+00
458   9.050000e-02  7.500000e-04  0.000000e+00
459   9.150000e-02  0.000000e+00  0.000000e+00
460   9.200000e-02  0.000000e+00  0.000000e+00
461   9.200000e-02  3.750000e-04  0.000000e+00
462   9.200000e-02  7.500000e-04  0.000000e+00
463   9.150000e-02  7.500000e-04  0.000000e+00
464   9.250000e-02  0.000000e+00  0.000000e+00
465   9.300000e-02  0.000000e+00  0.000000e+00
466   9.300000e-02  3.750000e-04  0.000000e+00
467   9.300000e-02  7.500000e-04  0.000000e+00
468   9.250000e-02  7.500000e-04  0.000000e+00
469   9.350000e-02  0.000000e+00  0.000000e+00
470   9.400000e-02  0.000000e+00  0.000000e+00
471   9.400000e-02  3.750000e-04  0.000000e+00
472   9.400000e-02  7.500000e-04  0.000000e+00
473   9.350000e-02  7.500000e-04  0.000000e+00
474   9.450000e-02  0.000000e+00  0.000000e+00
475   9.500000e-02  0.000000e+00  0.000000e+00
476   9.500000e-02  3.750000e-04  0.000000e+00
477   9.500000e-02  7.500000e-04  0.000000e+00
478   9.450000e-02  7.500000e-04  0.000000e+00
479   9.550000e-02  0.000000e+00  0.000000e+00
480   9.600000e-02  0.000000e+00  0.000000e+00
481   9.600000e-02  3.750000e-04  0.000000e+00
482   9.600000e-02  7.500000e-04  0.000000e+00
483   9.550000e-02  7.500000e-04  0.000000e+00
484   9.650000e-02  0.000000e+00  0.000000e+00
485   9.700000e-02  0.000000e+00  0.000000e+00
486   9.700000e-02  3.750000e-04  0.000000e+00
487   9.700000e-02  7.500000e-04  0.000000e+00
488   9.650000e-02  7.500000e-04  0.000000e+00
489   9.750000e-02  0.000000e+00  0.000000e+00
490   9.800000e-02  0.000000e+00  0.000000e+00
491   9.800000e-02  3.750000e-04  0.000000e+00
492   9.800000e-02  7.500000e-04  0.000000e+00
493   9.750000e-02  7.500000e-04  0.000000e+00
494   9.850000e-02  0.000000e+00  0.000000e+00
495   9.900000e-02  0.000000e+00  0.000000e+00
496   9.900000e-02  3.750000e-04  0.000000e+00
497   9.900000e-02  7.500000e-04  0.000000e+00
498   9.850000e-02  7.500000e-04  0.000000e+00
499   9.950000e-02  0.000000e+00  0.000000e+00
500   1.000000e-01  0.000000e+00  0.000000e+00
501   1.000000e-01  3.750000e-04  0.000000e+00
502   1.000000e-01  7.500000e-04  0.000000e+00
503   9.950000e-02  7.500000e-04  0.000000e+00
504   1.000000e-03  1.125000e-03  0.000000e+00
505   1.000000e-03  1.500000e-03  0.000000e+00
506   5.000000e-04  1.500000e-03  0.000000e+00
507   0.000000e+00  1.500000e-03  0.000000e+00
508   0.000000e+00  1.125000e-03  0.000000e+00
509   2.000000e-03  1.125000e-03  0.000000e+00
510   2.000000e-03  1.500000e-03  0.000000e+00
511   1.500000e-03  1.500000e-03  0.000000e+00
512   3.000000e-03  1.125000e-03  0.000000e+00
513   3.000000e-03  1.500000e-03  0.000000e+00
514   2.500000e-03  1.500000e-03  0.000000e+00
515   4.000000e-03  1.125000e-03  0.000000e+00
516   4.000000e-03  1.500000e-03  0.000000e+00
517   3.500000e-03  1.500000e-03  0.000000e+00
518   5.000000e-03  1.125000e-03  0.000000e+00
519   5.000000e-03  1.500000e-03  0.000000e+00
520   4.500000e-03  1.500000e-03  0.000000e+00
521   6.000000e-03  1.125000e-03  0.000000e+00
522   6.000000e-03  1.500000e-03  0.000000e+00
523   5.500000e-03  1.500000e-03  0.000000e+00
524   7.000000e-03  1.125000e-03  0.000000e+00
525   7.000000e-03  1.500000e-03  0.000000e+00
526   6.500000e-03  1.500000e-03  0.000000e+00
527   8.000000e-03  1.125000e-03  0.000000e+00
528   8.000000e-03  1.500000e-03  0.000000e+00
529   7.500000e-03  1.500000e-03  0.000000e+00
530   9.000000e-03  1.125000e-03  0.000000e+00
531   9.000000e-03  1.500000e-03  0.000000e+00
532   8.500000e-03  1.500000e-03  0.000000e+00
533   1.000000e-02  1.125000e-03  0.000000e+00
534   1.000000e-02  1.500000e-03  0.000000e+00
535   9.500000e-03  1.500000e-03  0.000000e+00
536   1.100000e-02  1.125000e-03  0.000000e+00
537   1.100000e-02  1.500000e-03  0.000000e+00
538   1.050000e-02  1.500000e-03  0.000000e+00
539   1.200000e-02  1.125000e-03  0.000000e+00
540   1.200000e-02  1.500000e-03  0.000000e+00
541   1.150000e-02  1.500000e-03  0.000000e+00
542   1.300000e-02  1.125000e-03  0.000000e+00
543   1.300000e-02  1.500000e-03  0.000000e+00
544   1.250000e-02  1.500000e-03  0.000000e+00
545   1.400000e-02  1.125000e-03  0.000000e+00
546   1.400000e-02  1.500000e-03  0.000000e+00
547   1.350000e-02  1.500000e-03  0.000000e+00
548   1.500000e-02  1.125000e-03  0.000000e+00
549   1.500000e-02  1.500000e-03  0.000000e+00
550   1.450000e-02  1.500000e-03  0.000000e+00
551   1.600000e-02  1.125000e-03  0.000000e+00
552   1.600000e-02  1.500000e-03  0.000000e+00
553   1.550000e-02  1.500000e-03  0.000000e+00
554   1.700000e-02  1.125000e-03  0.000000e+00
555   1.700000e-02  1.500000e-03  0.000000e+00
556   1.650000e-02  1.500000e-03  0.000000e+00
557   1.800000e-02  1.125000e-03  0.000000e+00
558   1.800000e-02  1.500000e-03  0.000000e+00
559   1.750000e-02  1.500000e-03  0.000000e+00
560   1.900000e-02  1.125000e-03  0.000000e+00
561   1.900000e-02  1.500000e-03  0.000000e+00
562   1.850000e-02  1.500000e-03  0.000000e+00
563   2.000000e-02  1.125000e-03  0.000000e+00
564   2.000000e-02  1.500000e-03  0.000000e+00
565   1.950000e-02  1.500000e-03  0.000000e+00
566   2.100000e-02  1.125000e-03  0.000000e+00
567   2.100000e-02  1.500000e-03  0.000000e+00
568   2.050000e-02  1.500000e-03  0.000000e+00
569   2.200000e-02  1.125000e-03  0.000000e+00
570   2.200000e-02  1.500000e-03  0.000000e+00
571   2.150000e-02  1.500000e-03  0.000000e+00
572   2.300000e-02  1.125000e-03  0.000000e+00
573   2.300000e-02  1.500000e-03  0.000000e+00
574   2.250000e-02  1.500000e-03  0.000000e+00
575   2.400000e-02  1.125000e-03  0.000000e+00
576   2.400000e-02  1.500000e-03  0.000000e+00
577   2.350000e-02  1.500000e-03  0.000000e+00
578   2.500000e-02  1.125000e-03  0.000000e+00
579   2.500000e-02  1.500000e-03  0.000000e+00
580   2.450000e-02  1.500000e-03  0.000000e+00
581   2.600000e-02  1.125000e-03  0.000000e+00
582   2.600000e-02  1.500000e-03  0.000000e+00
583   2.550000e-02  1.500000e-03  0.000000e+00
584   2.700000e-02  1.125000e-03  0.000000e+00
585   2.700000e-02  1.500000e-03  0.000000e+00
586   2.650000e-02  1.500000e-03  0.000000e+00
587   2.800000e-02  1.125000e-03  0.000000e+00
588   2.800000e-02  1.500000e-03  0.000000e+00
589   2.750000e-02  1.500000e-03  0.000000e+00
590   2.900000e-02  1.125000e-03  0.000000e+00
591   2.900000e-02  1.500000e-03  0.000000e+00
592   2.850000e-02  1.500000e-03  0.000000e+00
593   3.000000e-02  1.125000e-03  0.000000e+00
594   3.000000e-02  1.500000e-03  0.000000e+00
595   2.950000e-02  1.500000e-03  0.000000e+00
596   3.100000e-02  1.125000e-03  0.000000e+00
597   3.100000e-02  1.500000e-03  0.000000e+00
598   3.050000e-02  1.500000e-03  0.000000e+00
599   3.200000e-02  1.125000e-03  0.000000e+00
600   3.200000e-02  1.500000e-03  0.000000e+00
601   3.150000e-02  1.500000e-03  0.000000e+00
602   3.300000e-02  1.125000e-03  0.000000e+00
603   3.300000e-02  1.500000e-03  0.000000e+00
604   3.250000e-02  1.500000e-03  0.000000e+00
605   3.400000e-02  1.125000e-03  0.000000e+00
606   3.400000e-02  1.500000e-03  0.000000e+00
607   3.350000e-02  1.500000e-03  0.000000e+00
608   3.500000e-02  1.125000e-03  0.000000e+00
609   3.500000e-02  1.500000e-03  0.000000e+00
610   3.450000e-02  1.500000e-03  0.000000e+00
611   3.600000e-02  1.125000e-03  0.000000e+00
612   3.600000e-02  1.500000e-03  0.000000e+00
613   3.550000e-02  1.500000e-03  0.000000e+00
614   3.700000e-02  1.125000e-03  0.000000e+00
615   3.700000e-02  1.500000e-03  0.000000e+00
616   3.650000e-02  1.500000e-03  0.000000e+00
617   3.800000e-02  1.125000e-03  0.000000e+00
618   3.800000e-02  1.500000e-03  0.000000e+00
619   3.750000e-02  1.500000e-03  0.000000e+00
620   3.900000e-02  1.125000e-03  0.000000e+00
621   3.900000e-02  1.500000e-03  0.000000e+00
622   3.850000e-02  1.500000e-03  0.000000e+00
623   4.000000e-02  1.125000e-03  0.000000e+00
624   4.000000e-02  1.500000e-03  0.000000e+00
625   3.950000e-02  1.500000e-03  0.000000e+00
626   4.100000e-02  1.125000e-03  0.000000e+00
627   4.100000e-02  1.500000e-03  0.000000e+00
628   4.050000e-02  1.500000e-03  0.000000e+00
629   4.200000e-02  1.125000e-03  0.000000e+00
630   4.200000e-02  1.500000e-03  0.000000e+00
631   4.150000e-02  1.500000e-03  0.000000e+00
632   4.300000e-02  1.125000e-03  0.000000e+00
633   4.300000e-02  1.500000e-03  0.000000e+00
634   4.250000e-02  1.500000e-03  0.000000e+00
635   4.400000e-02  1.125000e-03  0.000000e+00
636   4.400000e-02  1.500000e-03  0.000000e+00
637   4.350000e-02  1.500000e-03  0.000000e+00
638   4.500000e-02  1.125000e-03  0.000000e+00
639   4.500000e-02  1.500000e-03  0.000000e+00
640   4.450000e-02  1.500000e-03  0.000000e+00
641   4.600000e-02  1.125000e-03  0.000000e+00
642   4.600000e-02  1.500000e-03  0.000000e+00
643   4.550000e-02  1.500000e-03  0.000000e+00
644   4.700000e-02  1.125000e-03  0.000000e+00
645   4.700000e-02  1.500000e-03  0.000000e+00
646   4.650000e-02  1.500000e-03  0.000000e+00
647   4.800000e-02  1.125000e-03  0.000000e+00
648   4.800000e-02  1.500000e-03  0.000000e+00
649   4.750000e-02  1.500000e-03  0.000000e+00
650   4.900000e-02  1.125000e-03  0.000000e+00
651   4.900000e-02  1.500000e-03  0.000000e+00
652   4.850000e-02  1.500000e-03  0.000000e+00
653   5.000000e-02  1.125000e-03  0.000000e+00
654   5.000000e-02  1.500000e-03  0.000000e+00
655   4.950000e-02  1.500000e-03  0.000000e+00
656   5.100000e-02  1.125000e-03  0.000000e+00
657   5.100000e-02  1.500000e-03  0.000000e+00
658   5.050000e-02  1.500000e-03  0.000000e+00
659   5.200000e-02  1.125000e-03  0.000000e+00
660   5.200000e-02  1.500000e-03  0.000000e+00
661   5.150000e-02  1.500000e-03  0.000000e+00
662   5.300000e-02  1.125000e-03  0.000000e+00
663   5.300000e-02  1.500000e-03  0.000000e+00
664   5.250000e-02  1.500000e-03  0.000000e+00
665   5.400000e-02  1.125000e-03  0.000000e+00
666   5.400000e-02  1.500000e-03  0.000000e+00
667   5.350000e-02  1.500000e-03  0.000000e+00
668   5.500000e-02  1.125000e-03  0.000000e+00
669   5.500000e-02  1.500000e-03  0.000000e+00
670   5.450000e-02  1.500000e-03  0.000000e+00
671   5.600000e-02  1.125000e-03  0.000000e+00
672   5.600000e-02  1.500000e-03  0.000000e+00
673   5.550000e-02  1.500000e-03  0.000000e+00
674   5.700000e-02  1.125000e-03  0.000000e+00
675   5.700000e-02  1.500000e-03  0.000000e+00
676   5.650000e-02  1.500000e-03  0.000000e+00
677   5.800000e-02  1.125000e-03  0.000000e+00
678   5.800000e-02  1.500000e-03  0.000000e+00
679   5.750000e-02  1.500000e-03  0.000000e+00
680   5.900000e-02  1.125000e-03  0.000000e+00
681   5.900000e-02  1.500000e-03  0.000000e+00
682   5.850000e-02  1.500000e-03  0.000000e+00
683   6.000000e-02  1.125000e-03  0.000000e+00
684   6.000000e-02  1.500000e-03  0.000000e+00
685   5.950000e-02  1.500000e-03  0.000000e+00
686   6.100000e-02  1.125000e-03  0.000000e+00
687   6.100000e-02  1.500000e-03  0.000000e+00
688   6.050000e-02  1.500000e-03  0.000000e+00
689   6.200000e-02  1.125000e-03  0.000000e+00
690   6.200000e-02  1.500000e-03  0.000000e+00
691   6.150000e-02  1.500000e-03  0.000000e+00
692   6.300000e-02  1.125000e-03  0.000000e+00
693   6.300000e-02  1.500000e-03  0.000000e+00
694   6.250000e-02  1.500000e-03  0.000000e+00
695   6.400000e-02  1.125000e-03  0.000000e+00
696   6.400000e-02  1.500000e-03  0.000000e+00
697   6.350000e-02  1.500000e-03  0.000000e+00
698   6.500000e-02  1.125000e-03  0.000000e+00
699   6.500000e-02  1.500000e-03  0.000000e+00
700   6.450000e-02  1.500000e-03  0.000000e+00
701   6.600000e-02  1.125000e-03  0.000000e+00
702   6.600000e-02  1.500000e-03  0.000000e+00
703   6.550000e-02  1.500000e-03  0.000000e+00
704   6.700000e-02  1.125000e-03  0.000000e+00
705   6.700000e-02  1.500000e-03  0.000000e+00
706   6.650000e-02  1.500000e-03  0.000000e+00
707   6.800000e-02  1.125000e-03  0.000000e+00
708   6.800000e-02  1.500000e-03  0.000000e+00
709   6.750000e-02  1.500000e-03  0.000000e+00
710   6.900000e-02  1.125000e-03  0.000000e+00
711   6.900000e-02  1.500000e-03  0.000000e+00
712   6.850000e-02  1.500000e-03  0.000000e+00
713   7.000000e-02  1.125000e-03  0.000000e+00
714   7.000000e-02  1.500000e-03  0.000000e+00
715   6.950000e-02  1.500000e-03  0.000000e+00
716   7.100000e-02  1.125000e-03  0.000000e+00
717   7.100000e-02  1.500000e-03  0.000000e+00
718   7.050000e-02  1.500000e-03  0.000000e+00
719   7.200000e-02  1.125000e-03  0.000000e+00
720   7.200000e-02  1.500000e-03  0.000000e+00
721   7.150000e-02  1.500000e-03  0.000000e+00
722   7.300000e-02  1.125000e-03  0.000000e+00
723   7.300000e-02  1.500000e-03  0.000000e+00
724   7.250000e-02  1.500000e-03  0.000000e+00
725   7.400000e-02  1.125000e-03  0.000000e+00
726   7.400000e-02  1.500000e-03  0.000000e+00
727   7.350000e-02  1.500000e-03  0.000000e+00
728   7.500000e-02  1.125000e-03  0.000000e+00
729   7.500000e-02  1.500000e-03  0.000000e+00
730   7.450000e-02  1.500000e-03  0.000000e+00
731   7.600000e-02  1.125000e-03  0.000000e+00
732   7.600000e-02  1.500000e-03  0.000000e+00
733   7.550000e-02  1.500000e-03  0.000000e+00
734   7.700000e-02  1.125000e-03  0.000000e+00
735   7.700000e-02  1.500000e-03  0.000000e+00
736   7.650000e-02  1.500000e-03  0.000000e+00
737   7.800000e-02  1.125000e-03  0.000000e+00
738   7.800000e-02  1.500000e-03  0.000000e+00
739   7.750000e-02  1.500000e-03  0.000000e+00
740   7.900000e-02  1.125000e-03  0.000000e+00
741   7.900000e-02  1.500000e-03  0.000000e+00
742   7.850000e-02  1.500000e-03  0.000000e+00
743   8.000000e-02  1.125000e-03  0.000000e+00
744   8.000000e-02  1.500000e-03  0.000000e+00
745   7.950000e-02  1.500000e-03  0.000000e+00
746   8.100000e-02  1.125000e-03  0.000000e+00
747   8.100000e-02  1.500000e-03  0.000000e+00
748   8.050000e-02  1.500000e-03  0.000000e+00
749   8.200000e-02  1.125000e-03  0.000000e+00
750   8.200000e-02  1.500000e-03  0.000000e+00
751   8.150000e-02  1.500000e-03  0.000000e+00
752   8.300000e-02  1.125000e-03  0.000000e+00
753   8.300000e-02  1.500000e-03  0.000000e+00
754   8.250000e-02  1.500000e-03  0.000000e+00
755   8.400000e-02  1.125000e-03  0.000000e+00
756   8.400000e-02  1.500000e-03  0.000000e+00
757   8.350000e-02  1.500000e-03  0.000000e+00
758   8.500000e-02  1.125000e-03  0.000000e+00
759   8.500000e-02  1.500000e-03  0.000000e+00
760   8.450000e-02  1.500000e-03  0.000000e+00
761   8.600000e-02  1.125000e-03  0.000000e+00
762   8.600000e-02  1.500000e-03  0.000000e+00
763   8.550000e-02  1.500000e-03  0.000000e+00
764   8.700000e-02  1.125000e-03  0.000000e+00
765   8.700000e-02  1.500000e-03  0.000000e+00
766   8.650000e-02  1.500000e-03  0.000000e+00
767   8.800000e-02  1.125000e-03  0.000000e+00
768   8.800000e-02  1.500000e-03  0.000000e+00
769   8.750000e-02  1.500000e-03  0.000000e+00
770   8.900000e-02  1.125000e-03  0.000000e+00
771   8.900000e-02  1.500000e-03  0.000000e+00
772   8.850000e-02  1.500000e-03  0.000000e+00
773   9.000000e-02  1.125000e-03  0.000000e+00
774   9.000000e-02  1.500000e-03  0.000000e+00
775   8.950000e-02  1.500000e-03  0.000000e+00
776   9.100000e-02  1.125000e-03  0.000000e+00
777   9.100000e-02  1.500000e-03  0.000000e+00
778   9.050000e-02  1.500000e-03  0.000000e+00
779   9.200000e-02  1.125000e-03  0.000000e+00
780   9.200000e-02  1.500000e-03  0.000000e+00
781   9.150000e-02  1.500000e-03  0.000000e+00
782   9.300000e-02  1.125000e-03  0.000000e+00
783   9.300000e-02  1.500000e-03  0.000000e+00
784   9.250000e-02  1.500000e-03  0.000000e+00
785   9.400000e-02  1.125000e-03  0.000000e+00
786   9.400000e-02  1.500000e-03  0.000000e+00
787   9.350000e-02  1.500000e-03  0.000000e+00
788   9.500000e-02  1.125000e-03  0.000000e+00
789   9.500000e-02  1.500000e-03  0.000000e+00
790   9.450000e-02  1.500000e-03  0.000000e+00
791   9.600000e-02  1.125000e-03  0.000000e+00
792   9.600000e-02  1.500000e-03  0.000000e+00
793   9.550000e-02  1.500000e-03  0.000000e+00
794   9.700000e-02  1.125000e-03  0.000000e+00
795   9.700000e-02  1.500000e-03  0.000000e+00
796   9.650000e-02  1.500000e-03  0.000000e+00
797   9.800000e-02  1.125000e-03  0.000000e+00
798   9.800000e-02  1.500000e-03  0.000000e+00
799   9.750000e-02  1.500000e-03  0.000000e+00
800   9.900000e-02  1.125000e-03  0.000000e+00
801   9.900000e-02  1.500000e-03  0.000000e+00
802   9.850000e-02  1.500000e-03  0.000000e+00
803   1.000000e-01  1.125000e-03  0.000000e+00
804   1.000000e-01  1.500000e-03  0.000000e+00
805   9.950000e-02  1.500000e-03  0.000000e+00
806   0.000000e+00  1.500000e-03  0.000000e+00
807   5.000000e-04  1.500000e-03  0.000000e+00
808   1.000000e-03  1.500000e-03  0.000000e+00
809   1.500000e-03  1.500000e-03  0.000000e+00
810   2.000000e-03  1.500000e-03  0.000000e+00
811   2.500000e-03  1.500000e-03  0.000000e+00
812   3.000000e-03  1.500000e-03  0.000000e+00
813   3.500000e-03  1.500000e-03  0.000000e+00
814   4.000000e-03  1.500000e-03  0.000000e+00
815   4.500000e-03  1.500000e-03  0.000000e+00
816   5.000000e-03  1.500000e-03  0.000000e+00
817   5.500000e-03  1.500000e-03  0.000000e+00
818   6.000000e-03  1.500000e-03  0.000000e+00
819   6.500000e-03  1.500000e-03  0.000000e+00
820   7.000000e-03  1.500000e-03  0.000000e+00
821   7.500000e-03  1.500000e-03  0.000000e+00
822   8.000000e-03  1.500000e-03  0.000000e+00
823   8.500000e-03  1.500000e-03  0.000000e+00
824   9.000000e-03  1.500000e-03  0.000000e+00
825   9.500000e-03  1.500000e-03  0.000000e+00
826   1.000000e-02  1.500000e-03  0.000000e+00
827   1.050000e-02  1.500000e-03  0.000000e+00
828   1.100000e-02  1.500000e-03  0.000000e+00
829   1.150000e-02  1.500000e-03  0.000000e+00
830   1.200000e-02  1.500000e-03  0.000000e+00
831   1.250000e-02  1.500000e-03  0.000000e+00
832   1.300000e-02  1.500000e-03  0.000000e+00
833   1.350000e-02  1.500000e-03  0.000000e+00
834   1.400000e-02  1.500000e-03  0.000000e+00
835   1.450000e-02  1.500000e-03  0.000000e+00
836   1.500000e-02  1.500000e-03  0.000000e+00
837   1.550000e-02  1.500000e-03  0.000000e+00
838   1.600000e-02  1.500000e-03  0.000000e+00
839   1.650000e-02  1.500000e-03  0.000000e+00
840   1.700000e-02  1.500000e-03  0.000000e+00
841   1.750000e-02  1.500000e-03  0.000000e+00
842   1.800000e-02  1.500000e-03  0.000000e+00
843   1.850000e-02  1.500000e-03  0.000000e+00
844   1.900000e-02  1.500000e-03  0.000000e+00
845   1.950000e-02  1.500000e-03  0.000000e+00
846   2.000000e-02  1.500000e-03  0.000000e+00
847   2.050000e-02  1.500000e-03  0.000000e+00
848   2.100000e-02  1.500000e-03  0.000000e+00
849   2.150000e-02  1.500000e-03  0.000000e+00
850   2.200000e-02  1.500000e-03  0.000000e+00
851   2.250000e-02  1.500000e-03  0.000000e+00
852   2.300000e-02  1.500000e-03  0.000000e+00
853   2.350000e-02  1.500000e-03  0.000000e+00
854   2.400000e-02  1.500000e-03  0.000000e+00
855   2.450000e-02  1.500000e-03  0.000000e+00
856   2.500000e-02  1.500000e-03  0.000000e+00
857   2.550000e-02  1.500000e-03  0.000000e+00
858   2.600000e-02  1.500000e-03  0.000000e+00
859   2.650000e-02  1.500000e-03  0.000000e+00
860   2.700000e-02  1.500000e-03  0.000000e+00
861   2.750000e-02  1.500000e-03  0.000000e+00
862   2.800000e-02  1.500000e-03  0.000000e+00
863   2.850000e-02  1.500000e-03  0.000000e+00
864   2.900000e-02  1.500000e-03  0.000000e+00
865   2.950000e-02  1.500000e-03  0.000000e+00
866   3.000000e-02  1.500000e-03  0.000000e+00
867   3.050000e-02  1.500000e-03  0.000000e+00
868   3.100000e-02  1.500000e-03  0.000000e+00
869   3.150000e-02  1.500000e-03  0.000000e+00
870   3.200000e-02  1.500000e-03  0.000000e+00
871   3.250000e-02  1.500000e-03  0.000000e+00
872   3.300000e-02  1.500000e-03  0.000000e+00
873   3.350000e-02  1.500000e-03  0.000000e+00
874   3.400000e-02  1.500000e-03  0.000000e+00
875   3.450000e-02  1.500000e-03  0.000000e+00
876   3.500000e-02  1.500000e-03  0.000000e+00
877   3.550000e-02  1.500000e-03  0.000000e+00
878   3.600000e-02  1.500000e-03  0.000000e+00
879   3.650000e-02  1.500000e-03  0.000000e+00
880   3.700000e-02  1.500000e-03  0.000000e+00
881   3.750000e-02  1.500000e-03  0.000000e+00
882   3.800000e-02  1.500000e-03  0.000000e+00
883   3.850000e-02  1.500000e-03  0.000000e+00
884   3.900000e-02  1.500000e-03  0.000000e+00
885   3.950000e-02  1.500000e-03  0.000000e+00
886   4.000000e-02  1.500000e-03  0.000000e+00
887   4.050000e-02  1.500000e-03  0.000000e+00
888   4.100000e-02  1.500000e-03  0.000000e+00
889   4.150000e-02  1.500000e-03  0.000000e+00
890   4.200000e-02  1.500000e-03  0.000000e+00
891   4.250000e-02  1.500000e-03  0.000000e+00
892   4.300000e-02  1.500000e-03  0.000000e+00
893   4.350000e-02  1.500000e-03  0.000000e+00
894   4.400000e-02  1.500000e-03  0.000000e+00
895   4.450000e-02  1.500000e-03  0.000000e+00
896   4.500000e-02  1.500000e-03  0.000000e+00
897   4.550000e-02  1.500000e-03  0.000000e+00
898   4.600000e-02  1.500000e-03  0.000000e+00
899   4.650000e-02  1.500000e-03  0.000000e+00
900   4.700000e-02  1.500000e-03  0.000000e+00
901   4.750000e-02  1.500000e-03  0.000000e+00
902   4.800000e-02  1.500000e-03  0.000000e+00
903   4.850000e-02  1.500000e-03  0.000000e+00
904   4.900000e-02  1.500000e-03  0.000000e+00
905   4.950000e-02  1.500000e-03  0.000000e+00
906   5.000000e-02  1.500000e-03  0.000000e+00
907   5.050000e-02  1.500000e-03  0.000000e+00
908   5.100000e-02  1.500000e-03  0.000000e+00
909   5.150000e-02  1.500000e-03  0.000000e+00
910   5.200000e-02  1.500000e-03  0.000000e+00
911   5.250000e-02  1.500000e-03  0.000000e+00
912   5.300000e-02  1.500000e-03  0.000000e+00
913   5.350000e-02  1.500000e-03  0.000000e+00
914   5.400000e-02  1.500000e-03  0.000000e+00
915   5.450000e-02  1.500000e-03  0.000000e+00
916   5.500000e-02  1.500000e-03  0.000000e+00
917   5.550000e-02  1.500000e-03  0.000000e+00
918   5.600000e-02  1.500000e-03  0.000000e+00
919   5.650000e-02  1.500000e-03  0.000000e+00
920   5.700000e-02  1.500000e-03  0.000000e+00
921   5.750000e-02  1.500000e-03  0.000000e+00
922   5.800000e-02  1.500000e-03  0.000000e+00
923   5.850000e-02  1.500000e-03  0.000000e+00
924   5.900000e-02  1.500000e-03  0.000000e+00
925   5.950000e-02  1.500000e-03  0.000000e+00
926   6.000000e-02  1.500000e-03  0.000000e+00
927   6.050000e-02  1.500000e-03  0.000000e+00
928   6.100000e-02  1.500000e-03  0.000000e+00
929   6.150000e-02  1.500000e-03  0.000000e+00
930   6.200000e-02  1.500000e-03  0.000000e+00
931   6.250000e-02  1.500000e-03  0.000000e+00
932   6.300000e-02  1.500000e-03  0.000000e+00
933   6.350000e-02  1.500000e-03  0.000000e+00
934   6.400000e-02  1.500000e-03  0.000000e+00
935   6.450000e-02  1.500000e-03  0.000000e+00
936   6.500000e-02  1.500000e-03  0.000000e+00
937   6.550000e-02  1.500000e-03  0.000000e+00
938   6.600000e-02  1.500000e-03  0.000000e+00
939   6.650000e-02  1.500000e-03  0.000000e+00
940   6.700000e-02  1.500000e-03  0.000000e+00
941   6.750000e-02  1.500000e-03  0.000000e+00
942   6.800000e-02  1.500000e-03  0.000000e+00
943   6.850000e-02  1.500000e-03  0.000000e+00
944   6.900000e-02  1.500000e-03  0.000000e+00
945   6.950000e-02  1.500000e-03  0.000000e+00
946   7.000000e-02  1.500000e-03  0.000000e+00
947   7.050000e-02  1.500000e-03  0.000000e+00
948   7.100000e-02  1.500000e-03  0.000000e+00
949   7.150000e-02  1.500000e-03  0.000000e+00
950   7.200000e-02  1.500000e-03  0.000000e+00
951   7.250000e-02  1.500000e-03  0.000000e+00
952   7.300000e-02  1.500000e-03  0.000000e+00
953   7.350000e-02  1.500000e-03  0.000000e+00
954   7.400000e-02  1.500000e-03  0.000000e+00
955   7.450000e-02  1.500000e-03  0.000000e+00
956   7.500000e-02  1.500000e-03  0.000000e+00
957   7.550000e-02  1.500000e-03  0.000000e+00
958   7.600000e-02  1.500000e-03  0.000000e+00
959   7.650000e-02  1.500000e-03  0.000000e+00
960   7.700000e-02  1.500000e-03  0.000000e+00
961   7.750000e-02  1.500000e-03  0.000000e+00
962   7.800000e-02  1.500000e-03  0.000000e+00
963   7.850000e-02  1.500000e-03  0.000000e+00
964   7.900000e-02  1.500000e-03  0.000000e+00
965   7.950000e-02  1.500000e-03  0.000000e+00
966   8.000000e-02  1.500000e-03  0.000000e+00
967   8.050000e-02  1.500000e-03  0.000000e+00
968   8.100000e-02  1.500000e-03  0.000000e+00
969   8.150000e-02  1.500000e-03  0.000000e+00
970   8.200000e-02  1.500000e-03  0.000000e+00
971   8.250000e-02  1.500000e-03  0.000000e+00
972   8.300000e-02  1.500000e-03  0.000000e+00
973   8.350000e-02  1.500000e-03  0.000000e+00
974   8.400000e-02  1.500000e-03  0.000000e+00
975   8.450000e-02  1.500000e-03  0.000000e+00
976   8.500000e-02  1.500000e-03  0.000000e+00
977   8.550000e-02  1.500000e-03  0.000000e+00
978   8.600000e-02  1.500000e-03  0.000000e+00
979   8.650000e-02  1.500000e-03  0.000000e+00
980   8.700000e-02  1.500000e-03  0.000000e+00
981   8.750000e-02  1.500000e-03  0.000000e+00
982   8.800000e-02  1.500000e-03  0.000000e+00
983   8.850000e-02  1.500000e-03  0.000000e+00
984   8.900000e-02  1.500000e-03  0.000000e+00
985   8.950000e-02  1.500000e-03  0.000000e+00
986   9.000000e-02  1.500000e-03  0.000000e+00
987   9.050000e-02  1.500000e-03  0.000000e+00
988   9.100000e-02  1.500000e-03  0.000000e+00
989   9.150000e-02  1.500000e-03  0.000000e+00
990   9.200000e-02  1.500000e-03  0.000000e+00
991   9.250000e-02  1.500000e-03  0.000000e+00
992   9.300000e-02  1.500000e-03  0.000000e+00
993   9.350000e-02  1.500000e-03  0.000000e+00
994   9.400000e-02  1.500000e-03  0.000000e+00
995   9.450000e-02  1.500000e-03  0.000000e+00
996   9.500000e-02  1.500000e-03  0.000000e+00
997   9.550000e-02  1.500000e-03  0.000000e+00
998   9.600000e-02  1.500000e-03  0.000000e+00
999   9.650000e-02  1.500000e-03  0.000000e+00
1000  9.700000e-02  1.500000e-03  0.000000e+00
1001  9.750000e-02  1.500000e-03  0.000000e+00
1002  9.800000e-02  1.500000e-03  0.000000e+00
1003  9.850000e-02  1.500000e-03  0.000000e+00
1004  9.900000e-02  1.500000e-03  0.000000e+00
1005  9.950000e-02  1.500000e-03  0.000000e+00
1006  1.000000e-01  1.500000e-03  0.000000e+00
1007  1.000000e-03  1.875000e-03  0.000000e+00
1008  1.000000e-03  2.250000e-03  0.000000e+00
1009  5.000000e-04  2.250000e-03  0.000000e+00
1010  0.000000e+00  2.250000e-03  0.000000e+00
1011  0.000000e+00  1.875000e-03  0.000000e+00
1012  2.000000e-03  1.875000e-03  0.000000e+00
1013  2.000000e-03  2.250000e-03  0.000000e+00
1014  1.500000e-03  2.250000e-03  0.000000e+00
1015  3.000000e-03  1.875000e-03  0.000000e+00
1016  3.000000e-03  2.250000e-03  0.000000e+00
1017  2.500000e-03  2.250000e-03  0.000000e+00
1018  4.000000e-03  1.875000e-03  0.000000e+00
1019  4.000000e-03  2.250000e-03  0.000000e+00
1020  3.500000e-03  2.250000e-03  0.000000e+00
1021  5.000000e-03  1.875000e-03  0.000000e+00
1022  5.000000e-03  2.250000e-03  0.000000e+00
1023  4.500000e-03  2.250000e-03  0.000000e+00
1024  6.000000e-03  1.875000e-03  0.000000e+00
1025  6.000000e-03  2.250000e-03  0.000000e+00
1026  5.500000e-03  2.250000e-03  0.000000e+00
1027  7.000000e-03  1.875000e-03  0.000000e+00
1028  7.000000e-03  2.250000e-03  0.000000e+00
1029  6.500000e-03  2.250000e-03  0.000000e+00
1030  8.000000e-03  1.875000e-03  0.000000e+00
1031  8.000000e-03  2.250000e-03  0.000000e+00
1032  7.500000e-03  2.250000e-03  0.000000e+00
1033  9.000000e-03  1.875000e-03  0.000000e+00
1034  9.000000e-03  2.250000e-03  0.000000e+00
1035  8.500000e-03  2.250000e-03  0.000000e+00
1036  1.000000e-02  1.875000e-03  0.000000e+00
1037  1.000000e-02  2.250000e-03  0.000000e+00
1038  9.500000e-03  2.250000e-03  0.000000e+00
1039  1.100000e-02  1.875000e-03  0.000000e+00
1040  1.100000e-02  2.250000e-03  0.000000e+00
1041  1.050000e-02  2.250000e-03  0.000000e+00
1042  1.200000e-02  1.875000e-03  0.000000e+00
1043  1.200000e-02  2.250000e-03  0.000000e+00
1044  1.150000e-02  2.250000e-03  0.000000e+00
1045  1.300000e-02  1.875000e-03  0.000000e+00
1046  1.300000e-02  2.250000e-03  0.000000e+00
1047  1.250000e-02  2.250000e-03  0.000000e+00
1048  1.400000e-02  1.875000e-03  0.000000e+00
1049  1.400000e-02  2.250000e-03  0.000000e+00
1050  1.350000e-02  2.250000e-03  0.000000e+00
1051  1.500000e-02  1.875000e-03  0.000000e+00
1052  1.500000e-02  2.250000e-03  0.000000e+00
1053  1.450000e-02  2.250000e-03  0.000000e+00
1054  1.600000e-02  1.875000e-03  0.000000e+00
1055  1.600000e-02  2.250000e-03  0.000000e+00
1056  1.550000e-02  2.250000e-03  0.000000e+00
1057  1.700000e-02  1.875000e-03  0.000000e+00
1058  1.700000e-02  2.250000e-03  0.000000e+00
1059  1.650000e-02  2.250000e-03  0.000000e+00
1060  1.800000e-02  1.875000e-03  0.000000e+00
1061  1.800000e-02  2.250000e-03  0.000000e+00
1062  1.750000e-02  2.250000e-03  0.000000e+00
1063  1.900000e-02  1.875000e-03  0.000000e+00
1064  1.900000e-02  2.250000e-03  0.000000e+00
1065  1.850000e-02  2.250000e-03  0.000000e+00
1066  2.000000e-02  1.875000e-03  0.000000e+00
1067  2.000000e-02  2.250000e-03  0.000000e+00
1068  1.950000e-02  2.250000e-03  0.000000e+00
1069  2.100000e-02  1.875000e-03  0.000000e+00
1070  2.100000e-02  2.250000e-03  0.000000e+00
1071  2.050000e-02  2.250000e-03  0.000000e+00
1072  2.200000e-02  1.875000e-03  0.000000e+00
1073  2.200000e-02  2.250000e-03  0.000000e+00
1074  2.150000e-02  2.250000e-03  0.000000e+00
1075  2.300000e-02  1.875000e-03  0.000000e+00
1076  2.300000e-02  2.250000e-03  0.000000e+00
1077  2.250000e-02  2.250000e-03  0.000000e+00
1078  2.400000e-02  1.875000e-03  0.000000e+00
1079  2.400000e-02  2.250000e-03  0.000000e+00
1080  2.350000e-02  2.250000e-03  0.000000e+00
1081  2.500000e-02  1.875000e-03  0.000000e+00
1082  2.500000e-02  2.250000e-03  0.000000e+00
1083  2.450000e-02  2.250000e-03  0.000000e+00
1084  2.600000e-02  1.875000e-03  0.000000e+00
1085  2.600000e-02  2.250000e-03  0.000000e+00
1086  2.550000e-02  2.250000e-03  0.000000e+00
1087  2.700000e-02  1.875000e-03  0.000000e+00
1088  2.700000e-02  2.250000e-03  0.000000e+00
1089  2.650000e-02  2.250000e-03  0.000000e+00
1090  2.800000e-02  1.875000e-03  0.000000e+00
1091  2.800000e-02  2.250000e-03  0.000000e+00
1092  2.750000e-02  2.250000e-03  0.000000e+00
1093  2.900000e-02  1.875000e-03  0.000000e+00
1094  2.900000e-02  2.250000e-03  0.000000e+00
1095  2.850000e-02  2.250000e-03  0.000000e+00
1096  3.000000e-02  1.875000e-03  0.000000e+00
1097  3.000000e-02  2.250000e-03  0.000000e+00
1098  2.950000e-02  2.250000e-03  0.000000e+00
1099  3.100000e-02  1.875000e-03  0.000000e+00
1100  3.100000e-02  2.250000e-03  0.000000e+00
1101  3.050000e-02  2.250000e-03  0.000000e+00
1102  3.200000e-02  1.875000e-03  0.000000e+00
1103  3.200000e-02  2.250000e-03  0.000000e+00
1104  3.150000e-02  2.250000e-03  0.000000e+00
1105  3.300000e-02  1.875000e-03  0.000000e+00
1106  3.300000e-02  2.250000e-03  0.000000e+00
1107  3.250000e-02  2.250000e-03  0.000000e+00
1108  3.400000e-02  1.875000e-03  0.000000e+00
1109  3.400000e-02  2.250000e-03  0.000000e+00
1110  3.350000e-02  2.250000e-03  0.000000e+00
1111  3.500000e-02  1.875000e-03  0.000000e+00
1112  3.500000e-02  2.250000e-03  0.000000e+00
1113  3.450000e-02  2.250000e-03  0.000000e+00
1114  3.600000e-02  1.875000e-03  0.000000e+00
1115  3.600000e-02  2.250000e-03  0.000000e+00
1116  3.550000e-02  2.250000e-03  0.000000e+00
1117  3.700000e-02  1.875000e-03  0.000000e+00
1118  3.700000e-02  2.250000e-03  0.000000e+00
1119  3.650000e-02  2.250000e-03  0.000000e+00
1120  3.800000e-02  1.875000e-03  0.000000e+00
1121  3.800000e-02  2.250000e-03  0.000000e+00
1122  3.750000e-02  2.250000e-03  0.000000e+00
1123  3.900000e-02  1.875000e-03  0.000000e+00
1124  3.900000e-02  2.250000e-03  0.000000e+00
1125  3.850000e-02  2.250000e-03  0.000000e+00
1126  4.000000e-02  1.875000e-03  0.000000e+00
1127  4.000000e-02  2.250000e-03  0.000000e+00
1128  3.950000e-02  2.250000e-03  0.000000e+00
1129  4.100000e-02  1.875000e-03  0.000000e+00
1130  4.100000e-02  2.250000e-03  0.000000e+00
1131  4.050000e-02  2.250000e-03  0.000000e+00
1132  4.200000e-02  1.875000e-03  0.000000e+00
1133  4.200000e-02  2.250000e-03  0.000000e+00
1134  4.150000e-02  2.250000e-03  0.000000e+00
1135  4.300000e-02  1.875000e-03  0.000000e+00
1136  4.300000e-02  2.250000e-03  0.000000e+00
1137  4.250000e-02  2.250000e-03  0.000000e+00
1138  4.400000e-02  1.875000e-03  0.000000e+00
1139  4.400000e-02  2.250000e-03  0.000000e+00
1140  4.350000e-02  2.250000e-03  0.000000e+00
1141  4.500000e-02  1.875000e-03  0.000000e+00
1142  4.500000e-02  2.250000e-03  0.000000e+00
1143  4.450000e-02  2.250000e-03  0.000000e+00
1144  4.600000e-02  1.875000e-03  0.000000e+00
1145  4.600000e-02  2.250000e-03  0.000000e+00
1146  4.550000e-02  2.250000e-03  0.000000e+00
1147  4.700000e-02  1.875000e-03  0.000000e+00
1148  4.700000e-02  2.250000e-03  0.000000e+00
1149  4.650000e-02  2.250000e-03  0.000000e+00
1150  4.800000e-02  1.875000e-03  0.000000e+00
1151  4.800000e-02  2.250000e-03  0.000000e+00
1152  4.750000e-02  2.250000e-03  0.000000e+00
1153  4.900000e-02  1.875000e-03  0.000000e+00
1154  4.900000e-02  2.250000e-03  0.000000e+00
1155  4.850000e-02  2.250000e-03  0.000000e+00
1156  5.000000e-02  1.875000e-03  0.000000e+00
1157  5.000000e-02  2.250000e-03  0.000000e+00
1158  4.950000e-02  2.250000e-03  0.000000e+00
1159  5.100000e-02  1.875000e-03  0.000000e+00
1160  5.100000e-02  2.250000e-03  0.000000e+00
1161  5.050000e-02  2.250000e-03  0.000000e+00
1162  5.200000e-02  1.875000e-03  0.000000e+00
1163  5.200000e-02  2.250000e-03  0.000000e+00
1164  5.150000e-02  2.250000e-03  0.000000e+00
1165  5.300000e-02  1.875000e-03  0.000000e+00
1166  5.300000e-02  2.250000e-03  0.000000e+00
1167  5.250000e-02  2.250000e-03  0.000000e+00
1168  5.400000e-02  1.875000e-03  0.000000e+00
1169  5.400000e-02  2.250000e-03  0.000000e+00
1170  5.350000e-02  2.250000e-03  0.000000e+00
1171  5.500000e-02  1.875000e-03  0.000000e+00
1172  5.500000e-02  2.250000e-03  0.000000e+00
1173  5.450000e-02  2.250000e-03  0.000000e+00
1174  5.600000e-02  1.875000e-03  0.000000e+00
1175  5.600000e-02  2.250000e-03  0.000000e+00
1176  5.550000e-02  2.250000e-03  0.000000e+00
1177  5.700000e-02  1.875000e-03  0.000000e+00
1178  5.700000e-02  2.250000e-03  0.000000e+00
1179  5.650000e-02  2.250000e-03  0.000000e+00
1180  5.800000e-02  1.875000e-03  0.000000e+00
1181  5.800000e-02  2.250000e-03  0.000000e+00
1182  5.750000e-02  2.250000e-03  0.000000e+00
1183  5.900000e-02  1.875000e-03  0.000000e+00
1184  5.900000e-02  2.250000e-03  0.000000e+00
1185  5.850000e-02  2.250000e-03  0.000000e+00
1186  6.000000e-02  1.875000e-03  0.000000e+00
1187  6.000000e-02  2.250000e-03  0.000000e+00
1188  5.950000e-02  2.250000e-03  0.000000e+00
1189  6.100000e-02  1.875000e-03  0.000000e+00
1190  6.100000e-02  2.250000e-03  0.000000e+00
1191  6.050000e-02  2.250000e-03  0.000000e+00
1192  6.200000e-02  1.875000e-03  0.000000e+00
1193  6.200000e-02  2.250000e-03  0.000000e+00
1194  6.150000e-02  2.250000e-03  0.000000e+00
1195  6.300000e-02  1.875000e-03  0.000000e+00
1196  6.300000e-02  2.250000e-03  0.000000e+00
1197  6.250000e-02  2.250000e-03  0.000000e+00
1198  6.400000e-02  1.875000e-03  0.000000e+00
1199  6.400000e-02  2.250000e-03  0.000000e+00
1200  6.350000e-02  2.250000e-03  0.000000e+00
1201  6.500000e-02  1.875000e-03  0.000000e+00
1202  6.500000e-02  2.250000e-03  0.000000e+00
1203  6.450000e-02  2.250000e-03  0.000000e+00
1204  6.600000e-02  1.875000e-03  0.000000e+00
1205  6.600000e-02  2.250000e-03  0.000000e+00
1206  6.550000e-02  2.250000e-03  0.000000e+00
1207  6.700000e-02  1.875000e-03  0.000000e+00
1208  6.700000e-02  2.250000e-03  0.000000e+00
1209  6.650000e-02  2.250000e-03  0.000000e+00
1210  6.800000e-02  1.875000e-03  0.000000e+00
1211  6.800000e-02  2.250000e-03  0.000000e+00
1212  6.750000e-02  2.250000e-03  0.000000e+00
1213  6.900000e-02  1.875000e-03  0.000000e+00
1214  6.900000e-02  2.250000e-03  0.000000e+00
1215  6.850000e-02  2.250000e-03  0.000000e+00
1216  7.000000e-02  1.875000e-03  0.000000e+00
1217  7.000000e-02  2.250000e-03  0.000000e+00
1218  6.950000e-02  2.250000e-03  0.000000e+00
1219  7.100000e-02  1.875000e-03  0.000000e+00
1220  7.100000e-02  2.250000e-03  0.000000e+00
1221  7.050000e-02  2.250000e-03  0.000000e+00
1222  7.200000e-02  1.875000e-03  0.000000e+00
1223  7.200000e-02  2.250000e-03  0.000000e+00
1224  7.150000e-02  2.250000e-03  0.000000e+00
1225  7.300000e-02  1.875000e-03  0.000000e+00
1226  7.300000e-02  2.250000e-03  0.000000e+00
1227  7.250000e-02  2.250000e-03  0.000000e+00
1228  7.400000e-02  1.875000e-03  0.000000e+00
1229  7.400000e-02  2.250000e-03  0.000000e+00
1230  7.350000e-02  2.250000e-03  0.000000e+00
1231  7.500000e-02  1.875000e-03  0.000000e+00
1232  7.500000e-02  2.250000e-03  0.000000e+00
1233  7.450000e-02  2.250000e-03  0.000000e+00
1234  7.600000e-02  1.875000e-03  0.000000e+00
1235  7.600000e-02  2.250000e-03  0.000000e+00
1236  7.550000e-02  2.250000e-03  0.000000e+00
1237  7.700000e-02  1.875000e-03  0.000000e+00
1238  7.700000e-02  2.250000e-03  0.000000e+00
1239  7.650000e-02  2.250000e-03  0.000000e+00
1240  7.800000e-02  1.875000e-03  0.000000e+00
1241  7.800000e-02  2.250000e-03  0.000000e+00
1242  7.750000e-02  2.250000e-03  0.000000e+00
1243  7.900000e-02  1.875000e-03  0.000000e+00
1244  7.900000e-02  2.250000e-03  0.000000e+00
1245  7.850000e-02  2.250000e-03  0.000000e+00
1246  8.000000e-02  1.875000e-03  0.000000e+00
1247  8.000000e-02  2.250000e-03  0.000000e+00
1248  7.950000e-02  2.250000e-03  0.000000e+00
1249  8.100000e-02  1.875000e-03  0.000000e+00
1250  8.100000e-02  2.250000e-03  0.000000e+00
1251  8.050000e-02  2.250000e-03  0.000000e+00
1252  8.200000e-02  1.875000e-03  0.000000e+00
1253  8.200000e-02  2.250000e-03  0.000000e+00
1254  8.150000e-02  2.250000e-03  0.000000e+00
1255  8.300000e-02  1.875000e-03  0.000000e+00
1256  8.300000e-02  2.250000e-03  0.000000e+00
1257  8.250000e-02  2.250000e-03  0.000000e+00
1258  8.400000e-02  1.875000e-03  0.000000e+00
1259  8.400000e-02  2.250000e-03  0.000000e+00
1260  8.350000e-02  2.250000e-03  0.000000e+00
1261  8.500000e-02  1.875000e-03  0.000000e+00
1262  8.500000e-02  2.250000e-03  0.000000e+00
1263  8.450000e-02  2.250000e-03  0.000000e+00
1264  8.600000e-02  1.875000e-03  0.000000e+00
1265  8.600000e-02  2.250000e-03  0.000000e+00
1266  8.550000e-02  2.250000e-03  0.000000e+00
1267  8.700000e-02  1.875000e-03  0.000000e+00
1268  8.700000e-02  2.250000e-03  0.000000e+00
1269  8.650000e-02  2.250000e-03  0.000000e+00
1270  8.800000e-02  1.875000e-03  0.000000e+00
1271  8.800000e-02  2.250000e-03  0.000000e+00
1272  8.750000e-02  2.250000e-03  0.000000e+00
1273  8.900000e-02  1.875000e-03  0.000000e+00
1274  8.900000e-02  2.250000e-03  0.000000e+00
1275  8.850000e-02  2.250000e-03  0.000000e+00
1276  9.000000e-02  1.875000e-03  0.000000e+00
1277  9.000000e-02  2.250000e-03  0.000000e+00
1278  8.950000e-02  2.250000e-03  0.000000e+00
1279  9.100000e-02  1.875000e-03  0.000000e+00
1280  9.100000e-02  2.250000e-03  0.000000e+00
1281  9.050000e-02  2.250000e-03  0.000000e+00
1282  9.200000e-02  1.875000e-03  0.000000e+00
1283  9.200000e-02  2.250000e-03  0.000000e+00
1284  9.150000e-02  2.250000e-03  0.000000e+00
1285  9.300000e-02  1.875000e-03  0.000000e+00
1286  9.300000e-02  2.250000e-03  0.000000e+00
1287  9.250000e-02  2.250000e-03  0.000000e+00
1288  9.400000e-02  1.875000e-03  0.000000e+00
1289  9.400000e-02  2.250000e-03  0.000000e+00
1290  9.350000e-02  2.250000e-03  0.000000e+00
1291  9.500000e-02  1.875000e-03  0.000000e+00
1292  9.500000e-02  2.250000e-03  0.000000e+00
1293  9.450000e-02  2.250000e-03  0.000000e+00
1294  9.600000e-02  1.875000e-03  0.000000e+00
1295  9.600000e-02  2.250000e-03  0.000000e+00
1296  9.550000e-02  2.250000e-03  0.000000e+00
1297  9.700000e-02  1.875000e-03  0.000000e+00
1298  9.700000e-02  2.250000e-03  0.000000e+00
1299  9.650000e-02  2.250000e-03  0.000000e+00
1300  9.800000e-02  1.875000e-03  0.000000e+00
1301  9.800000e-02  2.250000e-03  0.000000e+00
1302  9.750000e-02  2.250000e-03  0.000000e+00
1303  9.900000e-02  1.875000e-03  0.000000e+00
1304  9.900000e-02  2.250000e-03  0.000000e+00
1305  9.850000e-02  2.250000e-03  0.000000e+00
1306  1.000000e-01  1.875000e-03  0.000000e+00
1307  1.000000e-01  2.250000e-03  0.000000e+00
1308  9.950000e-02  2.250000e-03  0.000000e+00
1309  1.000000e-03  2.625000e-03  0.000000e+00
1310  1.000000e-03  3.000000e-03  0.000000e+00
1311  5.000000e-04  3.000000e-03  0.000000e+00
1312  0.000000e+00  3.000000e-03  0.000000e+00
1313  0.000000e+00  2.625000e-03  0.000000e+00
1314  2.000000e-03  2.625000e-03  0.000000e+00
1315  2.000000e-03  3.000000e-03  0.000000e+00
1316  1.500000e-03  3.000000e-03  0.000000e+00
1317  3.000000e-03  2.625000e-03  0.000000e+00
1318  3.000000e-03  3.000000e-03  0.000000e+00
1319  2.500000e-03  3.000000e-03  0.000000e+00
1320  4.000000e-03  2.625000e-03  0.000000e+00
1321  4.000000e-03  3.000000e-03  0.000000e+00
1322  3.500000e-03  3.000000e-03  0.000000e+00
1323  5.000000e-03  2.625000e-03  0.000000e+00
1324  5.000000e-03  3.000000e-03  0.000000e+00
1325  4.500000e-03  3.000000e-03  0.000000e+00
1326  6.000000e-03  2.625000e-03  0.000000e+00
1327  6.000000e-03  3.000000e-03  0.000000e+00
1328  5.500000e-03  3.000000e-03  0.000000e+00
1329  7.000000e-03  2.625000e-03  0.000000e+00
1330  7.000000e-03  3.000000e-03  0.000000e+00
1331  6.500000e-03  3.000000e-03  0.000000e+00
1332  8.000000e-03  2.625000e-03  0.000000e+00
1333  8.000000e-03  3.000000e-03  0.000000e+00
1334  7.500000e-03  3.000000e-03  0.000000e+00
1335  9.000000e-03  2.625000e-03  0.000000e+00
1336  9.000000e-03  3.000000e-03  0.000000e+00
1337  8.500000e-03  3.000000e-03  0.000000e+00
1338  1.000000e-02  2.625000e-03  0.000000e+00
1339  1.000000e-02  3.000000e-03  0.000000e+00
1340  9.500000e-03  3.000000e-03  0.000000e+00
1341  1.100000e-02  2.625000e-03  0.000000e+00
1342  1.100000e-02  3.000000e-03  0.000000e+00
1343  1.050000e-02  3.000000e-03  0.000000e+00
1344  1.200000e-02  2.625000e-03  0.000000e+00
1345  1.200000e-02  3.000000e-03  0.000000e+00
1346  1.150000e-02  3.000000e-03  0.000000e+00
1347  1.300000e-02  2.625000e-03  0.000000e+00
1348  1.300000e-02  3.000000e-03  0.000000e+00
1349  1.250000e-02  3.000000e-03  0.000000e+00
1350  1.400000e-02  2.625000e-03  0.000000e+00
1351  1.400000e-02  3.000000e-03  0.000000e+00
1352  1.350000e-02  3.000000e-03  0.000000e+00
1353  1.500000e-02  2.625000e-03  0.000000e+00
1354  1.500000e-02  3.000000e-03  0.000000e+00
1355  1.450000e-02  3.000000e-03  0.000000e+00
1356  1.600000e-02  2.625000e-03  0.000000e+00
1357  1.600000e-02  3.000000e-03  0.000000e+00
1358  1.550000e-02  3.000000e-03  0.000000e+00
1359  1.700000e-02  2.625000e-03  0.000000e+00
1360  1.700000e-02  3.000000e-03  0.000000e+00
1361  1.650000e-02  3.000000e-03  0.000000e+00
1362  1.800000e-02  2.625000e-03  0.000000e+00
1363  1.800000e-02  3.000000e-03  0.000000e+00
1364  1.750000e-02  3.000000e-03  0.000000e+00
1365  1.900000e-02  2.625000e-03  0.000000e+00
1366  1.900000e-02  3.000000e-03  0.000000e+00
1367  1.850000e-02  3.000000e-03  0.000000e+00
1368  2.000000e-02  2.625000e-03  0.000000e+00
1369  2.000000e-02  3.000000e-03  0.000000e+00
1370  1.950000e-02  3.000000e-03  0.000000e+00
1371  2.100000e-02  2.625000e-03  0.000000e+00
1372  2.100000e-02  3.000000e-03  0.000000e+00
1373  2.050000e-02  3.000000e-03  0.000000e+00
1374  2.200000e-02  2.625000e-03  0.000000e+00
1375  2.200000e-02  3.000000e-03  0.000000e+00
1376  2.150000e-02  3.000000e-03  0.000000e+00
1377  2.300000e-02  2.625000e-03  0.000000e+00
1378  2.300000e-02  3.000000e-03  0.000000e+00
1379  2.250000e-02  3.000000e-03  0.000000e+00
1380  2.400000e-02  2.625000e-03  0.000000e+00
1381  2.400000e-02  3.000000e-03  0.000000e+00
1382  2.350000e-02  3.000000e-03  0.000000e+00
1383  2.500000e-02  2.625000e-03  0.000000e+00
1384  2.500000e-02  3.000000e-03  0.000000e+00
1385  2.450000e-02  3.000000e-03  0.000000e+00
1386  2.600000e-02  2.625000e-03  0.000000e+00
1387  2.600000e-02  3.000000e-03  0.000000e+00
1388  2.550000e-02  3.000000e-03  0.000000e+00
1389  2.700000e-02  2.625000e-03  0.000000e+00
1390  2.700000e-02  3.000000e-03  0.000000e+00
1391  2.650000e-02  3.000000e-03  0.000000e+00
1392  2.800000e-02  2.625000e-03  0.000000e+00
1393  2.800000e-02  3.000000e-03  0.000000e+00
1394  2.750000e-02  3.000000e-03  0.000000e+00
1395  2.900000e-02  2.625000e-03  0.000000e+00
1396  2.900000e-02  3.000000e-03  0.000000e+00
1397  2.850000e-02  3.000000e-03  0.000000e+00
1398  3.000000e-02  2.625000e-03  0.000000e+00
1399  3.000000e-02  3.000000e-03  0.000000e+00
1400  2.950000e-02  3.000000e-03  0.000000e+00
1401  3.100000e-02  2.625000e-03  0.000000e+00
1402  3.100000e-02  3.000000e-03  0.000000e+00
1403  3.050000e-02  3.000000e-03  0.000000e+00
1404  3.200000e-02  2.625000e-03  0.000000e+00
1405  3.200000e-02  3.000000e-03  0.000000e+00
1406  3.150000e-02  3.000000e-03  0.000000e+00
1407  3.300000e-02  2.625000e-03  0.000000e+00
1408  3.300000e-02  3.000000e-03  0.000000e+00
1409  3.250000e-02  3.000000e-03  0.000000e+00
1410  3.400000e-02  2.625000e-03  0.000000e+00
1411  3.400000e-02  3.000000e-03  0.000000e+00
1412  3.350000e-02  3.000000e-03  0.000000e+00
1413  3.500000e-02  2.625000e-03  0.000000e+00
1414  3.500000e-02  3.000000e-03  0.000000e+00
1415  3.450000e-02  3.000000e-03  0.000000e+00
1416  3.600000e-02  2.625000e-03  0.000000e+00
1417  3.600000e-02  3.000000e-03  0.000000e+00
1418  3.550000e-02  3.000000e-03  0.000000e+00
1419  3.700000e-02  2.625000e-03  0.000000e+00
1420  3.700000e-02  3.000000e-03  0.000000e+00
1421  3.650000e-02  3.000000e-03  0.000000e+00
1422  3.800000e-02  2.625000e-03  0.000000e+00
1423  3.800000e-02  3.000000e-03  0.000000e+00
1424  3.750000e-02  3.000000e-03  0.000000e+00
1425  3.900000e-02  2.625000e-03  0.000000e+00
1426  3.900000e-02  3.000000e-03  0.000000e+00
1427  3.850000e-02  3.000000e-03  0.000000e+00
1428  4.000000e-02  2.625000e-03  0.000000e+00
1429  4.000000e-02  3.000000e-03  0.000000e+00
1430  3.950000e-02  3.000000e-03  0.000000e+00
1431  4.100000e-02  2.625000e-03  0.000000e+00
1432  4.100000e-02  3.000000e-03  0.000000e+00
1433  4.050000e-02  3.000000e-03  0.000000e+00
1434  4.200000e-02  2.625000e-03  0.000000e+00
1435  4.200000e-02  3.000000e-03  0.000000e+00
1436  4.150000e-02  3.000000e-03  0.000000e+00
1437  4.300000e-02  2.625000e-03  0.000000e+00
1438  4.300000e-02  3.000000e-03  0.000000e+00
1439  4.250000e-02  3.000000e-03  0.000000e+00
1440  4.400000e-02  2.625000e-03  0.000000e+00
1441  4.400000e-02  3.000000e-03  0.000000e+00
1442  4.350000e-02  3.000000e-03  0.000000e+00
1443  4.500000e-02  2.625000e-03  0.000000e+00
1444  4.500000e-02  3.000000e-03  0.000000e+00
1445  4.450000e-02  3.000000e-03  0.000000e+00
1446  4.600000e-02  2.625000e-03  0.000000e+00
1447  4.600000e-02  3.000000e-03  0.000000e+00
1448  4.550000e-02  3.000000e-03  0.000000e+00
1449  4.700000e-02  2.625000e-03  0.000000e+00
1450  4.700000e-02  3.000000e-03  0.000000e+00
1451  4.650000e-02  3.000000e-03  0.000000e+00
1452  4.800000e-02  2.625000e-03  0.000000e+00
1453  4.800000e-02  3.000000e-03  0.000000e+00
1454  4.750000e-02  3.000000e-03  0.000000e+00
1455  4.900000e-02  2.625000e-03  0.000000e+00
1456  4.900000e-02  3.000000e-03  0.000000e+00
1457  4.850000e-02  3.000000e-03  0.000000e+00
1458  5.000000e-02  2.625000e-03  0.000000e+00
1459  5.000000e-02  3.000000e-03  0.000000e+00
1460  4.950000e-02  3.000000e-03  0.000000e+00
1461  5.100000e-02  2.625000e-03  0.000000e+00
1462  5.100000e-02  3.000000e-03  0.000000e+00
1463  5.050000e-02  3.000000e-03  0.000000e+00
1464  5.200000e-02  2.625000e-03  0.000000e+00
1465  5.200000e-02  3.000000e-03  0.000000e+00
1466  5.150000e-02  3.000000e-03  0.000000e+00
1467  5.300000e-02  2.625000e-03  0.000000e+00
1468  5.300000e-02  3.000000e-03  0.000000e+00
1469  5.250000e-02  3.000000e-03  0.000000e+00
1470  5.400000e-02  2.625000e-03  0.000000e+00
1471  5.400000e-02  3.000000e-03  0.000000e+00
1472  5.350000e-02  3.000000e-03  0.000000e+00
1473  5.500000e-02  2.625000e-03  0.000000e+00
1474  5.500000e-02  3.000000e-03  0.000000e+00
1475  5.450000e-02  3.000000e-03  0.000000e+00
1476  5.600000e-02  2.625000e-03  0.000000e+00
1477  5.600000e-02  3.000000e-03  0.000000e+00
1478  5.550000e-02  3.000000e-03  0.000000e+00
1479  5.700000e-02  2.625000e-03  0.000000e+00
1480  5.700000e-02  3.000000e-03  0.000000e+00
1481  5.650000e-02  3.000000e-03  0.000000e+00
1482  5.800000e-02  2.625000e-03  0.000000e+00
1483  5.800000e-02  3.000000e-03  0.000000e+00
1484  5.750000e-02  3.000000e-03  0.000000e+00
1485  5.900000e-02  2.625000e-03  0.000000e+00
1486  5.900000e-02  3.000000e-03  0.000000e+00
1487  5.850000e-02  3.000000e-03  0.000000e+00
1488  6.000000e-02  2.625000e-03  0.000000e+00
1489  6.000000e-02  3.000000e-03  0.000000e+00
1490  5.950000e-02  3.000000e-03  0.000000e+00
1491  6.100000e-02  2.625000e-03  0.000000e+00
1492  6.100000e-02  3.000000e-03  0.000000e+00
1493  6.050000e-02  3.000000e-03  0.000000e+00
1494  6.200000e-02  2.625000e-03  0.000000e+00
1495  6.200000e-02  3.000000e-03  0.000000e+00
1496  6.150000e-02  3.000000e-03  0.000000e+00
1497  6.300000e-02  2.625000e-03  0.000000e+00
1498  6.300000e-02  3.000000e-03  0.000000e+00
1499  6.250000e-02  3.000000e-03  0.000000e+00
1500  6.400000e-02  2.625000e-03  0.000000e+00
1501  6.400000e-02  3.000000e-03  0.000000e+00
1502  6.350000e-02  3.000000e-03  0.000000e+00
1503  6.500000e-02  2.625000e-03  0.000000e+00
1504  6.500000e-02  3.000000e-03  0.000000e+00
1505  6.450000e-02  3.000000e-03  0.000000e+00
1506  6.600000e-02  2.625000e-03  0.000000e+00
1507  6.600000e-02  3.000000e-03  0.000000e+00
1508  6.550000e-02  3.000000e-03  0.000000e+00
1509  6.700000e-02  2.625000e-03  0.000000e+00
1510  6.700000e-02  3.000000e-03  0.000000e+00
1511  6.650000e-02  3.000000e-03  0.000000e+00
1512  6.800000e-02  2.625000e-03  0.000000e+00
1513  6.800000e-02  3.000000e-03  0.000000e+00
1514  6.750000e-02  3.000000e-03  0.000000e+00
1515  6.900000e-02  2.625000e-03  0.000000e+00
1516  6.900000e-02  3.000000e-03  0.000000e+00
1517  6.850000e-02  3.000000e-03  0.000000e+00
1518  7.000000e-02  2.625000e-03  0.000000e+00
1519  7.000000e-02  3.000000e-03  0.000000e+00
1520  6.950000e-02  3.000000e-03  0.000000e+00
1521  7.100000e-02  2.625000e-03  0.000000e+00
1522  7.100000e-02  3.000000e-03  0.000000e+00
1523  7.050000e-02  3.000000e-03  0.000000e+00
1524  7.200000e-02  2.625000e-03  0.000000e+00
1525  7.200000e-02  3.000000e-03  0.000000e+00
1526  7.150000e-02  3.000000e-03  0.000000e+00
1527  7.300000e-02  2.625000e-03  0.000000e+00
1528  7.300000e-02  3.000000e-03  0.000000e+00
1529  7.250000e-02  3.000000e-03  0.000000e+00
1530  7.400000e-02  2.625000e-03  0.000000e+00
1531  7.400000e-02  3.000000e-03  0.000000e+00
1532  7.350000e-02  3.000000e-03  0.000000e+00
1533  7.500000e-02  2.625000e-03  0.000000e+00
1534  7.500000e-02  3.000000e-03  0.000000e+00
1535  7.450000e-02  3.000000e-03  0.000000e+00
1536  7.600000e-02  2.625000e-03  0.000000e+00
1537  7.600000e-02  3.000000e-03  0.000000e+00
1538  7.550000e-02  3.000000e-03  0.000000e+00
1539  7.700000e-02  2.625000e-03  0.000000e+00
1540  7.700000e-02  3.000000e-03  0.000000e+00
1541  7.650000e-02  3.000000e-03  0.000000e+00
1542  7.800000e-02  2.625000e-03  0.000000e+00
1543  7.800000e-02  3.000000e-03  0.000000e+00
1544  7.750000e-02  3.000000e-03  0.000000e+00
1545  7.900000e-02  2.625000e-03  0.000000e+00
1546  7.900000e-02  3.000000e-03  0.000000e+00
1547  7.850000e-02  3.000000e-03  0.000000e+00
1548  8.000000e-02  2.625000e-03  0.000000e+00
1549  8.000000e-02  3.000000e-03  0.000000e+00
1550  7.950000e-02  3.000000e-03  0.000000e+00
1551  8.100000e-02  2.625000e-03  0.000000e+00
1552  8.100000e-02  3.000000e-03  0.000000e+00
1553  8.050000e-02  3.000000e-03  0.000000e+00
1554  8.200000e-02  2.625000e-03  0.000000e+00
1555  8.200000e-02  3.000000e-03  0.000000e+00
1556  8.150000e-02  3.000000e-03  0.000000e+00
1557  8.300000e-02  2.625000e-03  0.000000e+00
1558  8.300000e-02  3.000000e-03  0.000000e+00
1559  8.250000e-02  3.000000e-03  0.000000e+00
1560  8.400000e-02  2.625000e-03  0.000000e+00
1561  8.400000e-02  3.000000e-03  0.000000e+00
1562  8.350000e-02  3.000000e-03  0.000000e+00
1563  8.500000e-02  2.625000e-03  0.000000e+00
1564  8.500000e-02  3.000000e-03  0.000000e+00
1565  8.450000e-02  3.000000e-03  0.000000e+00
1566  8.600000e-02  2.625000e-03  0.000000e+00
1567  8.600000e-02  3.000000e-03  0.000000e+00
1568  8.550000e-02  3.000000e-03  0.000000e+00
1569  8.700000e-02  2.625000e-03  0.000000e+00
1570  8.700000e-02  3.000000e-03  0.000000e+00
1571  8.650000e-02  3.000000e-03  0.000000e+00
1572  8.800000e-02  2.625000e-03  0.000000e+00
1573  8.800000e-02  3.000000e-03  0.000000e+00
1574  8.750000e-02  3.000000e-03  0.000000e+00
1575  8.900000e-02  2.625000e-03  0.000000e+00
1576  8.900000e-02  3.000000e-03  0.000000e+00
1577  8.850000e-02  3.000000e-03  0.000000e+00
1578  9.000000e-02  2.625000e-03  0.000000e+00
1579  9.000000e-02  3.000000e-03  0.000000e+00
1580  8.950000e-02  3.000000e-03  0.000000e+00
1581  9.100000e-02  2.625000e-03  0.000000e+00
1582  9.100000e-02  3.000000e-03  0.000000e+00
1583  9.050000e-02  3.000000e-03  0.000000e+00
1584  9.200000e-02  2.625000e-03  0.000000e+00
1585  9.200000e-02  3.000000e-03  0.000000e+00
1586  9.150000e-02  3.000000e-03  0.000000e+00
1587  9.300000e-02  2.625000e-03  0.000000e+00
1588  9.300000e-02  3.000000e-03  0.000000e+00
1589  9.250000e-02  3.000000e-03  0.000000e+00
1590  9.400000e-02  2.625000e-03  0.000000e+00
1591  9.400000e-02  3.000000e-03  0.000000e+00
1592  9.350000e-02  3.000000e-03  0.000000e+00
1593  9.500000e-02  2.625000e-03  0.000000e+00
1594  9.500000e-02  3.000000e-03  0.000000e+00
1595  9.450000e-02  3.000000e-03  0.000000e+00
1596  9.600000e-02  2.625000e-03  0.000000e+00
1597  9.600000e-02  3.000000e-03  0.000000e+00
1598  9.550000e-02  3.000000e-03  0.000000e+00
1599  9.700000e-02  2.625000e-03  0.000000e+00
1600  9.700000e-02  3.000000e-03  0.000000e+00
1601  9.650000e-02  3.000000e-03  0.000000e+00
1602  9.800000e-02  2.625000e-03  0.000000e+00
1603  9.800000e-02  3.000000e-03  0.000000e+00
1604  9.750000e-02  3.000000e-03  0.000000e+00
1605  9.900000e-02  2.625000e-03  0.000000e+00
1606  9.900000e-02  3.000000e-03  0.000000e+00
1607  9.850000e-02  3.000000e-03  0.000000e+00
1608  1.000000e-01  2.625000e-03  0.000000e+00
1609  1.000000e-01  3.000000e-03  0.000000e+00
1610  9.950000e-02  3.000000e-03  0.000000e+00

%NODE.SUPPORT
11
1   1 1 1 0 0 0
7   1 1 1 0 0 0
8   1 1 1 0 0 0
507 1 1 1 0 0 0
508 1 1 1 0 0 0
806 1 1 1 0 0 0
1010 1 1 1 0 0 0
1011 1 1 1 0 0 0
1010 1 1 1 0 0 0
1312 1 1 1 0 0 0
1313 1 1 1 0 0 0

%MATERIAL
2

%MATERIAL.ISOTROPIC
1
1 69e9 0.33

%MATERIAL.CZM.MODEI.EXPONENTIAL
1
2  10e6  55.0

%%MATERIAL.CZM.MODEI.BILINEAR
1
2  10e6  55.0  1.0e13

%SECTION
2

%SECTION.HOMOGENEOUS.ISOTROPIC.2D
1
1  1  0.01

%SECTION.INTERFACE.2D
1
2  2  0.01

%INTEGRATION.ORDER
2
1    3    3    3    3    3    3
2    6    6    6    6    6    6
2    12   12   12  12   12   12
2    8    8    8    8    8    8

%ELEMENT
470

%ELEMENT.INTERFACE.L3
70
201     2   2   806 807 808 507 506 505
202     2   2   808 809 810 505 511 510
203     2   2   810 811 812 510 514 513
204     2   2   812 813 814 513 517 516
205     2   2   814 815 816 516 520 519
206     2   2   816 817 818 519 523 522
207     2   2   818 819 820 522 526 525
208     2   2   820 821 822 525 529 528
209     2   2   822 823 824 528 532 531
210     2   2   824 825 826 531 535 534
211     2   2   826 827 828 534 538 537
212     2   2   828 829 830 537 541 540
213     2   2   830 831 832 540 544 543
214     2   2   832 833 834 543 547 546
215     2   2   834 835 836 546 550 549
216     2   2   836 837 838 549 553 552
217     2   2   838 839 840 552 556 555
218     2   2   840 841 842 555 559 558
219     2   2   842 843 844 558 562 561
220     2   2   844 845 846 561 565 564
221     2   2   846 847 848 564 568 567
222     2   2   848 849 850 567 571 570
223     2   2   850 851 852 570 574 573
224     2   2   852 853 854 573 577 576
225     2   2   854 855 856 576 580 579
226     2   2   856 857 858 579 583 582
227     2   2   858 859 860 582 586 585
228     2   2   860 861 862 585 589 588
229     2   2   862 863 864 588 592 591
230     2   2   864 865 866 591 595 594
231     2   2   866 867 868 594 598 597
232     2   2   868 869 870 597 601 600
233     2   2   870 871 872 600 604 603
234     2   2   872 873 874 603 607 606
235     2   2   874 875 876 606 610 609
236     2   2   876 877 878 609 613 612
237     2   2   878 879 880 612 616 615
238     2   2   880 881 882 615 619 618
239     2   2   882 883 884 618 622 621
240     2   2   884 885 886 621 625 624
241     2   2   886 887 888 624 628 627
242     2   2   888 889 890 627 631 630
243     2   2   890 891 892 630 634 633
244     2   2   892 893 894 633 637 636
245     2   2   894 895 896 636 640 639
246     2   2   896 897 898 639 643 642
247     2   2   898 899 900 642 646 645
248     2   2   900 901 902 645 649 648
249     2   2   902 903 904 648 652 651
250     2   2   904 905 906 651 655 654
251     2   2   906 907 908 654 658 657
252     2   2   908 909 910 657 661 660
253     2   2   910 911 912 660 664 663
254     2   2   912 913 914 663 667 666
255     2   2   914 915 916 666 670 669
256     2   2   916 917 918 669 673 672
257     2   2   918 919 920 672 676 675
258     2   2   920 921 922 675 679 678
259     2   2   922 923 924 678 682 681
260     2   2   924 925 926 681 685 684
261     2   2   926 927 928 684 688 687
262     2   2   928 929 930 687 691 690
263     2   2   930 931 932 690 694 693
264     2   2   932 933 934 693 697 696
265     2   2   934 935 936 696 700 699
266     2   2   936 937 938 699 703 702
267     2   2   938 939 940 702 706 705
268     2   2   940 941 942 705 709 708
269     2   2   942 943 944 708 712 711
270     2   2   944 945 946 711 715 714

%ELEMENT.PLSTRESS.Q8
400
1     1   1   1 2 3 4 5 6 7 8
2     1   1   3 9 10 11 12 13 5 4
3     1   1   10 14 15 16 17 18 12 11
4     1   1   15 19 20 21 22 23 17 16
5     1   1   20 24 25 26 27 28 22 21
6     1   1   25 29 30 31 32 33 27 26
7     1   1   30 34 35 36 37 38 32 31
8     1   1   35 39 40 41 42 43 37 36
9     1   1   40 44 45 46 47 48 42 41
10     1   1   45 49 50 51 52 53 47 46
11     1   1   50 54 55 56 57 58 52 51
12     1   1   55 59 60 61 62 63 57 56
13     1   1   60 64 65 66 67 68 62 61
14     1   1   65 69 70 71 72 73 67 66
15     1   1   70 74 75 76 77 78 72 71
16     1   1   75 79 80 81 82 83 77 76
17     1   1   80 84 85 86 87 88 82 81
18     1   1   85 89 90 91 92 93 87 86
19     1   1   90 94 95 96 97 98 92 91
20     1   1   95 99 100 101 102 103 97 96
21     1   1   100 104 105 106 107 108 102 101
22     1   1   105 109 110 111 112 113 107 106
23     1   1   110 114 115 116 117 118 112 111
24     1   1   115 119 120 121 122 123 117 116
25     1   1   120 124 125 126 127 128 122 121
26     1   1   125 129 130 131 132 133 127 126
27     1   1   130 134 135 136 137 138 132 131
28     1   1   135 139 140 141 142 143 137 136
29     1   1   140 144 145 146 147 148 142 141
30     1   1   145 149 150 151 152 153 147 146
31     1   1   150 154 155 156 157 158 152 151
32     1   1   155 159 160 161 162 163 157 156
33     1   1   160 164 165 166 167 168 162 161
34     1   1   165 169 170 171 172 173 167 166
35     1   1   170 174 175 176 177 178 172 171
36     1   1   175 179 180 181 182 183 177 176
37     1   1   180 184 185 186 187 188 182 181
38     1   1   185 189 190 191 192 193 187 186
39     1   1   190 194 195 196 197 198 192 191
40     1   1   195 199 200 201 202 203 197 196
41     1   1   200 204 205 206 207 208 202 201
42     1   1   205 209 210 211 212 213 207 206
43     1   1   210 214 215 216 217 218 212 211
44     1   1   215 219 220 221 222 223 217 216
45     1   1   220 224 225 226 227 228 222 221
46     1   1   225 229 230 231 232 233 227 226
47     1   1   230 234 235 236 237 238 232 231
48     1   1   235 239 240 241 242 243 237 236
49     1   1   240 244 245 246 247 248 242 241
50     1   1   245 249 250 251 252 253 247 246
51     1   1   250 254 255 256 257 258 252 251
52     1   1   255 259 260 261 262 263 257 256
53     1   1   260 264 265 266 267 268 262 261
54     1   1   265 269 270 271 272 273 267 266
55     1   1   270 274 275 276 277 278 272 271
56     1   1   275 279 280 281 282 283 277 276
57     1   1   280 284 285 286 287 288 282 281
58     1   1   285 289 290 291 292 293 287 286
59     1   1   290 294 295 296 297 298 292 291
60     1   1   295 299 300 301 302 303 297 296
61     1   1   300 304 305 306 307 308 302 301
62     1   1   305 309 310 311 312 313 307 306
63     1   1   310 314 315 316 317 318 312 311
64     1   1   315 319 320 321 322 323 317 316
65     1   1   320 324 325 326 327 328 322 321
66     1   1   325 329 330 331 332 333 327 326
67     1   1   330 334 335 336 337 338 332 331
68     1   1   335 339 340 341 342 343 337 336
69     1   1   340 344 345 346 347 348 342 341
70     1   1   345 349 350 351 352 353 347 346
71     1   1   350 354 355 356 357 358 352 351
72     1   1   355 359 360 361 362 363 357 356
73     1   1   360 364 365 366 367 368 362 361
74     1   1   365 369 370 371 372 373 367 366
75     1   1   370 374 375 376 377 378 372 371
76     1   1   375 379 380 381 382 383 377 376
77     1   1   380 384 385 386 387 388 382 381
78     1   1   385 389 390 391 392 393 387 386
79     1   1   390 394 395 396 397 398 392 391
80     1   1   395 399 400 401 402 403 397 396
81     1   1   400 404 405 406 407 408 402 401
82     1   1   405 409 410 411 412 413 407 406
83     1   1   410 414 415 416 417 418 412 411
84     1   1   415 419 420 421 422 423 417 416
85     1   1   420 424 425 426 427 428 422 421
86     1   1   425 429 430 431 432 433 427 426
87     1   1   430 434 435 436 437 438 432 431
88     1   1   435 439 440 441 442 443 437 436
89     1   1   440 444 445 446 447 448 442 441
90     1   1   445 449 450 451 452 453 447 446
91     1   1   450 454 455 456 457 458 452 451
92     1   1   455 459 460 461 462 463 457 456
93     1   1   460 464 465 466 467 468 462 461
94     1   1   465 469 470 471 472 473 467 466
95     1   1   470 474 475 476 477 478 472 471
96     1   1   475 479 480 481 482 483 477 476
97     1   1   480 484 485 486 487 488 482 481
98     1   1   485 489 490 491 492 493 487 486
99     1   1   490 494 495 496 497 498 492 491
100     1   1   495 499 500 501 502 503 497 496
101     1   1   7 6 5 504 505 506 507 508
102     1   1   5 13 12 509 510 511 505 504
103     1   1   12 18 17 512 513 514 510 509
104     1   1   17 23 22 515 516 517 513 512
105     1   1   22 28 27 518 519 520 516 515
106     1   1   27 33 32 521 522 523 519 518
107     1   1   32 38 37 524 525 526 522 521
108     1   1   37 43 42 527 528 529 525 524
109     1   1   42 48 47 530 531 532 528 527
110     1   1   47 53 52 533 534 535 531 530
111     1   1   52 58 57 536 537 538 534 533
112     1   1   57 63 62 539 540 541 537 536
113     1   1   62 68 67 542 543 544 540 539
114     1   1   67 73 72 545 546 547 543 542
115     1   1   72 78 77 548 549 550 546 545
116     1   1   77 83 82 551 552 553 549 548
117     1   1   82 88 87 554 555 556 552 551
118     1   1   87 93 92 557 558 559 555 554
119     1   1   92 98 97 560 561 562 558 557
120     1   1   97 103 102 563 564 565 561 560
121     1   1   102 108 107 566 567 568 564 563
122     1   1   107 113 112 569 570 571 567 566
123     1   1   112 118 117 572 573 574 570 569
124     1   1   117 123 122 575 576 577 573 572
125     1   1   122 128 127 578 579 580 576 575
126     1   1   127 133 132 581 582 583 579 578
127     1   1   132 138 137 584 585 586 582 581
128     1   1   137 143 142 587 588 589 585 584
129     1   1   142 148 147 590 591 592 588 587
130     1   1   147 153 152 593 594 595 591 590
131     1   1   152 158 157 596 597 598 594 593
132     1   1   157 163 162 599 600 601 597 596
133     1   1   162 168 167 602 603 604 600 599
134     1   1   167 173 172 605 606 607 603 602
135     1   1   172 178 177 608 609 610 606 605
136     1   1   177 183 182 611 612 613 609 608
137     1   1   182 188 187 614 615 616 612 611
138     1   1   187 193 192 617 618 619 615 614
139     1   1   192 198 197 620 621 622 618 617
140     1   1   197 203 202 623 624 625 621 620
141     1   1   202 208 207 626 627 628 624 623
142     1   1   207 213 212 629 630 631 627 626
143     1   1   212 218 217 632 633 634 630 629
144     1   1   217 223 222 635 636 637 633 632
145     1   1   222 228 227 638 639 640 636 635
146     1   1   227 233 232 641 642 643 639 638
147     1   1   232 238 237 644 645 646 642 641
148     1   1   237 243 242 647 648 649 645 644
149     1   1   242 248 247 650 651 652 648 647
150     1   1   247 253 252 653 654 655 651 650
151     1   1   252 258 257 656 657 658 654 653
152     1   1   257 263 262 659 660 661 657 656
153     1   1   262 268 267 662 663 664 660 659
154     1   1   267 273 272 665 666 667 663 662
155     1   1   272 278 277 668 669 670 666 665
156     1   1   277 283 282 671 672 673 669 668
157     1   1   282 288 287 674 675 676 672 671
158     1   1   287 293 292 677 678 679 675 674
159     1   1   292 298 297 680 681 682 678 677
160     1   1   297 303 302 683 684 685 681 680
161     1   1   302 308 307 686 687 688 684 683
162     1   1   307 313 312 689 690 691 687 686
163     1   1   312 318 317 692 693 694 690 689
164     1   1   317 323 322 695 696 697 693 692
165     1   1   322 328 327 698 699 700 696 695
166     1   1   327 333 332 701 702 703 699 698
167     1   1   332 338 337 704 705 706 702 701
168     1   1   337 343 342 707 708 709 705 704
169     1   1   342 348 347 710 711 712 708 707
170     1   1   347 353 352 713 714 715 711 710
171     1   1   352 358 357 716 717 718 714 713
172     1   1   357 363 362 719 720 721 717 716
173     1   1   362 368 367 722 723 724 720 719
174     1   1   367 373 372 725 726 727 723 722
175     1   1   372 378 377 728 729 730 726 725
176     1   1   377 383 382 731 732 733 729 728
177     1   1   382 388 387 734 735 736 732 731
178     1   1   387 393 392 737 738 739 735 734
179     1   1   392 398 397 740 741 742 738 737
180     1   1   397 403 402 743 744 745 741 740
181     1   1   402 408 407 746 747 748 744 743
182     1   1   407 413 412 749 750 751 747 746
183     1   1   412 418 417 752 753 754 750 749
184     1   1   417 423 422 755 756 757 753 752
185     1   1   422 428 427 758 759 760 756 755
186     1   1   427 433 432 761 762 763 759 758
187     1   1   432 438 437 764 765 766 762 761
188     1   1   437 443 442 767 768 769 765 764
189     1   1   442 448 447 770 771 772 768 767
190     1   1   447 453 452 773 774 775 771 770
191     1   1   452 458 457 776 777 778 774 773
192     1   1   457 463 462 779 780 781 777 776
193     1   1   462 468 467 782 783 784 780 779
194     1   1   467 473 472 785 786 787 783 782
195     1   1   472 478 477 788 789 790 786 785
196     1   1   477 483 482 791 792 793 789 788
197     1   1   482 488 487 794 795 796 792 791
198     1   1   487 493 492 797 798 799 795 794
199     1   1   492 498 497 800 801 802 798 797
200     1   1   497 503 502 803 804 805 801 800
271     1   1   806 807 808 1007 1008 1009 1010 1011
272     1   1   808 809 810 1012 1013 1014 1008 1007
273     1   1   810 811 812 1015 1016 1017 1013 1012
274     1   1   812 813 814 1018 1019 1020 1016 1015
275     1   1   814 815 816 1021 1022 1023 1019 1018
276     1   1   816 817 818 1024 1025 1026 1022 1021
277     1   1   818 819 820 1027 1028 1029 1025 1024
278     1   1   820 821 822 1030 1031 1032 1028 1027
279     1   1   822 823 824 1033 1034 1035 1031 1030
280     1   1   824 825 826 1036 1037 1038 1034 1033
281     1   1   826 827 828 1039 1040 1041 1037 1036
282     1   1   828 829 830 1042 1043 1044 1040 1039
283     1   1   830 831 832 1045 1046 1047 1043 1042
284     1   1   832 833 834 1048 1049 1050 1046 1045
285     1   1   834 835 836 1051 1052 1053 1049 1048
286     1   1   836 837 838 1054 1055 1056 1052 1051
287     1   1   838 839 840 1057 1058 1059 1055 1054
288     1   1   840 841 842 1060 1061 1062 1058 1057
289     1   1   842 843 844 1063 1064 1065 1061 1060
290     1   1   844 845 846 1066 1067 1068 1064 1063
291     1   1   846 847 848 1069 1070 1071 1067 1066
292     1   1   848 849 850 1072 1073 1074 1070 1069
293     1   1   850 851 852 1075 1076 1077 1073 1072
294     1   1   852 853 854 1078 1079 1080 1076 1075
295     1   1   854 855 856 1081 1082 1083 1079 1078
296     1   1   856 857 858 1084 1085 1086 1082 1081
297     1   1   858 859 860 1087 1088 1089 1085 1084
298     1   1   860 861 862 1090 1091 1092 1088 1087
299     1   1   862 863 864 1093 1094 1095 1091 1090
300     1   1   864 865 866 1096 1097 1098 1094 1093
301     1   1   866 867 868 1099 1100 1101 1097 1096
302     1   1   868 869 870 1102 1103 1104 1100 1099
303     1   1   870 871 872 1105 1106 1107 1103 1102
304     1   1   872 873 874 1108 1109 1110 1106 1105
305     1   1   874 875 876 1111 1112 1113 1109 1108
306     1   1   876 877 878 1114 1115 1116 1112 1111
307     1   1   878 879 880 1117 1118 1119 1115 1114
308     1   1   880 881 882 1120 1121 1122 1118 1117
309     1   1   882 883 884 1123 1124 1125 1121 1120
310     1   1   884 885 886 1126 1127 1128 1124 1123
311     1   1   886 887 888 1129 1130 1131 1127 1126
312     1   1   888 889 890 1132 1133 1134 1130 1129
313     1   1   890 891 892 1135 1136 1137 1133 1132
314     1   1   892 893 894 1138 1139 1140 1136 1135
315     1   1   894 895 896 1141 1142 1143 1139 1138
316     1   1   896 897 898 1144 1145 1146 1142 1141
317     1   1   898 899 900 1147 1148 1149 1145 1144
318     1   1   900 901 902 1150 1151 1152 1148 1147
319     1   1   902 903 904 1153 1154 1155 1151 1150
320     1   1   904 905 906 1156 1157 1158 1154 1153
321     1   1   906 907 908 1159 1160 1161 1157 1156
322     1   1   908 909 910 1162 1163 1164 1160 1159
323     1   1   910 911 912 1165 1166 1167 1163 1162
324     1   1   912 913 914 1168 1169 1170 1166 1165
325     1   1   914 915 916 1171 1172 1173 1169 1168
326     1   1   916 917 918 1174 1175 1176 1172 1171
327     1   1   918 919 920 1177 1178 1179 1175 1174
328     1   1   920 921 922 1180 1181 1182 1178 1177
329     1   1   922 923 924 1183 1184 1185 1181 1180
330     1   1   924 925 926 1186 1187 1188 1184 1183
331     1   1   926 927 928 1189 1190 1191 1187 1186
332     1   1   928 929 930 1192 1193 1194 1190 1189
333     1   1   930 931 932 1195 1196 1197 1193 1192
334     1   1   932 933 934 1198 1199 1200 1196 1195
335     1   1   934 935 936 1201 1202 1203 1199 1198
336     1   1   936 937 938 1204 1205 1206 1202 1201
337     1   1   938 939 940 1207 1208 1209 1205 1204
338     1   1   940 941 942 1210 1211 1212 1208 1207
339     1   1   942 943 944 1213 1214 1215 1211 1210
340     1   1   944 945 946 1216 1217 1218 1214 1213
341     1   1   946 947 948 1219 1220 1221 1217 1216
342     1   1   948 949 950 1222 1223 1224 1220 1219
343     1   1   950 951 952 1225 1226 1227 1223 1222
344     1   1   952 953 954 1228 1229 1230 1226 1225
345     1   1   954 955 956 1231 1232 1233 1229 1228
346     1   1   956 957 958 1234 1235 1236 1232 1231
347     1   1   958 959 960 1237 1238 1239 1235 1234
348     1   1   960 961 962 1240 1241 1242 1238 1237
349     1   1   962 963 964 1243 1244 1245 1241 1240
350     1   1   964 965 966 1246 1247 1248 1244 1243
351     1   1   966 967 968 1249 1250 1251 1247 1246
352     1   1   968 969 970 1252 1253 1254 1250 1249
353     1   1   970 971 972 1255 1256 1257 1253 1252
354     1   1   972 973 974 1258 1259 1260 1256 1255
355     1   1   974 975 976 1261 1262 1263 1259 1258
356     1   1   976 977 978 1264 1265 1266 1262 1261
357     1   1   978 979 980 1267 1268 1269 1265 1264
358     1   1   980 981 982 1270 1271 1272 1268 1267
359     1   1   982 983 984 1273 1274 1275 1271 1270
360     1   1   984 985 986 1276 1277 1278 1274 1273
361     1   1   986 987 988 1279 1280 1281 1277 1276
362     1   1   988 989 990 1282 1283 1284 1280 1279
363     1   1   990 991 992 1285 1286 1287 1283 1282
364     1   1   992 993 994 1288 1289 1290 1286 1285
365     1   1   994 995 996 1291 1292 1293 1289 1288
366     1   1   996 997 998 1294 1295 1296 1292 1291
367     1   1   998 999 1000 1297 1298 1299 1295 1294
368     1   1   1000 1001 1002 1300 1301 1302 1298 1297
369     1   1   1002 1003 1004 1303 1304 1305 1301 1300
370     1   1   1004 1005 1006 1306 1307 1308 1304 1303
371     1   1   1010 1009 1008 1309 1310 1311 1312 1313
372     1   1   1008 1014 1013 1314 1315 1316 1310 1309
373     1   1   1013 1017 1016 1317 1318 1319 1315 1314
374     1   1   1016 1020 1019 1320 1321 1322 1318 1317
375     1   1   1019 1023 1022 1323 1324 1325 1321 1320
376     1   1   1022 1026 1025 1326 1327 1328 1324 1323
377     1   1   1025 1029 1028 1329 1330 1331 1327 1326
378     1   1   1028 1032 1031 1332 1333 1334 1330 1329
379     1   1   1031 1035 1034 1335 1336 1337 1333 1332
380     1   1   1034 1038 1037 1338 1339 1340 1336 1335
381     1   1   1037 1041 1040 1341 1342 1343 1339 1338
382     1   1   1040 1044 1043 1344 1345 1346 1342 1341
383     1   1   1043 1047 1046 1347 1348 1349 1345 1344
384     1   1   1046 1050 1049 1350 1351 1352 1348 1347
385     1   1   1049 1053 1052 1353 1354 1355 1351 1350
386     1   1   1052 1056 1055 1356 1357 1358 1354 1353
387     1   1   1055 1059 1058 1359 1360 1361 1357 1356
388     1   1   1058 1062 1061 1362 1363 1364 1360 1359
389     1   1   1061 1065 1064 1365 1366 1367 1363 1362
390     1   1   1064 1068 1067 1368 1369 1370 1366 1365
391     1   1   1067 1071 1070 1371 1372 1373 1369 1368
392     1   1   1070 1074 1073 1374 1375 1376 1372 1371
393     1   1   1073 1077 1076 1377 1378 1379 1375 1374
394     1   1   1076 1080 1079 1380 1381 1382 1378 1377
395     1   1   1079 1083 1082 1383 1384 1385 1381 1380
396     1   1   1082 1086 1085 1386 1387 1388 1384 1383
397     1   1   1085 1089 1088 1389 1390 1391 1387 1386
398     1   1   1088 1092 1091 1392 1393 1394 1390 1389
399     1   1   1091 1095 1094 1395 1396 1397 1393 1392
400     1   1   1094 1098 1097 1398 1399 1400 1396 1395
401     1   1   1097 1101 1100 1401 1402 1403 1399 1398
402     1   1   1100 1104 1103 1404 1405 1406 1402 1401
403     1   1   1103 1107 1106 1407 1408 1409 1405 1404
404     1   1   1106 1110 1109 1410 1411 1412 1408 1407
405     1   1   1109 1113 1112 1413 1414 1415 1411 1410
406     1   1   1112 1116 1115 1416 1417 1418 1414 1413
407     1   1   1115 1119 1118 1419 1420 1421 1417 1416
408     1   1   1118 1122 1121 1422 1423 1424 1420 1419
409     1   1   1121 1125 1124 1425 1426 1427 1423 1422
410     1   1   1124 1128 1127 1428 1429 1430 1426 1425
411     1   1   1127 1131 1130 1431 1432 1433 1429 1428
412     1   1   1130 1134 1133 1434 1435 1436 1432 1431
413     1   1   1133 1137 1136 1437 1438 1439 1435 1434
414     1   1   1136 1140 1139 1440 1441 1442 1438 1437
415     1   1   1139 1143 1142 1443 1444 1445 1441 1440
416     1   1   1142 1146 1145 1446 1447 1448 1444 1443
417     1   1   1145 1149 1148 1449 1450 1451 1447 1446
418     1   1   1148 1152 1151 1452 1453 1454 1450 1449
419     1   1   1151 1155 1154 1455 1456 1457 1453 1452
420     1   1   1154 1158 1157 1458 1459 1460 1456 1455
421     1   1   1157 1161 1160 1461 1462 1463 1459 1458
422     1   1   1160 1164 1163 1464 1465 1466 1462 1461
423     1   1   1163 1167 1166 1467 1468 1469 1465 1464
424     1   1   1166 1170 1169 1470 1471 1472 1468 1467
425     1   1   1169 1173 1172 1473 1474 1475 1471 1470
426     1   1   1172 1176 1175 1476 1477 1478 1474 1473
427     1   1   1175 1179 1178 1479 1480 1481 1477 1476
428     1   1   1178 1182 1181 1482 1483 1484 1480 1479
429     1   1   1181 1185 1184 1485 1486 1487 1483 1482
430     1   1   1184 1188 1187 1488 1489 1490 1486 1485
431     1   1   1187 1191 1190 1491 1492 1493 1489 1488
432     1   1   1190 1194 1193 1494 1495 1496 1492 1491
433     1   1   1193 1197 1196 1497 1498 1499 1495 1494
434     1   1   1196 1200 1199 1500 1501 1502 1498 1497
435     1   1   1199 1203 1202 1503 1504 1505 1501 1500
436     1   1   1202 1206 1205 1506 1507 1508 1504 1503
437     1   1   1205 1209 1208 1509 1510 1511 1507 1506
438     1   1   1208 1212 1211 1512 1513 1514 1510 1509
439     1   1   1211 1215 1214 1515 1516 1517 1513 1512
440     1   1   1214 1218 1217 1518 1519 1520 1516 1515
441     1   1   1217 1221 1220 1521 1522 1523 1519 1518
442     1   1   1220 1224 1223 1524 1525 1526 1522 1521
443     1   1   1223 1227 1226 1527 1528 1529 1525 1524
444     1   1   1226 1230 1229 1530 1531 1532 1528 1527
445     1   1   1229 1233 1232 1533 1534 1535 1531 1530
446     1   1   1232 1236 1235 1536 1537 1538 1534 1533
447     1   1   1235 1239 1238 1539 1540 1541 1537 1536
448     1   1   1238 1242 1241 1542 1543 1544 1540 1539
449     1   1   1241 1245 1244 1545 1546 1547 1543 1542
450     1   1   1244 1248 1247 1548 1549 1550 1546 1545
451     1   1   1247 1251 1250 1551 1552 1553 1549 1548
452     1   1   1250 1254 1253 1554 1555 1556 1552 1551
453     1   1   1253 1257 1256 1557 1558 1559 1555 1554
454     1   1   1256 1260 1259 1560 1561 1562 1558 1557
455     1   1   1259 1263 1262 1563 1564 1565 1561 1560
456     1   1   1262 1266 1265 1566 1567 1568 1564 1563
457     1   1   1265 1269 1268 1569 1570 1571 1567 1566
458     1   1   1268 1272 1271 1572 1573 1574 1570 1569
459     1   1   1271 1275 1274 1575 1576 1577 1573 1572
460     1   1   1274 1278 1277 1578 1579 1580 1576 1575
461     1   1   1277 1281 1280 1581 1582 1583 1579 1578
462     1   1   1280 1284 1283 1584 1585 1586 1582 1581
463     1   1   1283 1287 1286 1587 1588 1589 1585 1584
464     1   1   1286 1290 1289 1590 1591 1592 1588 1587
465     1   1   1289 1293 1292 1593 1594 1595 1591 1590
466     1   1   1292 1296 1295 1596 1597 1598 1594 1593
467     1   1   1295 1299 1298 1599 1600 1601 1597 1596
468     1   1   1298 1302 1301 1602 1603 1604 1600 1599
469     1   1   1301 1305 1304 1605 1606 1607 1603 1602
470     1   1   1304 1308 1307 1608 1609 1610 1606 1605

%LOAD.CASE.LINE.FORCE.UNIFORM
4
100   500   502   0   0.0   -666.666666   0.0
200   502   804   0   0.0   -666.666666   0.0
370  1006  1307   0   0.0    666.666666   0.0
470  1307  1609   0   0.0    666.666666   0.0

%END

