%HEADER

%NODE
8

%NODE.COORD
8
1     0.000000     0.000000     0.000000
2     0.000000     0.050000     0.000000
3     0.000000     0.100000     0.000000
4     1.000000     0.000000     0.000000
5     1.000000     0.100000     0.000000
6     2.000000     0.000000     0.000000
7     2.000000     0.050000     0.000000
8     2.000000     0.100000     0.000000

%NODE.SUPPORT
3
1        1       0       0       0       0       0
2        1       1       0       0       0       0
3        1       0       0       0       0       0

%MATERIAL
1

%MATERIAL.FGM
1
1       2.0e11    0.0    2000.0   3.0e11    0.0   3000.0   1

%SECTION
1

%SECTION.FGM.2D
1
1       1      0.02     8
1       0.0
2       0.0
3       0.0
4       0.5
5       0.5
6       1.0
7       1.0
8       1.0

%INTEGRATION.ORDER
1
1	2	2	1	2	2	1
1	3	3	1	3	3	1

%ELEMENT
1

%ELEMENT.PLSTRESS.Q8
1
1  1   1   1   4   6   7   8   5   3   2

%LOAD
1
1       'Load_Case_1'

%LOAD.CASE
1

%LOAD.CASE.LINE.FORCE.UNIFORM
1
1      6	8	0	1.0e6	0.0	0.0

%END
