%HEADER

%NODE
45

%NODE.COORD
45
1     0.000000e+00  0.000000e+00  0.000000e+00
2     0.000000e+00  5.000000e-01  0.000000e+00
3     0.000000e+00  1.000000e+00  0.000000e+00
4     0.000000e+00  1.500000e+00  0.000000e+00
5     0.000000e+00  2.000000e+00  0.000000e+00
6     1.250000e+00  0.000000e+00  0.000000e+00
7     1.250000e+00  5.000000e-01  0.000000e+00
8     1.250000e+00  1.000000e+00  0.000000e+00
9     1.250000e+00  1.500000e+00  0.000000e+00
10    1.250000e+00  2.000000e+00  0.000000e+00
11    2.500000e+00  0.000000e+00  0.000000e+00
12    2.500000e+00  5.000000e-01  0.000000e+00
13    2.500000e+00  1.000000e+00  0.000000e+00
14    2.500000e+00  1.500000e+00  0.000000e+00
15    2.500000e+00  2.000000e+00  0.000000e+00
16    3.750000e+00  0.000000e+00  0.000000e+00
17    3.750000e+00  5.000000e-01  0.000000e+00
18    3.750000e+00  1.000000e+00  0.000000e+00
19    3.750000e+00  1.500000e+00  0.000000e+00
20    3.750000e+00  2.000000e+00  0.000000e+00
21    5.000000e+00  0.000000e+00  0.000000e+00
22    5.000000e+00  5.000000e-01  0.000000e+00
23    5.000000e+00  1.000000e+00  0.000000e+00
24    5.000000e+00  1.500000e+00  0.000000e+00
25    5.000000e+00  2.000000e+00  0.000000e+00
26    6.250000e+00  0.000000e+00  0.000000e+00
27    6.250000e+00  5.000000e-01  0.000000e+00
28    6.250000e+00  1.000000e+00  0.000000e+00
29    6.250000e+00  1.500000e+00  0.000000e+00
30    6.250000e+00  2.000000e+00  0.000000e+00
31    7.500000e+00  0.000000e+00  0.000000e+00
32    7.500000e+00  5.000000e-01  0.000000e+00
33    7.500000e+00  1.000000e+00  0.000000e+00
34    7.500000e+00  1.500000e+00  0.000000e+00
35    7.500000e+00  2.000000e+00  0.000000e+00
36    8.750000e+00  0.000000e+00  0.000000e+00
37    8.750000e+00  5.000000e-01  0.000000e+00
38    8.750000e+00  1.000000e+00  0.000000e+00
39    8.750000e+00  1.500000e+00  0.000000e+00
40    8.750000e+00  2.000000e+00  0.000000e+00
41    1.000000e+01  0.000000e+00  0.000000e+00
42    1.000000e+01  5.000000e-01  0.000000e+00
43    1.000000e+01  1.000000e+00  0.000000e+00
44    1.000000e+01  1.500000e+00  0.000000e+00
45    1.000000e+01  2.000000e+00  0.000000e+00

%NODE.SUPPORT
5
1     1     0     0     0     0     0   
2     1     0     0     0     0     0   
3     1     1     0     0     0     0   
4     1     0     0     0     0     0   
5     1     0     0     0     0     0   

%MATERIAL
1

%MATERIAL.FGM
1
1       0.0    0.3    1000.0   4.0    0.3   4000.0   1

%SECTION
1

%SECTION.FGM.2D
1
1       1      1.0     45
1     1.0000
2     0.7071
3     0.5000
4     0.3536
5     0.2500
6     1.0000
7     0.7071
8     0.5000
9     0.3536
10    0.2500
11    1.0000
12    0.7071
13    0.5000
14    0.3536
15    0.2500
16    1.0000
17    0.7071
18    0.5000
19    0.3536
20    0.2500
21    1.0000
22    0.7071
23    0.5000
24    0.3536
25    0.2500
26    1.0000
27    0.7071
28    0.5000
29    0.3536
30    0.2500
31    1.0000
32    0.7071
33    0.5000
34    0.3536
35    0.2500
36    1.0000
37    0.7071
38    0.5000
39    0.3536
40    0.2500
41    1.0000
42    0.7071
43    0.5000
44    0.3536
45    0.2500

%INTEGRATION.ORDER
1
1    2    2    2    2    2    2

%ELEMENT
32

%ELEMENT.PLSTRESS.Q4
32
1    1   1     1    6    7    2 
2    1   1     2    7    8    3 
3    1   1     3    8    9    4 
4    1   1     4    9   10    5 
5    1   1     6   11   12    7 
6    1   1     7   12   13    8 
7    1   1     8   13   14    9 
8    1   1     9   14   15   10 
9    1   1    11   16   17   12 
10   1   1    12   17   18   13 
11   1   1    13   18   19   14 
12   1   1    14   19   20   15 
13   1   1    16   21   22   17 
14   1   1    17   22   23   18 
15   1   1    18   23   24   19 
16   1   1    19   24   25   20 
17   1   1    21   26   27   22 
18   1   1    22   27   28   23 
19   1   1    23   28   29   24 
20   1   1    24   29   30   25 
21   1   1    26   31   32   27 
22   1   1    27   32   33   28 
23   1   1    28   33   34   29 
24   1   1    29   34   35   30 
25   1   1    31   36   37   32 
26   1   1    32   37   38   33 
27   1   1    33   38   39   34 
28   1   1    34   39   40   35 
29   1   1    36   41   42   37 
30   1   1    37   42   43   38 
31   1   1    38   43   44   39 
32   1   1    39   44   45   40 

%LOAD
1
1 'case1'

%LOAD.CASE
1

%LOAD.CASE.LINE.FORCE.UNIFORM
4
29   41   42   0   1.0   0.0   0.0
30   42   43   0   1.0   0.0   0.0
31   43   44   0   1.0   0.0   0.0
32   44   45   0   1.0   0.0   0.0

%END

%MATERIAL.ISOTROPIC
1
1       2.0e11    0.3

%SECTION.HOMOGENEOUS.ISOTROPIC.2D
1
1       1      1.0

